0 5e-07
100 9.68895e-05
200 0.000177597
300 0.000246079
400 0.000306248
500 0.000360173
600 0.000409001
700 0.000453445
800 0.000494001
900 0.000531057
1000 0.000564935
1100 0.000595918
1200 0.000624258
1300 0.000650181
1400 0.000673894
1500 0.000695587
1600 0.000715432
1700 0.000733586
1800 0.000750193
1900 0.000765385
2000 0.000779283
2100 0.000791997
2200 0.000803628
2300 0.000814268
2400 0.000824001
2500 0.000832905
2600 0.000841051
2700 0.000848502
2800 0.000855319
2900 0.000861555
3000 0.000867259
3100 0.000872478
3200 0.000877252
3300 0.000881619
3400 0.000885614
3500 0.000889269
3600 0.000892613
3700 0.000895671
3800 0.000898469
3900 0.000901029
4000 0.000903371
4100 0.000905513
4200 0.000907472
4300 0.000909265
4400 0.000910905
4500 0.000912405
4600 0.000913777
4700 0.000915033
4800 0.000916181
4900 0.000917232
5000 0.000918193
5100 0.000919072
5200 0.000919877
5300 0.000920612
5400 0.000921286
5500 0.000921901
5600 0.000922465
5700 0.00092298
5800 0.000923451
5900 0.000923883
6000 0.000924277
6100 0.000924638
6200 0.000924968
6300 0.00092527
6400 0.000925546
6500 0.000925799
6600 0.00092603
6700 0.000926242
6800 0.000926435
6900 0.000926612
7000 0.000926774
7100 0.000926923
7200 0.000927058
7300 0.000927182
7400 0.000927295
7500 0.000927399
7600 0.000927494
7700 0.000927581
7800 0.00092766
7900 0.000927733
8000 0.0009278
8100 0.00092786
8200 0.000927916
8300 0.000927967
8400 0.000928013
8500 0.000928056
8600 0.000928095
8700 0.000928131
8800 0.000928163
8900 0.000928193
9000 0.00092822
9100 0.000928245
9200 0.000928268
9300 0.000928289
9400 0.000928308
9500 0.000928326
9600 0.000928342
9700 0.000928356
9800 0.00092837
9900 0.000928382
10000 0.000928393
10100 0.000928403
10200 0.000928413
10300 0.000928421
10400 0.000928429
10500 0.000928436
10600 0.000928443
10700 0.000928449
10800 0.000928454
10900 0.000928459
11000 0.000928464
11100 0.000928468
11200 0.000928472
11300 0.000928475
11400 0.000928479
11500 0.000928482
11600 0.000928484
11700 0.000928487
11800 0.000928489
11900 0.000928491
12000 0.000928493
12100 0.000928495
12200 0.000928496
12300 0.000928498
12400 0.000928499
12500 0.0009285
12600 0.000928501
12700 0.000928502
