0 5e-07
50 2.10599e-05
100 3.35932e-05
150 4.35234e-05
200 5.2012e-05
250 5.95495e-05
300 6.63984e-05
350 7.27188e-05
400 7.86172e-05
450 8.41682e-05
500 8.94268e-05
550 9.44349e-05
600 9.92253e-05
650 0.000103824
700 0.000108252
750 0.000112528
800 0.000116666
850 0.000120679
900 0.000124577
950 0.000128369
1000 0.000132065
1050 0.00013567
1100 0.000139191
1150 0.000142635
1200 0.000146005
1250 0.000149306
1300 0.000152542
1350 0.000155718
1400 0.000158836
1450 0.000161899
1500 0.00016491
1550 0.000167872
1600 0.000170787
1650 0.000173657
1700 0.000176484
1750 0.00017927
1800 0.000182017
1850 0.000184726
1900 0.000187399
1950 0.000190037
2000 0.000192642
2050 0.000195214
2100 0.000197755
2150 0.000200266
2200 0.000202748
2250 0.000205201
2300 0.000207627
2350 0.000210027
2400 0.000212401
2450 0.000214751
2500 0.000217075
2550 0.000219377
2600 0.000221655
2650 0.000223911
2700 0.000226145
2750 0.000228357
2800 0.000230549
2850 0.000232721
2900 0.000234872
2950 0.000237004
3000 0.000239117
3050 0.000241211
3100 0.000243287
3150 0.000245345
3200 0.000247386
3250 0.000249409
3300 0.000251415
3350 0.000253404
3400 0.000255376
3450 0.000257333
3500 0.000259274
3550 0.000261198
3600 0.000263108
3650 0.000265002
3700 0.000266881
3750 0.000268745
3800 0.000270595
3850 0.00027243
3900 0.000274251
3950 0.000276058
4000 0.000277851
4050 0.000279631
4100 0.000281396
4150 0.000283149
4200 0.000284888
4250 0.000286614
4300 0.000288327
4350 0.000290027
4400 0.000291714
4450 0.000293389
4500 0.000295052
4550 0.000296702
4600 0.00029834
4650 0.000299966
4700 0.000301579
4750 0.000303181
4800 0.000304772
4850 0.00030635
4900 0.000307918
4950 0.000309473
5000 0.000311018
5050 0.000312551
5100 0.000314073
5150 0.000315584
5200 0.000317084
5250 0.000318573
5300 0.000320052
5350 0.000321519
5400 0.000322977
5450 0.000324423
5500 0.00032586
5550 0.000327286
5600 0.000328701
5650 0.000330107
5700 0.000331503
5750 0.000332888
5800 0.000334264
5850 0.000335629
5900 0.000336985
5950 0.000338332
6000 0.000339668
6050 0.000340995
6100 0.000342313
6150 0.000343621
6200 0.00034492
6250 0.00034621
6300 0.00034749
6350 0.000348762
6400 0.000350024
6450 0.000351277
6500 0.000352522
6550 0.000353757
6600 0.000354984
6650 0.000356202
6700 0.000357411
6750 0.000358612
6800 0.000359804
6850 0.000360988
6900 0.000362163
6950 0.00036333
7000 0.000364489
7050 0.000365639
7100 0.000366781
7150 0.000367915
7200 0.000369042
7250 0.00037016
7300 0.00037127
7350 0.000372372
7400 0.000373467
7450 0.000374553
7500 0.000375632
7550 0.000376704
7600 0.000377767
7650 0.000378823
7700 0.000379872
7750 0.000380913
7800 0.000381947
7850 0.000382974
7900 0.000383993
7950 0.000385005
8000 0.00038601
8050 0.000387008
8100 0.000387998
8150 0.000388982
8200 0.000389959
8250 0.000390928
8300 0.000391891
8350 0.000392847
8400 0.000393797
8450 0.000394739
8500 0.000395675
8550 0.000396604
8600 0.000397527
8650 0.000398443
8700 0.000399352
8750 0.000400256
8800 0.000401152
8850 0.000402043
8900 0.000402927
8950 0.000403805
9000 0.000404676
9050 0.000405542
9100 0.000406401
9150 0.000407254
9200 0.000408101
9250 0.000408942
9300 0.000409778
9350 0.000410607
9400 0.00041143
9450 0.000412248
9500 0.00041306
9550 0.000413866
9600 0.000414666
9650 0.000415461
9700 0.00041625
9750 0.000417033
9800 0.000417811
9850 0.000418583
9900 0.00041935
9950 0.000420112
10000 0.000420868
10050 0.000421618
10100 0.000422364
10150 0.000423104
10200 0.000423839
10250 0.000424568
10300 0.000425293
10350 0.000426012
10400 0.000426727
10450 0.000427436
10500 0.00042814
10550 0.000428839
10600 0.000429533
10650 0.000430223
10700 0.000430907
10750 0.000431587
10800 0.000432261
10850 0.000432931
10900 0.000433597
10950 0.000434257
11000 0.000434913
11050 0.000435564
11100 0.000436211
11150 0.000436853
11200 0.00043749
11250 0.000438123
11300 0.000438752
11350 0.000439376
11400 0.000439995
11450 0.00044061
11500 0.000441221
11550 0.000441828
11600 0.00044243
11650 0.000443028
11700 0.000443622
11750 0.000444211
11800 0.000444796
11850 0.000445378
11900 0.000445955
11950 0.000446528
12000 0.000447096
12050 0.000447661
12100 0.000448222
12150 0.000448779
12200 0.000449332
12250 0.000449881
12300 0.000450426
12350 0.000450968
12400 0.000451505
12450 0.000452039
12500 0.000452569
12550 0.000453095
12600 0.000453617
12650 0.000454136
12700 0.000454651
12750 0.000455162
12800 0.00045567
12850 0.000456174
12900 0.000456675
12950 0.000457172
13000 0.000457665
13050 0.000458155
13100 0.000458642
13150 0.000459125
13200 0.000459604
13250 0.000460081
13300 0.000460554
13350 0.000461023
13400 0.000461489
13450 0.000461952
13500 0.000462412
13550 0.000462868
13600 0.000463321
13650 0.000463771
13700 0.000464218
13750 0.000464662
13800 0.000465102
13850 0.000465539
13900 0.000465974
13950 0.000466405
14000 0.000466833
14050 0.000467258
14100 0.00046768
14150 0.000468099
14200 0.000468515
14250 0.000468928
14300 0.000469339
14350 0.000469746
14400 0.00047015
14450 0.000470552
14500 0.000470951
14550 0.000471346
14600 0.00047174
14650 0.00047213
14700 0.000472517
14750 0.000472902
14800 0.000473284
14850 0.000473664
14900 0.00047404
14950 0.000474414
15000 0.000474786
15050 0.000475154
15100 0.00047552
15150 0.000475884
15200 0.000476245
15250 0.000476603
15300 0.000476959
15350 0.000477312
15400 0.000477663
15450 0.000478012
15500 0.000478357
15550 0.000478701
15600 0.000479042
15650 0.00047938
15700 0.000479717
15750 0.00048005
15800 0.000480382
15850 0.000480711
15900 0.000481038
15950 0.000481362
16000 0.000481684
16050 0.000482004
16100 0.000482322
16150 0.000482637
16200 0.00048295
16250 0.000483261
16300 0.00048357
16350 0.000483876
16400 0.00048418
16450 0.000484483
16500 0.000484783
16550 0.000485081
16600 0.000485376
16650 0.00048567
16700 0.000485962
16750 0.000486251
16800 0.000486539
16850 0.000486824
16900 0.000487108
16950 0.000487389
17000 0.000487668
17050 0.000487946
17100 0.000488221
17150 0.000488495
17200 0.000488767
17250 0.000489036
17300 0.000489304
17350 0.00048957
17400 0.000489834
17450 0.000490096
17500 0.000490356
17550 0.000490615
17600 0.000490871
17650 0.000491126
17700 0.000491379
17750 0.00049163
17800 0.000491879
17850 0.000492127
17900 0.000492373
17950 0.000492617
18000 0.000492859
18050 0.0004931
18100 0.000493339
18150 0.000493576
18200 0.000493812
18250 0.000494046
18300 0.000494278
18350 0.000494509
18400 0.000494738
18450 0.000494965
18500 0.000495191
18550 0.000495415
18600 0.000495638
18650 0.000495859
18700 0.000496078
18750 0.000496296
18800 0.000496512
18850 0.000496727
18900 0.00049694
18950 0.000497152
19000 0.000497362
19050 0.000497571
19100 0.000497779
19150 0.000497984
19200 0.000498189
19250 0.000498392
19300 0.000498593
19350 0.000498793
19400 0.000498992
19450 0.000499189
19500 0.000499385
19550 0.000499579
19600 0.000499772
19650 0.000499964
19700 0.000500155
19750 0.000500344
19800 0.000500531
19850 0.000500718
19900 0.000500903
19950 0.000501086
20000 0.000501269
20050 0.00050145
20100 0.00050163
20150 0.000501808
20200 0.000501985
20250 0.000502161
20300 0.000502336
20350 0.00050251
20400 0.000502682
20450 0.000502853
20500 0.000503023
20550 0.000503192
20600 0.000503359
20650 0.000503526
20700 0.000503691
20750 0.000503855
20800 0.000504017
20850 0.000504179
20900 0.000504339
20950 0.000504499
21000 0.000504657
21050 0.000504814
21100 0.00050497
21150 0.000505125
21200 0.000505279
21250 0.000505432
21300 0.000505583
21350 0.000505734
21400 0.000505883
21450 0.000506032
21500 0.000506179
21550 0.000506325
21600 0.000506471
21650 0.000506615
21700 0.000506758
21750 0.0005069
21800 0.000507041
21850 0.000507182
21900 0.000507321
21950 0.000507459
22000 0.000507596
22050 0.000507733
22100 0.000507868
22150 0.000508002
22200 0.000508136
22250 0.000508268
22300 0.0005084
22350 0.00050853
22400 0.00050866
22450 0.000508789
22500 0.000508917
22550 0.000509043
22600 0.000509169
22650 0.000509295
22700 0.000509419
22750 0.000509542
22800 0.000509665
22850 0.000509786
22900 0.000509907
22950 0.000510027
23000 0.000510146
23050 0.000510264
23100 0.000510382
23150 0.000510498
23200 0.000510614
23250 0.000510729
23300 0.000510843
23350 0.000510956
23400 0.000511069
23450 0.00051118
23500 0.000511291
23550 0.000511401
23600 0.000511511
23650 0.000511619
23700 0.000511727
23750 0.000511834
23800 0.00051194
23850 0.000512046
23900 0.000512151
23950 0.000512255
24000 0.000512358
24050 0.00051246
24100 0.000512562
24150 0.000512663
24200 0.000512764
24250 0.000512863
24300 0.000512962
24350 0.000513061
24400 0.000513158
24450 0.000513255
24500 0.000513351
24550 0.000513447
24600 0.000513542
24650 0.000513636
24700 0.000513729
24750 0.000513822
24800 0.000513914
24850 0.000514006
24900 0.000514097
24950 0.000514187
25000 0.000514276
25050 0.000514365
25100 0.000514454
25150 0.000514541
25200 0.000514628
25250 0.000514715
25300 0.000514801
25350 0.000514886
25400 0.000514971
25450 0.000515055
25500 0.000515138
25550 0.000515221
25600 0.000515303
25650 0.000515385
25700 0.000515466
25750 0.000515547
25800 0.000515627
25850 0.000515706
25900 0.000515785
25950 0.000515863
26000 0.000515941
26050 0.000516018
26100 0.000516095
26150 0.000516171
26200 0.000516246
26250 0.000516321
26300 0.000516396
26350 0.00051647
26400 0.000516543
26450 0.000516616
26500 0.000516688
26550 0.00051676
26600 0.000516831
26650 0.000516902
26700 0.000516973
26750 0.000517043
26800 0.000517112
26850 0.000517181
26900 0.000517249
26950 0.000517317
27000 0.000517384
27050 0.000517451
27100 0.000517518
27150 0.000517584
27200 0.000517649
27250 0.000517714
27300 0.000517779
27350 0.000517843
27400 0.000517907
27450 0.00051797
27500 0.000518033
27550 0.000518095
27600 0.000518157
27650 0.000518219
27700 0.00051828
27750 0.00051834
27800 0.0005184
27850 0.00051846
27900 0.000518519
27950 0.000518578
28000 0.000518637
28050 0.000518695
28100 0.000518753
28150 0.00051881
28200 0.000518867
28250 0.000518923
28300 0.000518979
28350 0.000519035
28400 0.00051909
28450 0.000519145
28500 0.000519199
28550 0.000519253
28600 0.000519307
28650 0.00051936
28700 0.000519413
28750 0.000519466
28800 0.000519518
28850 0.00051957
28900 0.000519621
28950 0.000519672
29000 0.000519723
29050 0.000519774
29100 0.000519824
29150 0.000519873
29200 0.000519922
29250 0.000519971
29300 0.00052002
29350 0.000520068
29400 0.000520116
29450 0.000520164
29500 0.000520211
29550 0.000520258
29600 0.000520305
29650 0.000520351
29700 0.000520397
29750 0.000520442
29800 0.000520488
29850 0.000520533
29900 0.000520577
29950 0.000520622
30000 0.000520666
30050 0.000520709
30100 0.000520753
30150 0.000520796
30200 0.000520838
30250 0.000520881
30300 0.000520923
30350 0.000520965
30400 0.000521007
30450 0.000521048
30500 0.000521089
30550 0.000521129
30600 0.00052117
30650 0.00052121
30700 0.00052125
30750 0.000521289
30800 0.000521329
30850 0.000521368
30900 0.000521406
30950 0.000521445
31000 0.000521483
31050 0.000521521
31100 0.000521559
31150 0.000521596
31200 0.000521633
31250 0.00052167
31300 0.000521706
31350 0.000521743
31400 0.000521779
31450 0.000521815
31500 0.00052185
31550 0.000521885
31600 0.00052192
31650 0.000521955
31700 0.00052199
31750 0.000522024
31800 0.000522058
31850 0.000522092
31900 0.000522126
31950 0.000522159
32000 0.000522192
32050 0.000522225
32100 0.000522258
32150 0.00052229
32200 0.000522322
32250 0.000522354
32300 0.000522386
32350 0.000522417
32400 0.000522449
32450 0.00052248
32500 0.000522511
32550 0.000522541
32600 0.000522572
32650 0.000522602
32700 0.000522632
32750 0.000522662
32800 0.000522691
32850 0.00052272
32900 0.00052275
32950 0.000522778
33000 0.000522807
33050 0.000522836
33100 0.000522864
33150 0.000522892
33200 0.00052292
33250 0.000522948
33300 0.000522975
33350 0.000523003
33400 0.00052303
33450 0.000523057
33500 0.000523083
33550 0.00052311
33600 0.000523136
33650 0.000523163
33700 0.000523189
33750 0.000523214
33800 0.00052324
33850 0.000523266
33900 0.000523291
33950 0.000523316
34000 0.000523341
34050 0.000523366
34100 0.00052339
34150 0.000523415
34200 0.000523439
34250 0.000523463
34300 0.000523487
34350 0.00052351
34400 0.000523534
34450 0.000523557
34500 0.00052358
34550 0.000523604
34600 0.000523626
34650 0.000523649
34700 0.000523672
34750 0.000523694
34800 0.000523716
34850 0.000523738
34900 0.00052376
34950 0.000523782
35000 0.000523804
35050 0.000523825
35100 0.000523846
35150 0.000523868
35200 0.000523889
35250 0.000523909
35300 0.00052393
35350 0.000523951
35400 0.000523971
35450 0.000523991
35500 0.000524012
35550 0.000524032
35600 0.000524051
35650 0.000524071
35700 0.000524091
35750 0.00052411
35800 0.000524129
35850 0.000524149
35900 0.000524168
35950 0.000524186
36000 0.000524205
36050 0.000524224
36100 0.000524242
36150 0.000524261
36200 0.000524279
36250 0.000524297
36300 0.000524315
36350 0.000524333
36400 0.00052435
36450 0.000524368
36500 0.000524386
36550 0.000524403
36600 0.00052442
36650 0.000524437
36700 0.000524454
36750 0.000524471
36800 0.000524488
36850 0.000524504
36900 0.000524521
36950 0.000524537
37000 0.000524553
37050 0.00052457
37100 0.000524586
37150 0.000524602
37200 0.000524617
37250 0.000524633
37300 0.000524649
37350 0.000524664
37400 0.00052468
37450 0.000524695
37500 0.00052471
37550 0.000524725
37600 0.00052474
37650 0.000524755
37700 0.000524769
37750 0.000524784
37800 0.000524799
37850 0.000524813
37900 0.000524827
37950 0.000524842
38000 0.000524856
38050 0.00052487
38100 0.000524884
38150 0.000524897
38200 0.000524911
38250 0.000524925
38300 0.000524938
38350 0.000524952
38400 0.000524965
38450 0.000524978
38500 0.000524991
38550 0.000525004
38600 0.000525017
38650 0.00052503
38700 0.000525043
38750 0.000525056
38800 0.000525068
38850 0.000525081
38900 0.000525093
38950 0.000525105
39000 0.000525118
39050 0.00052513
39100 0.000525142
39150 0.000525154
39200 0.000525166
39250 0.000525178
39300 0.000525189
39350 0.000525201
39400 0.000525213
39450 0.000525224
39500 0.000525235
39550 0.000525247
39600 0.000525258
39650 0.000525269
39700 0.00052528
39750 0.000525291
39800 0.000525302
39850 0.000525313
39900 0.000525324
39950 0.000525334
40000 0.000525345
40050 0.000525356
40100 0.000525366
40150 0.000525376
40200 0.000525387
40250 0.000525397
40300 0.000525407
40350 0.000525417
40400 0.000525427
40450 0.000525437
40500 0.000525447
40550 0.000525457
40600 0.000525467
40650 0.000525476
40700 0.000525486
40750 0.000525496
40800 0.000525505
40850 0.000525514
40900 0.000525524
40950 0.000525533
41000 0.000525542
41050 0.000525551
41100 0.00052556
41150 0.00052557
41200 0.000525578
41250 0.000525587
41300 0.000525596
41350 0.000525605
41400 0.000525614
41450 0.000525622
41500 0.000525631
41550 0.000525639
41600 0.000525648
41650 0.000525656
41700 0.000525665
41750 0.000525673
41800 0.000525681
41850 0.000525689
41900 0.000525697
41950 0.000525705
42000 0.000525713
42050 0.000525721
42100 0.000525729
42150 0.000525737
42200 0.000525745
42250 0.000525752
42300 0.00052576
42350 0.000525768
42400 0.000525775
42450 0.000525783
42500 0.00052579
42550 0.000525798
42600 0.000525805
42650 0.000525812
42700 0.000525819
42750 0.000525827
42800 0.000525834
42850 0.000525841
42900 0.000525848
42950 0.000525855
43000 0.000525862
43050 0.000525869
43100 0.000525875
43150 0.000525882
43200 0.000525889
43250 0.000525896
43300 0.000525902
43350 0.000525909
43400 0.000525915
43450 0.000525922
43500 0.000525928
43550 0.000525935
43600 0.000525941
43650 0.000525947
43700 0.000525954
43750 0.00052596
43800 0.000525966
43850 0.000525972
43900 0.000525978
43950 0.000525984
44000 0.00052599
44050 0.000525996
44100 0.000526002
44150 0.000526008
44200 0.000526014
44250 0.00052602
44300 0.000526026
44350 0.000526031
44400 0.000526037
44450 0.000526043
44500 0.000526048
44550 0.000526054
44600 0.000526059
44650 0.000526065
44700 0.00052607
44750 0.000526076
44800 0.000526081
44850 0.000526086
44900 0.000526092
44950 0.000526097
45000 0.000526102
45050 0.000526107
45100 0.000526112
45150 0.000526118
45200 0.000526123
45250 0.000526128
45300 0.000526133
45350 0.000526138
45400 0.000526143
45450 0.000526147
45500 0.000526152
45550 0.000526157
45600 0.000526162
45650 0.000526167
45700 0.000526171
45750 0.000526176
45800 0.000526181
45850 0.000526185
45900 0.00052619
45950 0.000526194
46000 0.000526199
46050 0.000526204
46100 0.000526208
46150 0.000526212
46200 0.000526217
46250 0.000526221
46300 0.000526225
46350 0.00052623
46400 0.000526234
46450 0.000526238
46500 0.000526243
46550 0.000526247
46600 0.000526251
46650 0.000526255
46700 0.000526259
46750 0.000526263
46800 0.000526267
46850 0.000526271
46900 0.000526275
46950 0.000526279
47000 0.000526283
47050 0.000526287
47100 0.000526291
47150 0.000526295
47200 0.000526298
47250 0.000526302
47300 0.000526306
47350 0.00052631
47400 0.000526313
47450 0.000526317
47500 0.000526321
47550 0.000526324
47600 0.000526328
47650 0.000526332
47700 0.000526335
47750 0.000526339
47800 0.000526342
47850 0.000526346
47900 0.000526349
47950 0.000526353
48000 0.000526356
48050 0.000526359
48100 0.000526363
48150 0.000526366
48200 0.000526369
48250 0.000526373
48300 0.000526376
48350 0.000526379
48400 0.000526382
48450 0.000526385
48500 0.000526389
48550 0.000526392
48600 0.000526395
48650 0.000526398
48700 0.000526401
48750 0.000526404
48800 0.000526407
48850 0.00052641
48900 0.000526413
48950 0.000526416
49000 0.000526419
49050 0.000526422
49100 0.000526425
49150 0.000526428
49200 0.000526431
49250 0.000526434
49300 0.000526436
49350 0.000526439
49400 0.000526442
49450 0.000526445
49500 0.000526448
49550 0.00052645
49600 0.000526453
49650 0.000526456
49700 0.000526458
49750 0.000526461
49800 0.000526464
49850 0.000526466
49900 0.000526469
49950 0.000526471
50000 0.000526474
50050 0.000526477
50100 0.000526479
50150 0.000526482
50200 0.000526484
50250 0.000526487
50300 0.000526489
50350 0.000526491
50400 0.000526494
50450 0.000526496
50500 0.000526499
50550 0.000526501
50600 0.000526503
50650 0.000526506
50700 0.000526508
50750 0.00052651
50800 0.000526513
50850 0.000526515
50900 0.000526517
50950 0.000526519
51000 0.000526522
51050 0.000526524
51100 0.000526526
51150 0.000526528
51200 0.00052653
51250 0.000526532
51300 0.000526535
51350 0.000526537
51400 0.000526539
51450 0.000526541
51500 0.000526543
51550 0.000526545
51600 0.000526547
51650 0.000526549
51700 0.000526551
51750 0.000526553
51800 0.000526555
51850 0.000526557
51900 0.000526559
51950 0.000526561
52000 0.000526563
52050 0.000526565
52100 0.000526567
52150 0.000526569
52200 0.00052657
52250 0.000526572
52300 0.000526574
52350 0.000526576
52400 0.000526578
52450 0.00052658
52500 0.000526581
52550 0.000526583
52600 0.000526585
52650 0.000526587
52700 0.000526588
52750 0.00052659
52800 0.000526592
52850 0.000526594
52900 0.000526595
52950 0.000526597
53000 0.000526599
53050 0.0005266
53100 0.000526602
53150 0.000526604
53200 0.000526605
53250 0.000526607
53300 0.000526608
53350 0.00052661
53400 0.000526612
53450 0.000526613
53500 0.000526615
53550 0.000526616
53600 0.000526618
53650 0.000526619
53700 0.000526621
53750 0.000526622
53800 0.000526624
53850 0.000526625
53900 0.000526627
53950 0.000526628
54000 0.00052663
54050 0.000526631
54100 0.000526633
54150 0.000526634
54200 0.000526635
54250 0.000526637
54300 0.000526638
54350 0.00052664
54400 0.000526641
54450 0.000526642
54500 0.000526644
54550 0.000526645
54600 0.000526646
54650 0.000526648
54700 0.000526649
54750 0.00052665
54800 0.000526652
54850 0.000526653
54900 0.000526654
54950 0.000526655
55000 0.000526657
55050 0.000526658
55100 0.000526659
55150 0.00052666
55200 0.000526662
55250 0.000526663
55300 0.000526664
55350 0.000526665
55400 0.000526666
55450 0.000526668
55500 0.000526669
55550 0.00052667
55600 0.000526671
55650 0.000526672
55700 0.000526673
55750 0.000526674
55800 0.000526676
55850 0.000526677
55900 0.000526678
55950 0.000526679
56000 0.00052668
56050 0.000526681
56100 0.000526682
56150 0.000526683
56200 0.000526684
56250 0.000526685
56300 0.000526686
56350 0.000526687
56400 0.000526688
56450 0.00052669
56500 0.000526691
56550 0.000526692
56600 0.000526693
56650 0.000526694
56700 0.000526695
56750 0.000526695
56800 0.000526696
56850 0.000526697
56900 0.000526698
56950 0.000526699
57000 0.0005267
57050 0.000526701
57100 0.000526702
57150 0.000526703
57200 0.000526704
57250 0.000526705
57300 0.000526706
57350 0.000526707
57400 0.000526708
57450 0.000526709
57500 0.000526709
57550 0.00052671
57600 0.000526711
57650 0.000526712
57700 0.000526713
57750 0.000526714
57800 0.000526715
57850 0.000526715
57900 0.000526716
57950 0.000526717
58000 0.000526718
58050 0.000526719
58100 0.00052672
58150 0.00052672
58200 0.000526721
58250 0.000526722
58300 0.000526723
58350 0.000526723
58400 0.000526724
58450 0.000526725
58500 0.000526726
58550 0.000526727
58600 0.000526727
58650 0.000526728
58700 0.000526729
58750 0.00052673
58800 0.00052673
58850 0.000526731
58900 0.000526732
58950 0.000526732
59000 0.000526733
59050 0.000526734
59100 0.000526735
59150 0.000526735
59200 0.000526736
59250 0.000526737
59300 0.000526737
59350 0.000526738
59400 0.000526739
59450 0.000526739
59500 0.00052674
59550 0.000526741
59600 0.000526741
59650 0.000526742
59700 0.000526743
59750 0.000526743
59800 0.000526744
59850 0.000526745
59900 0.000526745
59950 0.000526746
60000 0.000526746
60050 0.000526747
60100 0.000526748
60150 0.000526748
60200 0.000526749
60250 0.000526749
60300 0.00052675
60350 0.000526751
60400 0.000526751
60450 0.000526752
60500 0.000526752
60550 0.000526753
60600 0.000526753
60650 0.000526754
60700 0.000526755
60750 0.000526755
60800 0.000526756
60850 0.000526756
60900 0.000526757
60950 0.000526757
61000 0.000526758
61050 0.000526758
61100 0.000526759
61150 0.000526759
61200 0.00052676
61250 0.00052676
61300 0.000526761
61350 0.000526761
61400 0.000526762
61450 0.000526763
61500 0.000526763
61550 0.000526763
61600 0.000526764
61650 0.000526764
61700 0.000526765
61750 0.000526765
61800 0.000526766
61850 0.000526766
61900 0.000526767
61950 0.000526767
62000 0.000526768
62050 0.000526768
62100 0.000526769
62150 0.000526769
62200 0.00052677
62250 0.00052677
62300 0.000526771
62350 0.000526771
62400 0.000526771
62450 0.000526772
62500 0.000526772
62550 0.000526773
62600 0.000526773
62650 0.000526774
62700 0.000526774
62750 0.000526774
62800 0.000526775
62850 0.000526775
62900 0.000526776
62950 0.000526776
63000 0.000526776
63050 0.000526777
63100 0.000526777
63150 0.000526778
63200 0.000526778
63250 0.000526778
63300 0.000526779
63350 0.000526779
63400 0.00052678
63450 0.00052678
63500 0.00052678
63550 0.000526781
63600 0.000526781
63650 0.000526781
63700 0.000526782
63750 0.000526782
63800 0.000526783
63850 0.000526783
63900 0.000526783
63950 0.000526784
64000 0.000526784
64050 0.000526784
64100 0.000526785
64150 0.000526785
64200 0.000526785
64250 0.000526786
64300 0.000526786
64350 0.000526786
64400 0.000526787
64450 0.000526787
64500 0.000526787
64550 0.000526788
64600 0.000526788
64650 0.000526788
64700 0.000526789
64750 0.000526789
64800 0.000526789
64850 0.00052679
64900 0.00052679
64950 0.00052679
65000 0.00052679
65050 0.000526791
65100 0.000526791
65150 0.000526791
65200 0.000526792
65250 0.000526792
65300 0.000526792
65350 0.000526792
65400 0.000526793
65450 0.000526793
65500 0.000526793
65550 0.000526794
65600 0.000526794
65650 0.000526794
65700 0.000526794
65750 0.000526795
65800 0.000526795
65850 0.000526795
65900 0.000526796
65950 0.000526796
66000 0.000526796
66050 0.000526796
66100 0.000526797
66150 0.000526797
66200 0.000526797
66250 0.000526797
66300 0.000526798
66350 0.000526798
66400 0.000526798
66450 0.000526798
66500 0.000526799
66550 0.000526799
66600 0.000526799
66650 0.000526799
66700 0.0005268
66750 0.0005268
66800 0.0005268
66850 0.0005268
66900 0.000526801
66950 0.000526801
67000 0.000526801
67050 0.000526801
67100 0.000526801
67150 0.000526802
67200 0.000526802
67250 0.000526802
67300 0.000526802
67350 0.000526803
67400 0.000526803
67450 0.000526803
67500 0.000526803
67550 0.000526803
67600 0.000526804
67650 0.000526804
67700 0.000526804
67750 0.000526804
67800 0.000526804
67850 0.000526805
67900 0.000526805
67950 0.000526805
68000 0.000526805
68050 0.000526805
68100 0.000526806
68150 0.000526806
68200 0.000526806
68250 0.000526806
68300 0.000526806
68350 0.000526807
68400 0.000526807
68450 0.000526807
68500 0.000526807
68550 0.000526807
68600 0.000526807
68650 0.000526808
68700 0.000526808
68750 0.000526808
68800 0.000526808
68850 0.000526808
68900 0.000526809
68950 0.000526809
69000 0.000526809
69050 0.000526809
69100 0.000526809
69150 0.000526809
69200 0.00052681
69250 0.00052681
69300 0.00052681
69350 0.00052681
69400 0.00052681
69450 0.00052681
69500 0.000526811
69550 0.000526811
69600 0.000526811
69650 0.000526811
69700 0.000526811
69750 0.000526811
69800 0.000526811
69850 0.000526812
69900 0.000526812
69950 0.000526812
70000 0.000526812
70050 0.000526812
70100 0.000526812
70150 0.000526813
70200 0.000526813
70250 0.000526813
70300 0.000526813
70350 0.000526813
70400 0.000526813
70450 0.000526813
70500 0.000526814
70550 0.000526814
70600 0.000526814
70650 0.000526814
70700 0.000526814
70750 0.000526814
70800 0.000526814
70850 0.000526814
70900 0.000526815
70950 0.000526815
71000 0.000526815
71050 0.000526815
71100 0.000526815
71150 0.000526815
71200 0.000526815
71250 0.000526815
71300 0.000526816
71350 0.000526816
71400 0.000526816
71450 0.000526816
71500 0.000526816
71550 0.000526816
71600 0.000526816
71650 0.000526816
71700 0.000526817
71750 0.000526817
71800 0.000526817
71850 0.000526817
71900 0.000526817
71950 0.000526817
72000 0.000526817
72050 0.000526817
72100 0.000526817
72150 0.000526818
72200 0.000526818
72250 0.000526818
72300 0.000526818
72350 0.000526818
72400 0.000526818
72450 0.000526818
72500 0.000526818
72550 0.000526818
72600 0.000526819
72650 0.000526819
72700 0.000526819
72750 0.000526819
72800 0.000526819
72850 0.000526819
72900 0.000526819
72950 0.000526819
73000 0.000526819
73050 0.000526819
73100 0.00052682
73150 0.00052682
73200 0.00052682
73250 0.00052682
73300 0.00052682
73350 0.00052682
73400 0.00052682
73450 0.00052682
73500 0.00052682
73550 0.00052682
73600 0.00052682
73650 0.000526821
73700 0.000526821
73750 0.000526821
73800 0.000526821
73850 0.000526821
73900 0.000526821
73950 0.000526821
74000 0.000526821
74050 0.000526821
74100 0.000526821
74150 0.000526821
74200 0.000526821
74250 0.000526822
74300 0.000526822
74350 0.000526822
74400 0.000526822
74450 0.000526822
74500 0.000526822
74550 0.000526822
74600 0.000526822
74650 0.000526822
74700 0.000526822
74750 0.000526822
74800 0.000526822
74850 0.000526822
74900 0.000526823
74950 0.000526823
75000 0.000526823
75050 0.000526823
75100 0.000526823
75150 0.000526823
75200 0.000526823
75250 0.000526823
75300 0.000526823
75350 0.000526823
75400 0.000526823
75450 0.000526823
75500 0.000526823
75550 0.000526823
75600 0.000526824
75650 0.000526824
75700 0.000526824
75750 0.000526824
75800 0.000526824
75850 0.000526824
75900 0.000526824
75950 0.000526824
76000 0.000526824
76050 0.000526824
76100 0.000526824
76150 0.000526824
76200 0.000526824
76250 0.000526824
76300 0.000526824
76350 0.000526824
76400 0.000526825
76450 0.000526825
76500 0.000526825
76550 0.000526825
76600 0.000526825
76650 0.000526825
76700 0.000526825
76750 0.000526825
76800 0.000526825
76850 0.000526825
76900 0.000526825
76950 0.000526825
77000 0.000526825
77050 0.000526825
77100 0.000526825
77150 0.000526825
77200 0.000526825
77250 0.000526826
77300 0.000526826
77350 0.000526826
77400 0.000526826
77450 0.000526826
77500 0.000526826
77550 0.000526826
77600 0.000526826
77650 0.000526826
77700 0.000526826
77750 0.000526826
77800 0.000526826
77850 0.000526826
77900 0.000526826
77950 0.000526826
78000 0.000526826
78050 0.000526826
78100 0.000526826
78150 0.000526826
78200 0.000526826
78250 0.000526827
78300 0.000526827
78350 0.000526827
78400 0.000526827
78450 0.000526827
78500 0.000526827
78550 0.000526827
78600 0.000526827
78650 0.000526827
78700 0.000526827
