1 1 0.00723489 1.26045e-14
2 1 0.00723489 1.26045e-14
3 1 0.00723489 1.26045e-14
4 1 0.00723489 1.26045e-14
5 1 0.00723489 1.26045e-14
6 1 0.00723489 1.26045e-14
7 1 0.00723489 1.26045e-14
8 1 0.00723489 1.26045e-14
9 1 0.00723489 1.26045e-14
10 1 0.00723489 1.26045e-14
11 1 0.00723489 1.26045e-14
12 1 0.00723489 1.26045e-14
13 1 0.00723489 1.26045e-14
14 1 0.00723489 1.26045e-14
15 1 0.00723489 1.26045e-14
16 1 0.00723489 1.26045e-14
17 1 0.00723489 1.26045e-14
18 1 0.00723489 1.26045e-14
19 1 0.00723489 1.26045e-14
20 1 0.00723489 1.26045e-14

1 2 0.0212553 -1.23165e-14
2 2 0.0212553 -1.23165e-14
3 2 0.0212553 -1.23165e-14
4 2 0.0212553 -1.23165e-14
5 2 0.0212553 -1.23165e-14
6 2 0.0212553 -1.23165e-14
7 2 0.0212553 -1.23165e-14
8 2 0.0212553 -1.23165e-14
9 2 0.0212553 -1.23165e-14
10 2 0.0212553 -1.23165e-14
11 2 0.0212553 -1.23165e-14
12 2 0.0212553 -1.23165e-14
13 2 0.0212553 -1.23165e-14
14 2 0.0212553 -1.23165e-14
15 2 0.0212553 -1.23165e-14
16 2 0.0212553 -1.23165e-14
17 2 0.0212553 -1.23165e-14
18 2 0.0212553 -1.23165e-14
19 2 0.0212553 -1.23165e-14
20 2 0.0212553 -1.23165e-14

1 3 0.0346779 1.26288e-14
2 3 0.0346779 1.26288e-14
3 3 0.0346779 1.26288e-14
4 3 0.0346779 1.26288e-14
5 3 0.0346779 1.26288e-14
6 3 0.0346779 1.26288e-14
7 3 0.0346779 1.26288e-14
8 3 0.0346779 1.26288e-14
9 3 0.0346779 1.26288e-14
10 3 0.0346779 1.26288e-14
11 3 0.0346779 1.26288e-14
12 3 0.0346779 1.26288e-14
13 3 0.0346779 1.26288e-14
14 3 0.0346779 1.26288e-14
15 3 0.0346779 1.26288e-14
16 3 0.0346779 1.26288e-14
17 3 0.0346779 1.26288e-14
18 3 0.0346779 1.26288e-14
19 3 0.0346779 1.26288e-14
20 3 0.0346779 1.26288e-14

1 4 0.047504 -1.23859e-14
2 4 0.047504 -1.23859e-14
3 4 0.047504 -1.23859e-14
4 4 0.047504 -1.23859e-14
5 4 0.047504 -1.23859e-14
6 4 0.047504 -1.23859e-14
7 4 0.047504 -1.23859e-14
8 4 0.047504 -1.23859e-14
9 4 0.047504 -1.23859e-14
10 4 0.047504 -1.23859e-14
11 4 0.047504 -1.23859e-14
12 4 0.047504 -1.23859e-14
13 4 0.047504 -1.23859e-14
14 4 0.047504 -1.23859e-14
15 4 0.047504 -1.23859e-14
16 4 0.047504 -1.23859e-14
17 4 0.047504 -1.23859e-14
18 4 0.047504 -1.23859e-14
19 4 0.047504 -1.23859e-14
20 4 0.047504 -1.23859e-14

1 5 0.0597353 1.26565e-14
2 5 0.0597353 1.26565e-14
3 5 0.0597353 1.26565e-14
4 5 0.0597353 1.26565e-14
5 5 0.0597353 1.26565e-14
6 5 0.0597353 1.26565e-14
7 5 0.0597353 1.26565e-14
8 5 0.0597353 1.26565e-14
9 5 0.0597353 1.26565e-14
10 5 0.0597353 1.26565e-14
11 5 0.0597353 1.26565e-14
12 5 0.0597353 1.26565e-14
13 5 0.0597353 1.26565e-14
14 5 0.0597353 1.26565e-14
15 5 0.0597353 1.26565e-14
16 5 0.0597353 1.26565e-14
17 5 0.0597353 1.26565e-14
18 5 0.0597353 1.26565e-14
19 5 0.0597353 1.26565e-14
20 5 0.0597353 1.26565e-14

1 6 0.0713731 -1.2268e-14
2 6 0.0713731 -1.2268e-14
3 6 0.0713731 -1.2268e-14
4 6 0.0713731 -1.2268e-14
5 6 0.0713731 -1.2268e-14
6 6 0.0713731 -1.2268e-14
7 6 0.0713731 -1.2268e-14
8 6 0.0713731 -1.2268e-14
9 6 0.0713731 -1.2268e-14
10 6 0.0713731 -1.2268e-14
11 6 0.0713731 -1.2268e-14
12 6 0.0713731 -1.2268e-14
13 6 0.0713731 -1.2268e-14
14 6 0.0713731 -1.2268e-14
15 6 0.0713731 -1.2268e-14
16 6 0.0713731 -1.2268e-14
17 6 0.0713731 -1.2268e-14
18 6 0.0713731 -1.2268e-14
19 6 0.0713731 -1.2268e-14
20 6 0.0713731 -1.2268e-14

1 7 0.0824189 1.25733e-14
2 7 0.0824189 1.25733e-14
3 7 0.0824189 1.25733e-14
4 7 0.0824189 1.25733e-14
5 7 0.0824189 1.25733e-14
6 7 0.0824189 1.25733e-14
7 7 0.0824189 1.25733e-14
8 7 0.0824189 1.25733e-14
9 7 0.0824189 1.25733e-14
10 7 0.0824189 1.25733e-14
11 7 0.0824189 1.25733e-14
12 7 0.0824189 1.25733e-14
13 7 0.0824189 1.25733e-14
14 7 0.0824189 1.25733e-14
15 7 0.0824189 1.25733e-14
16 7 0.0824189 1.25733e-14
17 7 0.0824189 1.25733e-14
18 7 0.0824189 1.25733e-14
19 7 0.0824189 1.25733e-14
20 7 0.0824189 1.25733e-14

1 8 0.0928741 -1.22818e-14
2 8 0.0928741 -1.22818e-14
3 8 0.0928741 -1.22818e-14
4 8 0.0928741 -1.22818e-14
5 8 0.0928741 -1.22818e-14
6 8 0.0928741 -1.22818e-14
7 8 0.0928741 -1.22818e-14
8 8 0.0928741 -1.22818e-14
9 8 0.0928741 -1.22818e-14
10 8 0.0928741 -1.22818e-14
11 8 0.0928741 -1.22818e-14
12 8 0.0928741 -1.22818e-14
13 8 0.0928741 -1.22818e-14
14 8 0.0928741 -1.22818e-14
15 8 0.0928741 -1.22818e-14
16 8 0.0928741 -1.22818e-14
17 8 0.0928741 -1.22818e-14
18 8 0.0928741 -1.22818e-14
19 8 0.0928741 -1.22818e-14
20 8 0.0928741 -1.22818e-14

1 9 0.10274 1.23304e-14
2 9 0.10274 1.23304e-14
3 9 0.10274 1.23304e-14
4 9 0.10274 1.23304e-14
5 9 0.10274 1.23304e-14
6 9 0.10274 1.23304e-14
7 9 0.10274 1.23304e-14
8 9 0.10274 1.23304e-14
9 9 0.10274 1.23304e-14
10 9 0.10274 1.23304e-14
11 9 0.10274 1.23304e-14
12 9 0.10274 1.23304e-14
13 9 0.10274 1.23304e-14
14 9 0.10274 1.23304e-14
15 9 0.10274 1.23304e-14
16 9 0.10274 1.23304e-14
17 9 0.10274 1.23304e-14
18 9 0.10274 1.23304e-14
19 9 0.10274 1.23304e-14
20 9 0.10274 1.23304e-14

1 10 0.112018 -1.23929e-14
2 10 0.112018 -1.23929e-14
3 10 0.112018 -1.23929e-14
4 10 0.112018 -1.23929e-14
5 10 0.112018 -1.23929e-14
6 10 0.112018 -1.23929e-14
7 10 0.112018 -1.23929e-14
8 10 0.112018 -1.23929e-14
9 10 0.112018 -1.23929e-14
10 10 0.112018 -1.23929e-14
11 10 0.112018 -1.23929e-14
12 10 0.112018 -1.23929e-14
13 10 0.112018 -1.23929e-14
14 10 0.112018 -1.23929e-14
15 10 0.112018 -1.23929e-14
16 10 0.112018 -1.23929e-14
17 10 0.112018 -1.23929e-14
18 10 0.112018 -1.23929e-14
19 10 0.112018 -1.23929e-14
20 10 0.112018 -1.23929e-14

1 11 0.12071 1.24831e-14
2 11 0.12071 1.24831e-14
3 11 0.12071 1.24831e-14
4 11 0.12071 1.24831e-14
5 11 0.12071 1.24831e-14
6 11 0.12071 1.24831e-14
7 11 0.12071 1.24831e-14
8 11 0.12071 1.24831e-14
9 11 0.12071 1.24831e-14
10 11 0.12071 1.24831e-14
11 11 0.12071 1.24831e-14
12 11 0.12071 1.24831e-14
13 11 0.12071 1.24831e-14
14 11 0.12071 1.24831e-14
15 11 0.12071 1.24831e-14
16 11 0.12071 1.24831e-14
17 11 0.12071 1.24831e-14
18 11 0.12071 1.24831e-14
19 11 0.12071 1.24831e-14
20 11 0.12071 1.24831e-14

1 12 0.128816 -1.25108e-14
2 12 0.128816 -1.25108e-14
3 12 0.128816 -1.25108e-14
4 12 0.128816 -1.25108e-14
5 12 0.128816 -1.25108e-14
6 12 0.128816 -1.25108e-14
7 12 0.128816 -1.25108e-14
8 12 0.128816 -1.25108e-14
9 12 0.128816 -1.25108e-14
10 12 0.128816 -1.25108e-14
11 12 0.128816 -1.25108e-14
12 12 0.128816 -1.25108e-14
13 12 0.128816 -1.25108e-14
14 12 0.128816 -1.25108e-14
15 12 0.128816 -1.25108e-14
16 12 0.128816 -1.25108e-14
17 12 0.128816 -1.25108e-14
18 12 0.128816 -1.25108e-14
19 12 0.128816 -1.25108e-14
20 12 0.128816 -1.25108e-14

1 13 0.136338 1.22818e-14
2 13 0.136338 1.22818e-14
3 13 0.136338 1.22818e-14
4 13 0.136338 1.22818e-14
5 13 0.136338 1.22818e-14
6 13 0.136338 1.22818e-14
7 13 0.136338 1.22818e-14
8 13 0.136338 1.22818e-14
9 13 0.136338 1.22818e-14
10 13 0.136338 1.22818e-14
11 13 0.136338 1.22818e-14
12 13 0.136338 1.22818e-14
13 13 0.136338 1.22818e-14
14 13 0.136338 1.22818e-14
15 13 0.136338 1.22818e-14
16 13 0.136338 1.22818e-14
17 13 0.136338 1.22818e-14
18 13 0.136338 1.22818e-14
19 13 0.136338 1.22818e-14
20 13 0.136338 1.22818e-14

1 14 0.143277 -1.27398e-14
2 14 0.143277 -1.27398e-14
3 14 0.143277 -1.27398e-14
4 14 0.143277 -1.27398e-14
5 14 0.143277 -1.27398e-14
6 14 0.143277 -1.27398e-14
7 14 0.143277 -1.27398e-14
8 14 0.143277 -1.27398e-14
9 14 0.143277 -1.27398e-14
10 14 0.143277 -1.27398e-14
11 14 0.143277 -1.27398e-14
12 14 0.143277 -1.27398e-14
13 14 0.143277 -1.27398e-14
14 14 0.143277 -1.27398e-14
15 14 0.143277 -1.27398e-14
16 14 0.143277 -1.27398e-14
17 14 0.143277 -1.27398e-14
18 14 0.143277 -1.27398e-14
19 14 0.143277 -1.27398e-14
20 14 0.143277 -1.27398e-14

1 15 0.149634 1.21569e-14
2 15 0.149634 1.21569e-14
3 15 0.149634 1.21569e-14
4 15 0.149634 1.21569e-14
5 15 0.149634 1.21569e-14
6 15 0.149634 1.21569e-14
7 15 0.149634 1.21569e-14
8 15 0.149634 1.21569e-14
9 15 0.149634 1.21569e-14
10 15 0.149634 1.21569e-14
11 15 0.149634 1.21569e-14
12 15 0.149634 1.21569e-14
13 15 0.149634 1.21569e-14
14 15 0.149634 1.21569e-14
15 15 0.149634 1.21569e-14
16 15 0.149634 1.21569e-14
17 15 0.149634 1.21569e-14
18 15 0.149634 1.21569e-14
19 15 0.149634 1.21569e-14
20 15 0.149634 1.21569e-14

1 16 0.155409 -1.28092e-14
2 16 0.155409 -1.28092e-14
3 16 0.155409 -1.28092e-14
4 16 0.155409 -1.28092e-14
5 16 0.155409 -1.28092e-14
6 16 0.155409 -1.28092e-14
7 16 0.155409 -1.28092e-14
8 16 0.155409 -1.28092e-14
9 16 0.155409 -1.28092e-14
10 16 0.155409 -1.28092e-14
11 16 0.155409 -1.28092e-14
12 16 0.155409 -1.28092e-14
13 16 0.155409 -1.28092e-14
14 16 0.155409 -1.28092e-14
15 16 0.155409 -1.28092e-14
16 16 0.155409 -1.28092e-14
17 16 0.155409 -1.28092e-14
18 16 0.155409 -1.28092e-14
19 16 0.155409 -1.28092e-14
20 16 0.155409 -1.28092e-14

1 17 0.160605 1.1921e-14
2 17 0.160605 1.1921e-14
3 17 0.160605 1.1921e-14
4 17 0.160605 1.1921e-14
5 17 0.160605 1.1921e-14
6 17 0.160605 1.1921e-14
7 17 0.160605 1.1921e-14
8 17 0.160605 1.1921e-14
9 17 0.160605 1.1921e-14
10 17 0.160605 1.1921e-14
11 17 0.160605 1.1921e-14
12 17 0.160605 1.1921e-14
13 17 0.160605 1.1921e-14
14 17 0.160605 1.1921e-14
15 17 0.160605 1.1921e-14
16 17 0.160605 1.1921e-14
17 17 0.160605 1.1921e-14
18 17 0.160605 1.1921e-14
19 17 0.160605 1.1921e-14
20 17 0.160605 1.1921e-14

1 18 0.165221 -1.28994e-14
2 18 0.165221 -1.28994e-14
3 18 0.165221 -1.28994e-14
4 18 0.165221 -1.28994e-14
5 18 0.165221 -1.28994e-14
6 18 0.165221 -1.28994e-14
7 18 0.165221 -1.28994e-14
8 18 0.165221 -1.28994e-14
9 18 0.165221 -1.28994e-14
10 18 0.165221 -1.28994e-14
11 18 0.165221 -1.28994e-14
12 18 0.165221 -1.28994e-14
13 18 0.165221 -1.28994e-14
14 18 0.165221 -1.28994e-14
15 18 0.165221 -1.28994e-14
16 18 0.165221 -1.28994e-14
17 18 0.165221 -1.28994e-14
18 18 0.165221 -1.28994e-14
19 18 0.165221 -1.28994e-14
20 18 0.165221 -1.28994e-14

1 19 0.169258 1.18586e-14
2 19 0.169258 1.18586e-14
3 19 0.169258 1.18586e-14
4 19 0.169258 1.18586e-14
5 19 0.169258 1.18586e-14
6 19 0.169258 1.18586e-14
7 19 0.169258 1.18586e-14
8 19 0.169258 1.18586e-14
9 19 0.169258 1.18586e-14
10 19 0.169258 1.18586e-14
11 19 0.169258 1.18586e-14
12 19 0.169258 1.18586e-14
13 19 0.169258 1.18586e-14
14 19 0.169258 1.18586e-14
15 19 0.169258 1.18586e-14
16 19 0.169258 1.18586e-14
17 19 0.169258 1.18586e-14
18 19 0.169258 1.18586e-14
19 19 0.169258 1.18586e-14
20 19 0.169258 1.18586e-14

1 20 0.172718 -1.29549e-14
2 20 0.172718 -1.29549e-14
3 20 0.172718 -1.29549e-14
4 20 0.172718 -1.29549e-14
5 20 0.172718 -1.29549e-14
6 20 0.172718 -1.29549e-14
7 20 0.172718 -1.29549e-14
8 20 0.172718 -1.29549e-14
9 20 0.172718 -1.29549e-14
10 20 0.172718 -1.29549e-14
11 20 0.172718 -1.29549e-14
12 20 0.172718 -1.29549e-14
13 20 0.172718 -1.29549e-14
14 20 0.172718 -1.29549e-14
15 20 0.172718 -1.29549e-14
16 20 0.172718 -1.29549e-14
17 20 0.172718 -1.29549e-14
18 20 0.172718 -1.29549e-14
19 20 0.172718 -1.29549e-14
20 20 0.172718 -1.29549e-14

1 21 0.1756 1.1692e-14
2 21 0.1756 1.1692e-14
3 21 0.1756 1.1692e-14
4 21 0.1756 1.1692e-14
5 21 0.1756 1.1692e-14
6 21 0.1756 1.1692e-14
7 21 0.1756 1.1692e-14
8 21 0.1756 1.1692e-14
9 21 0.1756 1.1692e-14
10 21 0.1756 1.1692e-14
11 21 0.1756 1.1692e-14
12 21 0.1756 1.1692e-14
13 21 0.1756 1.1692e-14
14 21 0.1756 1.1692e-14
15 21 0.1756 1.1692e-14
16 21 0.1756 1.1692e-14
17 21 0.1756 1.1692e-14
18 21 0.1756 1.1692e-14
19 21 0.1756 1.1692e-14
20 21 0.1756 1.1692e-14

1 22 0.177905 -1.30382e-14
2 22 0.177905 -1.30382e-14
3 22 0.177905 -1.30382e-14
4 22 0.177905 -1.30382e-14
5 22 0.177905 -1.30382e-14
6 22 0.177905 -1.30382e-14
7 22 0.177905 -1.30382e-14
8 22 0.177905 -1.30382e-14
9 22 0.177905 -1.30382e-14
10 22 0.177905 -1.30382e-14
11 22 0.177905 -1.30382e-14
12 22 0.177905 -1.30382e-14
13 22 0.177905 -1.30382e-14
14 22 0.177905 -1.30382e-14
15 22 0.177905 -1.30382e-14
16 22 0.177905 -1.30382e-14
17 22 0.177905 -1.30382e-14
18 22 0.177905 -1.30382e-14
19 22 0.177905 -1.30382e-14
20 22 0.177905 -1.30382e-14

1 23 0.179634 1.1699e-14
2 23 0.179634 1.1699e-14
3 23 0.179634 1.1699e-14
4 23 0.179634 1.1699e-14
5 23 0.179634 1.1699e-14
6 23 0.179634 1.1699e-14
7 23 0.179634 1.1699e-14
8 23 0.179634 1.1699e-14
9 23 0.179634 1.1699e-14
10 23 0.179634 1.1699e-14
11 23 0.179634 1.1699e-14
12 23 0.179634 1.1699e-14
13 23 0.179634 1.1699e-14
14 23 0.179634 1.1699e-14
15 23 0.179634 1.1699e-14
16 23 0.179634 1.1699e-14
17 23 0.179634 1.1699e-14
18 23 0.179634 1.1699e-14
19 23 0.179634 1.1699e-14
20 23 0.179634 1.1699e-14

1 24 0.180786 -1.29827e-14
2 24 0.180786 -1.29827e-14
3 24 0.180786 -1.29827e-14
4 24 0.180786 -1.29827e-14
5 24 0.180786 -1.29827e-14
6 24 0.180786 -1.29827e-14
7 24 0.180786 -1.29827e-14
8 24 0.180786 -1.29827e-14
9 24 0.180786 -1.29827e-14
10 24 0.180786 -1.29827e-14
11 24 0.180786 -1.29827e-14
12 24 0.180786 -1.29827e-14
13 24 0.180786 -1.29827e-14
14 24 0.180786 -1.29827e-14
15 24 0.180786 -1.29827e-14
16 24 0.180786 -1.29827e-14
17 24 0.180786 -1.29827e-14
18 24 0.180786 -1.29827e-14
19 24 0.180786 -1.29827e-14
20 24 0.180786 -1.29827e-14

1 25 0.181362 1.15533e-14
2 25 0.181362 1.15533e-14
3 25 0.181362 1.15533e-14
4 25 0.181362 1.15533e-14
5 25 0.181362 1.15533e-14
6 25 0.181362 1.15533e-14
7 25 0.181362 1.15533e-14
8 25 0.181362 1.15533e-14
9 25 0.181362 1.15533e-14
10 25 0.181362 1.15533e-14
11 25 0.181362 1.15533e-14
12 25 0.181362 1.15533e-14
13 25 0.181362 1.15533e-14
14 25 0.181362 1.15533e-14
15 25 0.181362 1.15533e-14
16 25 0.181362 1.15533e-14
17 25 0.181362 1.15533e-14
18 25 0.181362 1.15533e-14
19 25 0.181362 1.15533e-14
20 25 0.181362 1.15533e-14

1 26 0.181362 -1.30729e-14
2 26 0.181362 -1.30729e-14
3 26 0.181362 -1.30729e-14
4 26 0.181362 -1.30729e-14
5 26 0.181362 -1.30729e-14
6 26 0.181362 -1.30729e-14
7 26 0.181362 -1.30729e-14
8 26 0.181362 -1.30729e-14
9 26 0.181362 -1.30729e-14
10 26 0.181362 -1.30729e-14
11 26 0.181362 -1.30729e-14
12 26 0.181362 -1.30729e-14
13 26 0.181362 -1.30729e-14
14 26 0.181362 -1.30729e-14
15 26 0.181362 -1.30729e-14
16 26 0.181362 -1.30729e-14
17 26 0.181362 -1.30729e-14
18 26 0.181362 -1.30729e-14
19 26 0.181362 -1.30729e-14
20 26 0.181362 -1.30729e-14

1 27 0.180786 1.15602e-14
2 27 0.180786 1.15602e-14
3 27 0.180786 1.15602e-14
4 27 0.180786 1.15602e-14
5 27 0.180786 1.15602e-14
6 27 0.180786 1.15602e-14
7 27 0.180786 1.15602e-14
8 27 0.180786 1.15602e-14
9 27 0.180786 1.15602e-14
10 27 0.180786 1.15602e-14
11 27 0.180786 1.15602e-14
12 27 0.180786 1.15602e-14
13 27 0.180786 1.15602e-14
14 27 0.180786 1.15602e-14
15 27 0.180786 1.15602e-14
16 27 0.180786 1.15602e-14
17 27 0.180786 1.15602e-14
18 27 0.180786 1.15602e-14
19 27 0.180786 1.15602e-14
20 27 0.180786 1.15602e-14

1 28 0.179634 -1.28855e-14
2 28 0.179634 -1.28855e-14
3 28 0.179634 -1.28855e-14
4 28 0.179634 -1.28855e-14
5 28 0.179634 -1.28855e-14
6 28 0.179634 -1.28855e-14
7 28 0.179634 -1.28855e-14
8 28 0.179634 -1.28855e-14
9 28 0.179634 -1.28855e-14
10 28 0.179634 -1.28855e-14
11 28 0.179634 -1.28855e-14
12 28 0.179634 -1.28855e-14
13 28 0.179634 -1.28855e-14
14 28 0.179634 -1.28855e-14
15 28 0.179634 -1.28855e-14
16 28 0.179634 -1.28855e-14
17 28 0.179634 -1.28855e-14
18 28 0.179634 -1.28855e-14
19 28 0.179634 -1.28855e-14
20 28 0.179634 -1.28855e-14

1 29 0.177905 1.16435e-14
2 29 0.177905 1.16435e-14
3 29 0.177905 1.16435e-14
4 29 0.177905 1.16435e-14
5 29 0.177905 1.16435e-14
6 29 0.177905 1.16435e-14
7 29 0.177905 1.16435e-14
8 29 0.177905 1.16435e-14
9 29 0.177905 1.16435e-14
10 29 0.177905 1.16435e-14
11 29 0.177905 1.16435e-14
12 29 0.177905 1.16435e-14
13 29 0.177905 1.16435e-14
14 29 0.177905 1.16435e-14
15 29 0.177905 1.16435e-14
16 29 0.177905 1.16435e-14
17 29 0.177905 1.16435e-14
18 29 0.177905 1.16435e-14
19 29 0.177905 1.16435e-14
20 29 0.177905 1.16435e-14

1 30 0.1756 -1.26982e-14
2 30 0.1756 -1.26982e-14
3 30 0.1756 -1.26982e-14
4 30 0.1756 -1.26982e-14
5 30 0.1756 -1.26982e-14
6 30 0.1756 -1.26982e-14
7 30 0.1756 -1.26982e-14
8 30 0.1756 -1.26982e-14
9 30 0.1756 -1.26982e-14
10 30 0.1756 -1.26982e-14
11 30 0.1756 -1.26982e-14
12 30 0.1756 -1.26982e-14
13 30 0.1756 -1.26982e-14
14 30 0.1756 -1.26982e-14
15 30 0.1756 -1.26982e-14
16 30 0.1756 -1.26982e-14
17 30 0.1756 -1.26982e-14
18 30 0.1756 -1.26982e-14
19 30 0.1756 -1.26982e-14
20 30 0.1756 -1.26982e-14

1 31 0.172718 1.20945e-14
2 31 0.172718 1.20945e-14
3 31 0.172718 1.20945e-14
4 31 0.172718 1.20945e-14
5 31 0.172718 1.20945e-14
6 31 0.172718 1.20945e-14
7 31 0.172718 1.20945e-14
8 31 0.172718 1.20945e-14
9 31 0.172718 1.20945e-14
10 31 0.172718 1.20945e-14
11 31 0.172718 1.20945e-14
12 31 0.172718 1.20945e-14
13 31 0.172718 1.20945e-14
14 31 0.172718 1.20945e-14
15 31 0.172718 1.20945e-14
16 31 0.172718 1.20945e-14
17 31 0.172718 1.20945e-14
18 31 0.172718 1.20945e-14
19 31 0.172718 1.20945e-14
20 31 0.172718 1.20945e-14

1 32 0.169258 -1.20876e-14
2 32 0.169258 -1.20876e-14
3 32 0.169258 -1.20876e-14
4 32 0.169258 -1.20876e-14
5 32 0.169258 -1.20876e-14
6 32 0.169258 -1.20876e-14
7 32 0.169258 -1.20876e-14
8 32 0.169258 -1.20876e-14
9 32 0.169258 -1.20876e-14
10 32 0.169258 -1.20876e-14
11 32 0.169258 -1.20876e-14
12 32 0.169258 -1.20876e-14
13 32 0.169258 -1.20876e-14
14 32 0.169258 -1.20876e-14
15 32 0.169258 -1.20876e-14
16 32 0.169258 -1.20876e-14
17 32 0.169258 -1.20876e-14
18 32 0.169258 -1.20876e-14
19 32 0.169258 -1.20876e-14
20 32 0.169258 -1.20876e-14

1 33 0.165221 1.22333e-14
2 33 0.165221 1.22333e-14
3 33 0.165221 1.22333e-14
4 33 0.165221 1.22333e-14
5 33 0.165221 1.22333e-14
6 33 0.165221 1.22333e-14
7 33 0.165221 1.22333e-14
8 33 0.165221 1.22333e-14
9 33 0.165221 1.22333e-14
10 33 0.165221 1.22333e-14
11 33 0.165221 1.22333e-14
12 33 0.165221 1.22333e-14
13 33 0.165221 1.22333e-14
14 33 0.165221 1.22333e-14
15 33 0.165221 1.22333e-14
16 33 0.165221 1.22333e-14
17 33 0.165221 1.22333e-14
18 33 0.165221 1.22333e-14
19 33 0.165221 1.22333e-14
20 33 0.165221 1.22333e-14

1 34 0.160605 -1.21639e-14
2 34 0.160605 -1.21639e-14
3 34 0.160605 -1.21639e-14
4 34 0.160605 -1.21639e-14
5 34 0.160605 -1.21639e-14
6 34 0.160605 -1.21639e-14
7 34 0.160605 -1.21639e-14
8 34 0.160605 -1.21639e-14
9 34 0.160605 -1.21639e-14
10 34 0.160605 -1.21639e-14
11 34 0.160605 -1.21639e-14
12 34 0.160605 -1.21639e-14
13 34 0.160605 -1.21639e-14
14 34 0.160605 -1.21639e-14
15 34 0.160605 -1.21639e-14
16 34 0.160605 -1.21639e-14
17 34 0.160605 -1.21639e-14
18 34 0.160605 -1.21639e-14
19 34 0.160605 -1.21639e-14
20 34 0.160605 -1.21639e-14

1 35 0.155409 1.21431e-14
2 35 0.155409 1.21431e-14
3 35 0.155409 1.21431e-14
4 35 0.155409 1.21431e-14
5 35 0.155409 1.21431e-14
6 35 0.155409 1.21431e-14
7 35 0.155409 1.21431e-14
8 35 0.155409 1.21431e-14
9 35 0.155409 1.21431e-14
10 35 0.155409 1.21431e-14
11 35 0.155409 1.21431e-14
12 35 0.155409 1.21431e-14
13 35 0.155409 1.21431e-14
14 35 0.155409 1.21431e-14
15 35 0.155409 1.21431e-14
16 35 0.155409 1.21431e-14
17 35 0.155409 1.21431e-14
18 35 0.155409 1.21431e-14
19 35 0.155409 1.21431e-14
20 35 0.155409 1.21431e-14

1 36 0.149634 -1.2268e-14
2 36 0.149634 -1.2268e-14
3 36 0.149634 -1.2268e-14
4 36 0.149634 -1.2268e-14
5 36 0.149634 -1.2268e-14
6 36 0.149634 -1.2268e-14
7 36 0.149634 -1.2268e-14
8 36 0.149634 -1.2268e-14
9 36 0.149634 -1.2268e-14
10 36 0.149634 -1.2268e-14
11 36 0.149634 -1.2268e-14
12 36 0.149634 -1.2268e-14
13 36 0.149634 -1.2268e-14
14 36 0.149634 -1.2268e-14
15 36 0.149634 -1.2268e-14
16 36 0.149634 -1.2268e-14
17 36 0.149634 -1.2268e-14
18 36 0.149634 -1.2268e-14
19 36 0.149634 -1.2268e-14
20 36 0.149634 -1.2268e-14

1 37 0.143277 1.21222e-14
2 37 0.143277 1.21222e-14
3 37 0.143277 1.21222e-14
4 37 0.143277 1.21222e-14
5 37 0.143277 1.21222e-14
6 37 0.143277 1.21222e-14
7 37 0.143277 1.21222e-14
8 37 0.143277 1.21222e-14
9 37 0.143277 1.21222e-14
10 37 0.143277 1.21222e-14
11 37 0.143277 1.21222e-14
12 37 0.143277 1.21222e-14
13 37 0.143277 1.21222e-14
14 37 0.143277 1.21222e-14
15 37 0.143277 1.21222e-14
16 37 0.143277 1.21222e-14
17 37 0.143277 1.21222e-14
18 37 0.143277 1.21222e-14
19 37 0.143277 1.21222e-14
20 37 0.143277 1.21222e-14

1 38 0.136338 -1.22125e-14
2 38 0.136338 -1.22125e-14
3 38 0.136338 -1.22125e-14
4 38 0.136338 -1.22125e-14
5 38 0.136338 -1.22125e-14
6 38 0.136338 -1.22125e-14
7 38 0.136338 -1.22125e-14
8 38 0.136338 -1.22125e-14
9 38 0.136338 -1.22125e-14
10 38 0.136338 -1.22125e-14
11 38 0.136338 -1.22125e-14
12 38 0.136338 -1.22125e-14
13 38 0.136338 -1.22125e-14
14 38 0.136338 -1.22125e-14
15 38 0.136338 -1.22125e-14
16 38 0.136338 -1.22125e-14
17 38 0.136338 -1.22125e-14
18 38 0.136338 -1.22125e-14
19 38 0.136338 -1.22125e-14
20 38 0.136338 -1.22125e-14

1 39 0.128816 1.2039e-14
2 39 0.128816 1.2039e-14
3 39 0.128816 1.2039e-14
4 39 0.128816 1.2039e-14
5 39 0.128816 1.2039e-14
6 39 0.128816 1.2039e-14
7 39 0.128816 1.2039e-14
8 39 0.128816 1.2039e-14
9 39 0.128816 1.2039e-14
10 39 0.128816 1.2039e-14
11 39 0.128816 1.2039e-14
12 39 0.128816 1.2039e-14
13 39 0.128816 1.2039e-14
14 39 0.128816 1.2039e-14
15 39 0.128816 1.2039e-14
16 39 0.128816 1.2039e-14
17 39 0.128816 1.2039e-14
18 39 0.128816 1.2039e-14
19 39 0.128816 1.2039e-14
20 39 0.128816 1.2039e-14

1 40 0.12071 -1.21084e-14
2 40 0.12071 -1.21084e-14
3 40 0.12071 -1.21084e-14
4 40 0.12071 -1.21084e-14
5 40 0.12071 -1.21084e-14
6 40 0.12071 -1.21084e-14
7 40 0.12071 -1.21084e-14
8 40 0.12071 -1.21084e-14
9 40 0.12071 -1.21084e-14
10 40 0.12071 -1.21084e-14
11 40 0.12071 -1.21084e-14
12 40 0.12071 -1.21084e-14
13 40 0.12071 -1.21084e-14
14 40 0.12071 -1.21084e-14
15 40 0.12071 -1.21084e-14
16 40 0.12071 -1.21084e-14
17 40 0.12071 -1.21084e-14
18 40 0.12071 -1.21084e-14
19 40 0.12071 -1.21084e-14
20 40 0.12071 -1.21084e-14

1 41 0.112018 1.20737e-14
2 41 0.112018 1.20737e-14
3 41 0.112018 1.20737e-14
4 41 0.112018 1.20737e-14
5 41 0.112018 1.20737e-14
6 41 0.112018 1.20737e-14
7 41 0.112018 1.20737e-14
8 41 0.112018 1.20737e-14
9 41 0.112018 1.20737e-14
10 41 0.112018 1.20737e-14
11 41 0.112018 1.20737e-14
12 41 0.112018 1.20737e-14
13 41 0.112018 1.20737e-14
14 41 0.112018 1.20737e-14
15 41 0.112018 1.20737e-14
16 41 0.112018 1.20737e-14
17 41 0.112018 1.20737e-14
18 41 0.112018 1.20737e-14
19 41 0.112018 1.20737e-14
20 41 0.112018 1.20737e-14

1 42 0.10274 -1.21292e-14
2 42 0.10274 -1.21292e-14
3 42 0.10274 -1.21292e-14
4 42 0.10274 -1.21292e-14
5 42 0.10274 -1.21292e-14
6 42 0.10274 -1.21292e-14
7 42 0.10274 -1.21292e-14
8 42 0.10274 -1.21292e-14
9 42 0.10274 -1.21292e-14
10 42 0.10274 -1.21292e-14
11 42 0.10274 -1.21292e-14
12 42 0.10274 -1.21292e-14
13 42 0.10274 -1.21292e-14
14 42 0.10274 -1.21292e-14
15 42 0.10274 -1.21292e-14
16 42 0.10274 -1.21292e-14
17 42 0.10274 -1.21292e-14
18 42 0.10274 -1.21292e-14
19 42 0.10274 -1.21292e-14
20 42 0.10274 -1.21292e-14

1 43 0.0928741 1.19002e-14
2 43 0.0928741 1.19002e-14
3 43 0.0928741 1.19002e-14
4 43 0.0928741 1.19002e-14
5 43 0.0928741 1.19002e-14
6 43 0.0928741 1.19002e-14
7 43 0.0928741 1.19002e-14
8 43 0.0928741 1.19002e-14
9 43 0.0928741 1.19002e-14
10 43 0.0928741 1.19002e-14
11 43 0.0928741 1.19002e-14
12 43 0.0928741 1.19002e-14
13 43 0.0928741 1.19002e-14
14 43 0.0928741 1.19002e-14
15 43 0.0928741 1.19002e-14
16 43 0.0928741 1.19002e-14
17 43 0.0928741 1.19002e-14
18 43 0.0928741 1.19002e-14
19 43 0.0928741 1.19002e-14
20 43 0.0928741 1.19002e-14

1 44 0.0824189 -1.22194e-14
2 44 0.0824189 -1.22194e-14
3 44 0.0824189 -1.22194e-14
4 44 0.0824189 -1.22194e-14
5 44 0.0824189 -1.22194e-14
6 44 0.0824189 -1.22194e-14
7 44 0.0824189 -1.22194e-14
8 44 0.0824189 -1.22194e-14
9 44 0.0824189 -1.22194e-14
10 44 0.0824189 -1.22194e-14
11 44 0.0824189 -1.22194e-14
12 44 0.0824189 -1.22194e-14
13 44 0.0824189 -1.22194e-14
14 44 0.0824189 -1.22194e-14
15 44 0.0824189 -1.22194e-14
16 44 0.0824189 -1.22194e-14
17 44 0.0824189 -1.22194e-14
18 44 0.0824189 -1.22194e-14
19 44 0.0824189 -1.22194e-14
20 44 0.0824189 -1.22194e-14

1 45 0.0713731 1.17753e-14
2 45 0.0713731 1.17753e-14
3 45 0.0713731 1.17753e-14
4 45 0.0713731 1.17753e-14
5 45 0.0713731 1.17753e-14
6 45 0.0713731 1.17753e-14
7 45 0.0713731 1.17753e-14
8 45 0.0713731 1.17753e-14
9 45 0.0713731 1.17753e-14
10 45 0.0713731 1.17753e-14
11 45 0.0713731 1.17753e-14
12 45 0.0713731 1.17753e-14
13 45 0.0713731 1.17753e-14
14 45 0.0713731 1.17753e-14
15 45 0.0713731 1.17753e-14
16 45 0.0713731 1.17753e-14
17 45 0.0713731 1.17753e-14
18 45 0.0713731 1.17753e-14
19 45 0.0713731 1.17753e-14
20 45 0.0713731 1.17753e-14

1 46 0.0597353 -1.20598e-14
2 46 0.0597353 -1.20598e-14
3 46 0.0597353 -1.20598e-14
4 46 0.0597353 -1.20598e-14
5 46 0.0597353 -1.20598e-14
6 46 0.0597353 -1.20598e-14
7 46 0.0597353 -1.20598e-14
8 46 0.0597353 -1.20598e-14
9 46 0.0597353 -1.20598e-14
10 46 0.0597353 -1.20598e-14
11 46 0.0597353 -1.20598e-14
12 46 0.0597353 -1.20598e-14
13 46 0.0597353 -1.20598e-14
14 46 0.0597353 -1.20598e-14
15 46 0.0597353 -1.20598e-14
16 46 0.0597353 -1.20598e-14
17 46 0.0597353 -1.20598e-14
18 46 0.0597353 -1.20598e-14
19 46 0.0597353 -1.20598e-14
20 46 0.0597353 -1.20598e-14

1 47 0.047504 1.16365e-14
2 47 0.047504 1.16365e-14
3 47 0.047504 1.16365e-14
4 47 0.047504 1.16365e-14
5 47 0.047504 1.16365e-14
6 47 0.047504 1.16365e-14
7 47 0.047504 1.16365e-14
8 47 0.047504 1.16365e-14
9 47 0.047504 1.16365e-14
10 47 0.047504 1.16365e-14
11 47 0.047504 1.16365e-14
12 47 0.047504 1.16365e-14
13 47 0.047504 1.16365e-14
14 47 0.047504 1.16365e-14
15 47 0.047504 1.16365e-14
16 47 0.047504 1.16365e-14
17 47 0.047504 1.16365e-14
18 47 0.047504 1.16365e-14
19 47 0.047504 1.16365e-14
20 47 0.047504 1.16365e-14

1 48 0.0346779 -1.18135e-14
2 48 0.0346779 -1.18135e-14
3 48 0.0346779 -1.18135e-14
4 48 0.0346779 -1.18135e-14
5 48 0.0346779 -1.18135e-14
6 48 0.0346779 -1.18135e-14
7 48 0.0346779 -1.18135e-14
8 48 0.0346779 -1.18135e-14
9 48 0.0346779 -1.18135e-14
10 48 0.0346779 -1.18135e-14
11 48 0.0346779 -1.18135e-14
12 48 0.0346779 -1.18135e-14
13 48 0.0346779 -1.18135e-14
14 48 0.0346779 -1.18135e-14
15 48 0.0346779 -1.18135e-14
16 48 0.0346779 -1.18135e-14
17 48 0.0346779 -1.18135e-14
18 48 0.0346779 -1.18135e-14
19 48 0.0346779 -1.18135e-14
20 48 0.0346779 -1.18135e-14

1 49 0.0212553 1.17129e-14
2 49 0.0212553 1.17129e-14
3 49 0.0212553 1.17129e-14
4 49 0.0212553 1.17129e-14
5 49 0.0212553 1.17129e-14
6 49 0.0212553 1.17129e-14
7 49 0.0212553 1.17129e-14
8 49 0.0212553 1.17129e-14
9 49 0.0212553 1.17129e-14
10 49 0.0212553 1.17129e-14
11 49 0.0212553 1.17129e-14
12 49 0.0212553 1.17129e-14
13 49 0.0212553 1.17129e-14
14 49 0.0212553 1.17129e-14
15 49 0.0212553 1.17129e-14
16 49 0.0212553 1.17129e-14
17 49 0.0212553 1.17129e-14
18 49 0.0212553 1.17129e-14
19 49 0.0212553 1.17129e-14
20 49 0.0212553 1.17129e-14

1 50 0.00723489 -1.1699e-14
2 50 0.00723489 -1.1699e-14
3 50 0.00723489 -1.1699e-14
4 50 0.00723489 -1.1699e-14
5 50 0.00723489 -1.1699e-14
6 50 0.00723489 -1.1699e-14
7 50 0.00723489 -1.1699e-14
8 50 0.00723489 -1.1699e-14
9 50 0.00723489 -1.1699e-14
10 50 0.00723489 -1.1699e-14
11 50 0.00723489 -1.1699e-14
12 50 0.00723489 -1.1699e-14
13 50 0.00723489 -1.1699e-14
14 50 0.00723489 -1.1699e-14
15 50 0.00723489 -1.1699e-14
16 50 0.00723489 -1.1699e-14
17 50 0.00723489 -1.1699e-14
18 50 0.00723489 -1.1699e-14
19 50 0.00723489 -1.1699e-14
20 50 0.00723489 -1.1699e-14

