1 1 0.00709448 9.89833e-15
2 1 0.00709448 9.89833e-15
3 1 0.00709448 9.89833e-15
4 1 0.00709448 9.89833e-15
5 1 0.00709448 9.89833e-15
6 1 0.00709448 9.89833e-15
7 1 0.00709448 9.89833e-15
8 1 0.00709448 9.89833e-15
9 1 0.00709448 9.89833e-15
10 1 0.00709448 9.89833e-15
11 1 0.00709448 9.89833e-15
12 1 0.00709448 9.89833e-15
13 1 0.00709448 9.89833e-15
14 1 0.00709448 9.89833e-15
15 1 0.00709448 9.89833e-15
16 1 0.00709448 9.89833e-15
17 1 0.00709448 9.89833e-15
18 1 0.00709448 9.89833e-15
19 1 0.00709448 9.89833e-15
20 1 0.00709448 9.89833e-15

1 2 0.0208347 -9.98854e-15
2 2 0.0208347 -9.98854e-15
3 2 0.0208347 -9.98854e-15
4 2 0.0208347 -9.98854e-15
5 2 0.0208347 -9.98854e-15
6 2 0.0208347 -9.98854e-15
7 2 0.0208347 -9.98854e-15
8 2 0.0208347 -9.98854e-15
9 2 0.0208347 -9.98854e-15
10 2 0.0208347 -9.98854e-15
11 2 0.0208347 -9.98854e-15
12 2 0.0208347 -9.98854e-15
13 2 0.0208347 -9.98854e-15
14 2 0.0208347 -9.98854e-15
15 2 0.0208347 -9.98854e-15
16 2 0.0208347 -9.98854e-15
17 2 0.0208347 -9.98854e-15
18 2 0.0208347 -9.98854e-15
19 2 0.0208347 -9.98854e-15
20 2 0.0208347 -9.98854e-15

1 3 0.0339786 9.85323e-15
2 3 0.0339786 9.85323e-15
3 3 0.0339786 9.85323e-15
4 3 0.0339786 9.85323e-15
5 3 0.0339786 9.85323e-15
6 3 0.0339786 9.85323e-15
7 3 0.0339786 9.85323e-15
8 3 0.0339786 9.85323e-15
9 3 0.0339786 9.85323e-15
10 3 0.0339786 9.85323e-15
11 3 0.0339786 9.85323e-15
12 3 0.0339786 9.85323e-15
13 3 0.0339786 9.85323e-15
14 3 0.0339786 9.85323e-15
15 3 0.0339786 9.85323e-15
16 3 0.0339786 9.85323e-15
17 3 0.0339786 9.85323e-15
18 3 0.0339786 9.85323e-15
19 3 0.0339786 9.85323e-15
20 3 0.0339786 9.85323e-15

1 4 0.0465289 -1.01447e-14
2 4 0.0465289 -1.01447e-14
3 4 0.0465289 -1.01447e-14
4 4 0.0465289 -1.01447e-14
5 4 0.0465289 -1.01447e-14
6 4 0.0465289 -1.01447e-14
7 4 0.0465289 -1.01447e-14
8 4 0.0465289 -1.01447e-14
9 4 0.0465289 -1.01447e-14
10 4 0.0465289 -1.01447e-14
11 4 0.0465289 -1.01447e-14
12 4 0.0465289 -1.01447e-14
13 4 0.0465289 -1.01447e-14
14 4 0.0465289 -1.01447e-14
15 4 0.0465289 -1.01447e-14
16 4 0.0465289 -1.01447e-14
17 4 0.0465289 -1.01447e-14
18 4 0.0465289 -1.01447e-14
19 4 0.0465289 -1.01447e-14
20 4 0.0465289 -1.01447e-14

1 5 0.0584882 9.9018e-15
2 5 0.0584882 9.9018e-15
3 5 0.0584882 9.9018e-15
4 5 0.0584882 9.9018e-15
5 5 0.0584882 9.9018e-15
6 5 0.0584882 9.9018e-15
7 5 0.0584882 9.9018e-15
8 5 0.0584882 9.9018e-15
9 5 0.0584882 9.9018e-15
10 5 0.0584882 9.9018e-15
11 5 0.0584882 9.9018e-15
12 5 0.0584882 9.9018e-15
13 5 0.0584882 9.9018e-15
14 5 0.0584882 9.9018e-15
15 5 0.0584882 9.9018e-15
16 5 0.0584882 9.9018e-15
17 5 0.0584882 9.9018e-15
18 5 0.0584882 9.9018e-15
19 5 0.0584882 9.9018e-15
20 5 0.0584882 9.9018e-15

1 6 0.0698589 -1.02418e-14
2 6 0.0698589 -1.02418e-14
3 6 0.0698589 -1.02418e-14
4 6 0.0698589 -1.02418e-14
5 6 0.0698589 -1.02418e-14
6 6 0.0698589 -1.02418e-14
7 6 0.0698589 -1.02418e-14
8 6 0.0698589 -1.02418e-14
9 6 0.0698589 -1.02418e-14
10 6 0.0698589 -1.02418e-14
11 6 0.0698589 -1.02418e-14
12 6 0.0698589 -1.02418e-14
13 6 0.0698589 -1.02418e-14
14 6 0.0698589 -1.02418e-14
15 6 0.0698589 -1.02418e-14
16 6 0.0698589 -1.02418e-14
17 6 0.0698589 -1.02418e-14
18 6 0.0698589 -1.02418e-14
19 6 0.0698589 -1.02418e-14
20 6 0.0698589 -1.02418e-14

1 7 0.0806436 9.72833e-15
2 7 0.0806436 9.72833e-15
3 7 0.0806436 9.72833e-15
4 7 0.0806436 9.72833e-15
5 7 0.0806436 9.72833e-15
6 7 0.0806436 9.72833e-15
7 7 0.0806436 9.72833e-15
8 7 0.0806436 9.72833e-15
9 7 0.0806436 9.72833e-15
10 7 0.0806436 9.72833e-15
11 7 0.0806436 9.72833e-15
12 7 0.0806436 9.72833e-15
13 7 0.0806436 9.72833e-15
14 7 0.0806436 9.72833e-15
15 7 0.0806436 9.72833e-15
16 7 0.0806436 9.72833e-15
17 7 0.0806436 9.72833e-15
18 7 0.0806436 9.72833e-15
19 7 0.0806436 9.72833e-15
20 7 0.0806436 9.72833e-15

1 8 0.0908448 -1.03806e-14
2 8 0.0908448 -1.03806e-14
3 8 0.0908448 -1.03806e-14
4 8 0.0908448 -1.03806e-14
5 8 0.0908448 -1.03806e-14
6 8 0.0908448 -1.03806e-14
7 8 0.0908448 -1.03806e-14
8 8 0.0908448 -1.03806e-14
9 8 0.0908448 -1.03806e-14
10 8 0.0908448 -1.03806e-14
11 8 0.0908448 -1.03806e-14
12 8 0.0908448 -1.03806e-14
13 8 0.0908448 -1.03806e-14
14 8 0.0908448 -1.03806e-14
15 8 0.0908448 -1.03806e-14
16 8 0.0908448 -1.03806e-14
17 8 0.0908448 -1.03806e-14
18 8 0.0908448 -1.03806e-14
19 8 0.0908448 -1.03806e-14
20 8 0.0908448 -1.03806e-14

1 9 0.100465 9.63118e-15
2 9 0.100465 9.63118e-15
3 9 0.100465 9.63118e-15
4 9 0.100465 9.63118e-15
5 9 0.100465 9.63118e-15
6 9 0.100465 9.63118e-15
7 9 0.100465 9.63118e-15
8 9 0.100465 9.63118e-15
9 9 0.100465 9.63118e-15
10 9 0.100465 9.63118e-15
11 9 0.100465 9.63118e-15
12 9 0.100465 9.63118e-15
13 9 0.100465 9.63118e-15
14 9 0.100465 9.63118e-15
15 9 0.100465 9.63118e-15
16 9 0.100465 9.63118e-15
17 9 0.100465 9.63118e-15
18 9 0.100465 9.63118e-15
19 9 0.100465 9.63118e-15
20 9 0.100465 9.63118e-15

1 10 0.109506 -1.01863e-14
2 10 0.109506 -1.01863e-14
3 10 0.109506 -1.01863e-14
4 10 0.109506 -1.01863e-14
5 10 0.109506 -1.01863e-14
6 10 0.109506 -1.01863e-14
7 10 0.109506 -1.01863e-14
8 10 0.109506 -1.01863e-14
9 10 0.109506 -1.01863e-14
10 10 0.109506 -1.01863e-14
11 10 0.109506 -1.01863e-14
12 10 0.109506 -1.01863e-14
13 10 0.109506 -1.01863e-14
14 10 0.109506 -1.01863e-14
15 10 0.109506 -1.01863e-14
16 10 0.109506 -1.01863e-14
17 10 0.109506 -1.01863e-14
18 10 0.109506 -1.01863e-14
19 10 0.109506 -1.01863e-14
20 10 0.109506 -1.01863e-14

1 11 0.11797 1.00059e-14
2 11 0.11797 1.00059e-14
3 11 0.11797 1.00059e-14
4 11 0.11797 1.00059e-14
5 11 0.11797 1.00059e-14
6 11 0.11797 1.00059e-14
7 11 0.11797 1.00059e-14
8 11 0.11797 1.00059e-14
9 11 0.11797 1.00059e-14
10 11 0.11797 1.00059e-14
11 11 0.11797 1.00059e-14
12 11 0.11797 1.00059e-14
13 11 0.11797 1.00059e-14
14 11 0.11797 1.00059e-14
15 11 0.11797 1.00059e-14
16 11 0.11797 1.00059e-14
17 11 0.11797 1.00059e-14
18 11 0.11797 1.00059e-14
19 11 0.11797 1.00059e-14
20 11 0.11797 1.00059e-14

1 12 0.12586 -1.00753e-14
2 12 0.12586 -1.00753e-14
3 12 0.12586 -1.00753e-14
4 12 0.12586 -1.00753e-14
5 12 0.12586 -1.00753e-14
6 12 0.12586 -1.00753e-14
7 12 0.12586 -1.00753e-14
8 12 0.12586 -1.00753e-14
9 12 0.12586 -1.00753e-14
10 12 0.12586 -1.00753e-14
11 12 0.12586 -1.00753e-14
12 12 0.12586 -1.00753e-14
13 12 0.12586 -1.00753e-14
14 12 0.12586 -1.00753e-14
15 12 0.12586 -1.00753e-14
16 12 0.12586 -1.00753e-14
17 12 0.12586 -1.00753e-14
18 12 0.12586 -1.00753e-14
19 12 0.12586 -1.00753e-14
20 12 0.12586 -1.00753e-14

1 13 0.133177 9.94343e-15
2 13 0.133177 9.94343e-15
3 13 0.133177 9.94343e-15
4 13 0.133177 9.94343e-15
5 13 0.133177 9.94343e-15
6 13 0.133177 9.94343e-15
7 13 0.133177 9.94343e-15
8 13 0.133177 9.94343e-15
9 13 0.133177 9.94343e-15
10 13 0.133177 9.94343e-15
11 13 0.133177 9.94343e-15
12 13 0.133177 9.94343e-15
13 13 0.133177 9.94343e-15
14 13 0.133177 9.94343e-15
15 13 0.133177 9.94343e-15
16 13 0.133177 9.94343e-15
17 13 0.133177 9.94343e-15
18 13 0.133177 9.94343e-15
19 13 0.133177 9.94343e-15
20 13 0.133177 9.94343e-15

1 14 0.139924 -1.02626e-14
2 14 0.139924 -1.02626e-14
3 14 0.139924 -1.02626e-14
4 14 0.139924 -1.02626e-14
5 14 0.139924 -1.02626e-14
6 14 0.139924 -1.02626e-14
7 14 0.139924 -1.02626e-14
8 14 0.139924 -1.02626e-14
9 14 0.139924 -1.02626e-14
10 14 0.139924 -1.02626e-14
11 14 0.139924 -1.02626e-14
12 14 0.139924 -1.02626e-14
13 14 0.139924 -1.02626e-14
14 14 0.139924 -1.02626e-14
15 14 0.139924 -1.02626e-14
16 14 0.139924 -1.02626e-14
17 14 0.139924 -1.02626e-14
18 14 0.139924 -1.02626e-14
19 14 0.139924 -1.02626e-14
20 14 0.139924 -1.02626e-14

1 15 0.146102 9.74221e-15
2 15 0.146102 9.74221e-15
3 15 0.146102 9.74221e-15
4 15 0.146102 9.74221e-15
5 15 0.146102 9.74221e-15
6 15 0.146102 9.74221e-15
7 15 0.146102 9.74221e-15
8 15 0.146102 9.74221e-15
9 15 0.146102 9.74221e-15
10 15 0.146102 9.74221e-15
11 15 0.146102 9.74221e-15
12 15 0.146102 9.74221e-15
13 15 0.146102 9.74221e-15
14 15 0.146102 9.74221e-15
15 15 0.146102 9.74221e-15
16 15 0.146102 9.74221e-15
17 15 0.146102 9.74221e-15
18 15 0.146102 9.74221e-15
19 15 0.146102 9.74221e-15
20 15 0.146102 9.74221e-15

1 16 0.151712 -1.02487e-14
2 16 0.151712 -1.02487e-14
3 16 0.151712 -1.02487e-14
4 16 0.151712 -1.02487e-14
5 16 0.151712 -1.02487e-14
6 16 0.151712 -1.02487e-14
7 16 0.151712 -1.02487e-14
8 16 0.151712 -1.02487e-14
9 16 0.151712 -1.02487e-14
10 16 0.151712 -1.02487e-14
11 16 0.151712 -1.02487e-14
12 16 0.151712 -1.02487e-14
13 16 0.151712 -1.02487e-14
14 16 0.151712 -1.02487e-14
15 16 0.151712 -1.02487e-14
16 16 0.151712 -1.02487e-14
17 16 0.151712 -1.02487e-14
18 16 0.151712 -1.02487e-14
19 16 0.151712 -1.02487e-14
20 16 0.151712 -1.02487e-14

1 17 0.156757 9.64506e-15
2 17 0.156757 9.64506e-15
3 17 0.156757 9.64506e-15
4 17 0.156757 9.64506e-15
5 17 0.156757 9.64506e-15
6 17 0.156757 9.64506e-15
7 17 0.156757 9.64506e-15
8 17 0.156757 9.64506e-15
9 17 0.156757 9.64506e-15
10 17 0.156757 9.64506e-15
11 17 0.156757 9.64506e-15
12 17 0.156757 9.64506e-15
13 17 0.156757 9.64506e-15
14 17 0.156757 9.64506e-15
15 17 0.156757 9.64506e-15
16 17 0.156757 9.64506e-15
17 17 0.156757 9.64506e-15
18 17 0.156757 9.64506e-15
19 17 0.156757 9.64506e-15
20 17 0.156757 9.64506e-15

1 18 0.161238 -1.03945e-14
2 18 0.161238 -1.03945e-14
3 18 0.161238 -1.03945e-14
4 18 0.161238 -1.03945e-14
5 18 0.161238 -1.03945e-14
6 18 0.161238 -1.03945e-14
7 18 0.161238 -1.03945e-14
8 18 0.161238 -1.03945e-14
9 18 0.161238 -1.03945e-14
10 18 0.161238 -1.03945e-14
11 18 0.161238 -1.03945e-14
12 18 0.161238 -1.03945e-14
13 18 0.161238 -1.03945e-14
14 18 0.161238 -1.03945e-14
15 18 0.161238 -1.03945e-14
16 18 0.161238 -1.03945e-14
17 18 0.161238 -1.03945e-14
18 18 0.161238 -1.03945e-14
19 18 0.161238 -1.03945e-14
20 18 0.161238 -1.03945e-14

1 19 0.165156 9.61037e-15
2 19 0.165156 9.61037e-15
3 19 0.165156 9.61037e-15
4 19 0.165156 9.61037e-15
5 19 0.165156 9.61037e-15
6 19 0.165156 9.61037e-15
7 19 0.165156 9.61037e-15
8 19 0.165156 9.61037e-15
9 19 0.165156 9.61037e-15
10 19 0.165156 9.61037e-15
11 19 0.165156 9.61037e-15
12 19 0.165156 9.61037e-15
13 19 0.165156 9.61037e-15
14 19 0.165156 9.61037e-15
15 19 0.165156 9.61037e-15
16 19 0.165156 9.61037e-15
17 19 0.165156 9.61037e-15
18 19 0.165156 9.61037e-15
19 19 0.165156 9.61037e-15
20 19 0.165156 9.61037e-15

1 20 0.168512 -1.01169e-14
2 20 0.168512 -1.01169e-14
3 20 0.168512 -1.01169e-14
4 20 0.168512 -1.01169e-14
5 20 0.168512 -1.01169e-14
6 20 0.168512 -1.01169e-14
7 20 0.168512 -1.01169e-14
8 20 0.168512 -1.01169e-14
9 20 0.168512 -1.01169e-14
10 20 0.168512 -1.01169e-14
11 20 0.168512 -1.01169e-14
12 20 0.168512 -1.01169e-14
13 20 0.168512 -1.01169e-14
14 20 0.168512 -1.01169e-14
15 20 0.168512 -1.01169e-14
16 20 0.168512 -1.01169e-14
17 20 0.168512 -1.01169e-14
18 20 0.168512 -1.01169e-14
19 20 0.168512 -1.01169e-14
20 20 0.168512 -1.01169e-14

1 21 0.171307 9.82547e-15
2 21 0.171307 9.82547e-15
3 21 0.171307 9.82547e-15
4 21 0.171307 9.82547e-15
5 21 0.171307 9.82547e-15
6 21 0.171307 9.82547e-15
7 21 0.171307 9.82547e-15
8 21 0.171307 9.82547e-15
9 21 0.171307 9.82547e-15
10 21 0.171307 9.82547e-15
11 21 0.171307 9.82547e-15
12 21 0.171307 9.82547e-15
13 21 0.171307 9.82547e-15
14 21 0.171307 9.82547e-15
15 21 0.171307 9.82547e-15
16 21 0.171307 9.82547e-15
17 21 0.171307 9.82547e-15
18 21 0.171307 9.82547e-15
19 21 0.171307 9.82547e-15
20 21 0.171307 9.82547e-15

1 22 0.173543 -1.01932e-14
2 22 0.173543 -1.01932e-14
3 22 0.173543 -1.01932e-14
4 22 0.173543 -1.01932e-14
5 22 0.173543 -1.01932e-14
6 22 0.173543 -1.01932e-14
7 22 0.173543 -1.01932e-14
8 22 0.173543 -1.01932e-14
9 22 0.173543 -1.01932e-14
10 22 0.173543 -1.01932e-14
11 22 0.173543 -1.01932e-14
12 22 0.173543 -1.01932e-14
13 22 0.173543 -1.01932e-14
14 22 0.173543 -1.01932e-14
15 22 0.173543 -1.01932e-14
16 22 0.173543 -1.01932e-14
17 22 0.173543 -1.01932e-14
18 22 0.173543 -1.01932e-14
19 22 0.173543 -1.01932e-14
20 22 0.173543 -1.01932e-14

1 23 0.175219 9.652e-15
2 23 0.175219 9.652e-15
3 23 0.175219 9.652e-15
4 23 0.175219 9.652e-15
5 23 0.175219 9.652e-15
6 23 0.175219 9.652e-15
7 23 0.175219 9.652e-15
8 23 0.175219 9.652e-15
9 23 0.175219 9.652e-15
10 23 0.175219 9.652e-15
11 23 0.175219 9.652e-15
12 23 0.175219 9.652e-15
13 23 0.175219 9.652e-15
14 23 0.175219 9.652e-15
15 23 0.175219 9.652e-15
16 23 0.175219 9.652e-15
17 23 0.175219 9.652e-15
18 23 0.175219 9.652e-15
19 23 0.175219 9.652e-15
20 23 0.175219 9.652e-15

1 24 0.176336 -1.02557e-14
2 24 0.176336 -1.02557e-14
3 24 0.176336 -1.02557e-14
4 24 0.176336 -1.02557e-14
5 24 0.176336 -1.02557e-14
6 24 0.176336 -1.02557e-14
7 24 0.176336 -1.02557e-14
8 24 0.176336 -1.02557e-14
9 24 0.176336 -1.02557e-14
10 24 0.176336 -1.02557e-14
11 24 0.176336 -1.02557e-14
12 24 0.176336 -1.02557e-14
13 24 0.176336 -1.02557e-14
14 24 0.176336 -1.02557e-14
15 24 0.176336 -1.02557e-14
16 24 0.176336 -1.02557e-14
17 24 0.176336 -1.02557e-14
18 24 0.176336 -1.02557e-14
19 24 0.176336 -1.02557e-14
20 24 0.176336 -1.02557e-14

1 25 0.176894 9.67976e-15
2 25 0.176894 9.67976e-15
3 25 0.176894 9.67976e-15
4 25 0.176894 9.67976e-15
5 25 0.176894 9.67976e-15
6 25 0.176894 9.67976e-15
7 25 0.176894 9.67976e-15
8 25 0.176894 9.67976e-15
9 25 0.176894 9.67976e-15
10 25 0.176894 9.67976e-15
11 25 0.176894 9.67976e-15
12 25 0.176894 9.67976e-15
13 25 0.176894 9.67976e-15
14 25 0.176894 9.67976e-15
15 25 0.176894 9.67976e-15
16 25 0.176894 9.67976e-15
17 25 0.176894 9.67976e-15
18 25 0.176894 9.67976e-15
19 25 0.176894 9.67976e-15
20 25 0.176894 9.67976e-15

1 26 0.176894 -1.03043e-14
2 26 0.176894 -1.03043e-14
3 26 0.176894 -1.03043e-14
4 26 0.176894 -1.03043e-14
5 26 0.176894 -1.03043e-14
6 26 0.176894 -1.03043e-14
7 26 0.176894 -1.03043e-14
8 26 0.176894 -1.03043e-14
9 26 0.176894 -1.03043e-14
10 26 0.176894 -1.03043e-14
11 26 0.176894 -1.03043e-14
12 26 0.176894 -1.03043e-14
13 26 0.176894 -1.03043e-14
14 26 0.176894 -1.03043e-14
15 26 0.176894 -1.03043e-14
16 26 0.176894 -1.03043e-14
17 26 0.176894 -1.03043e-14
18 26 0.176894 -1.03043e-14
19 26 0.176894 -1.03043e-14
20 26 0.176894 -1.03043e-14

1 27 0.176336 9.34669e-15
2 27 0.176336 9.34669e-15
3 27 0.176336 9.34669e-15
4 27 0.176336 9.34669e-15
5 27 0.176336 9.34669e-15
6 27 0.176336 9.34669e-15
7 27 0.176336 9.34669e-15
8 27 0.176336 9.34669e-15
9 27 0.176336 9.34669e-15
10 27 0.176336 9.34669e-15
11 27 0.176336 9.34669e-15
12 27 0.176336 9.34669e-15
13 27 0.176336 9.34669e-15
14 27 0.176336 9.34669e-15
15 27 0.176336 9.34669e-15
16 27 0.176336 9.34669e-15
17 27 0.176336 9.34669e-15
18 27 0.176336 9.34669e-15
19 27 0.176336 9.34669e-15
20 27 0.176336 9.34669e-15

1 28 0.175219 -1.04014e-14
2 28 0.175219 -1.04014e-14
3 28 0.175219 -1.04014e-14
4 28 0.175219 -1.04014e-14
5 28 0.175219 -1.04014e-14
6 28 0.175219 -1.04014e-14
7 28 0.175219 -1.04014e-14
8 28 0.175219 -1.04014e-14
9 28 0.175219 -1.04014e-14
10 28 0.175219 -1.04014e-14
11 28 0.175219 -1.04014e-14
12 28 0.175219 -1.04014e-14
13 28 0.175219 -1.04014e-14
14 28 0.175219 -1.04014e-14
15 28 0.175219 -1.04014e-14
16 28 0.175219 -1.04014e-14
17 28 0.175219 -1.04014e-14
18 28 0.175219 -1.04014e-14
19 28 0.175219 -1.04014e-14
20 28 0.175219 -1.04014e-14

1 29 0.173543 9.24955e-15
2 29 0.173543 9.24955e-15
3 29 0.173543 9.24955e-15
4 29 0.173543 9.24955e-15
5 29 0.173543 9.24955e-15
6 29 0.173543 9.24955e-15
7 29 0.173543 9.24955e-15
8 29 0.173543 9.24955e-15
9 29 0.173543 9.24955e-15
10 29 0.173543 9.24955e-15
11 29 0.173543 9.24955e-15
12 29 0.173543 9.24955e-15
13 29 0.173543 9.24955e-15
14 29 0.173543 9.24955e-15
15 29 0.173543 9.24955e-15
16 29 0.173543 9.24955e-15
17 29 0.173543 9.24955e-15
18 29 0.173543 9.24955e-15
19 29 0.173543 9.24955e-15
20 29 0.173543 9.24955e-15

1 30 0.171307 -1.03945e-14
2 30 0.171307 -1.03945e-14
3 30 0.171307 -1.03945e-14
4 30 0.171307 -1.03945e-14
5 30 0.171307 -1.03945e-14
6 30 0.171307 -1.03945e-14
7 30 0.171307 -1.03945e-14
8 30 0.171307 -1.03945e-14
9 30 0.171307 -1.03945e-14
10 30 0.171307 -1.03945e-14
11 30 0.171307 -1.03945e-14
12 30 0.171307 -1.03945e-14
13 30 0.171307 -1.03945e-14
14 30 0.171307 -1.03945e-14
15 30 0.171307 -1.03945e-14
16 30 0.171307 -1.03945e-14
17 30 0.171307 -1.03945e-14
18 30 0.171307 -1.03945e-14
19 30 0.171307 -1.03945e-14
20 30 0.171307 -1.03945e-14

1 31 0.168512 9.39526e-15
2 31 0.168512 9.39526e-15
3 31 0.168512 9.39526e-15
4 31 0.168512 9.39526e-15
5 31 0.168512 9.39526e-15
6 31 0.168512 9.39526e-15
7 31 0.168512 9.39526e-15
8 31 0.168512 9.39526e-15
9 31 0.168512 9.39526e-15
10 31 0.168512 9.39526e-15
11 31 0.168512 9.39526e-15
12 31 0.168512 9.39526e-15
13 31 0.168512 9.39526e-15
14 31 0.168512 9.39526e-15
15 31 0.168512 9.39526e-15
16 31 0.168512 9.39526e-15
17 31 0.168512 9.39526e-15
18 31 0.168512 9.39526e-15
19 31 0.168512 9.39526e-15
20 31 0.168512 9.39526e-15

1 32 0.165156 -1.01863e-14
2 32 0.165156 -1.01863e-14
3 32 0.165156 -1.01863e-14
4 32 0.165156 -1.01863e-14
5 32 0.165156 -1.01863e-14
6 32 0.165156 -1.01863e-14
7 32 0.165156 -1.01863e-14
8 32 0.165156 -1.01863e-14
9 32 0.165156 -1.01863e-14
10 32 0.165156 -1.01863e-14
11 32 0.165156 -1.01863e-14
12 32 0.165156 -1.01863e-14
13 32 0.165156 -1.01863e-14
14 32 0.165156 -1.01863e-14
15 32 0.165156 -1.01863e-14
16 32 0.165156 -1.01863e-14
17 32 0.165156 -1.01863e-14
18 32 0.165156 -1.01863e-14
19 32 0.165156 -1.01863e-14
20 32 0.165156 -1.01863e-14

1 33 0.161238 9.62425e-15
2 33 0.161238 9.62425e-15
3 33 0.161238 9.62425e-15
4 33 0.161238 9.62425e-15
5 33 0.161238 9.62425e-15
6 33 0.161238 9.62425e-15
7 33 0.161238 9.62425e-15
8 33 0.161238 9.62425e-15
9 33 0.161238 9.62425e-15
10 33 0.161238 9.62425e-15
11 33 0.161238 9.62425e-15
12 33 0.161238 9.62425e-15
13 33 0.161238 9.62425e-15
14 33 0.161238 9.62425e-15
15 33 0.161238 9.62425e-15
16 33 0.161238 9.62425e-15
17 33 0.161238 9.62425e-15
18 33 0.161238 9.62425e-15
19 33 0.161238 9.62425e-15
20 33 0.161238 9.62425e-15

1 34 0.156757 -1.00406e-14
2 34 0.156757 -1.00406e-14
3 34 0.156757 -1.00406e-14
4 34 0.156757 -1.00406e-14
5 34 0.156757 -1.00406e-14
6 34 0.156757 -1.00406e-14
7 34 0.156757 -1.00406e-14
8 34 0.156757 -1.00406e-14
9 34 0.156757 -1.00406e-14
10 34 0.156757 -1.00406e-14
11 34 0.156757 -1.00406e-14
12 34 0.156757 -1.00406e-14
13 34 0.156757 -1.00406e-14
14 34 0.156757 -1.00406e-14
15 34 0.156757 -1.00406e-14
16 34 0.156757 -1.00406e-14
17 34 0.156757 -1.00406e-14
18 34 0.156757 -1.00406e-14
19 34 0.156757 -1.00406e-14
20 34 0.156757 -1.00406e-14

1 35 0.151712 9.62425e-15
2 35 0.151712 9.62425e-15
3 35 0.151712 9.62425e-15
4 35 0.151712 9.62425e-15
5 35 0.151712 9.62425e-15
6 35 0.151712 9.62425e-15
7 35 0.151712 9.62425e-15
8 35 0.151712 9.62425e-15
9 35 0.151712 9.62425e-15
10 35 0.151712 9.62425e-15
11 35 0.151712 9.62425e-15
12 35 0.151712 9.62425e-15
13 35 0.151712 9.62425e-15
14 35 0.151712 9.62425e-15
15 35 0.151712 9.62425e-15
16 35 0.151712 9.62425e-15
17 35 0.151712 9.62425e-15
18 35 0.151712 9.62425e-15
19 35 0.151712 9.62425e-15
20 35 0.151712 9.62425e-15

1 36 0.146102 -1.02418e-14
2 36 0.146102 -1.02418e-14
3 36 0.146102 -1.02418e-14
4 36 0.146102 -1.02418e-14
5 36 0.146102 -1.02418e-14
6 36 0.146102 -1.02418e-14
7 36 0.146102 -1.02418e-14
8 36 0.146102 -1.02418e-14
9 36 0.146102 -1.02418e-14
10 36 0.146102 -1.02418e-14
11 36 0.146102 -1.02418e-14
12 36 0.146102 -1.02418e-14
13 36 0.146102 -1.02418e-14
14 36 0.146102 -1.02418e-14
15 36 0.146102 -1.02418e-14
16 36 0.146102 -1.02418e-14
17 36 0.146102 -1.02418e-14
18 36 0.146102 -1.02418e-14
19 36 0.146102 -1.02418e-14
20 36 0.146102 -1.02418e-14

1 37 0.139924 9.5618e-15
2 37 0.139924 9.5618e-15
3 37 0.139924 9.5618e-15
4 37 0.139924 9.5618e-15
5 37 0.139924 9.5618e-15
6 37 0.139924 9.5618e-15
7 37 0.139924 9.5618e-15
8 37 0.139924 9.5618e-15
9 37 0.139924 9.5618e-15
10 37 0.139924 9.5618e-15
11 37 0.139924 9.5618e-15
12 37 0.139924 9.5618e-15
13 37 0.139924 9.5618e-15
14 37 0.139924 9.5618e-15
15 37 0.139924 9.5618e-15
16 37 0.139924 9.5618e-15
17 37 0.139924 9.5618e-15
18 37 0.139924 9.5618e-15
19 37 0.139924 9.5618e-15
20 37 0.139924 9.5618e-15

1 38 0.133177 -1.01724e-14
2 38 0.133177 -1.01724e-14
3 38 0.133177 -1.01724e-14
4 38 0.133177 -1.01724e-14
5 38 0.133177 -1.01724e-14
6 38 0.133177 -1.01724e-14
7 38 0.133177 -1.01724e-14
8 38 0.133177 -1.01724e-14
9 38 0.133177 -1.01724e-14
10 38 0.133177 -1.01724e-14
11 38 0.133177 -1.01724e-14
12 38 0.133177 -1.01724e-14
13 38 0.133177 -1.01724e-14
14 38 0.133177 -1.01724e-14
15 38 0.133177 -1.01724e-14
16 38 0.133177 -1.01724e-14
17 38 0.133177 -1.01724e-14
18 38 0.133177 -1.01724e-14
19 38 0.133177 -1.01724e-14
20 38 0.133177 -1.01724e-14

1 39 0.12586 9.54098e-15
2 39 0.12586 9.54098e-15
3 39 0.12586 9.54098e-15
4 39 0.12586 9.54098e-15
5 39 0.12586 9.54098e-15
6 39 0.12586 9.54098e-15
7 39 0.12586 9.54098e-15
8 39 0.12586 9.54098e-15
9 39 0.12586 9.54098e-15
10 39 0.12586 9.54098e-15
11 39 0.12586 9.54098e-15
12 39 0.12586 9.54098e-15
13 39 0.12586 9.54098e-15
14 39 0.12586 9.54098e-15
15 39 0.12586 9.54098e-15
16 39 0.12586 9.54098e-15
17 39 0.12586 9.54098e-15
18 39 0.12586 9.54098e-15
19 39 0.12586 9.54098e-15
20 39 0.12586 9.54098e-15

1 40 0.11797 -1.00406e-14
2 40 0.11797 -1.00406e-14
3 40 0.11797 -1.00406e-14
4 40 0.11797 -1.00406e-14
5 40 0.11797 -1.00406e-14
6 40 0.11797 -1.00406e-14
7 40 0.11797 -1.00406e-14
8 40 0.11797 -1.00406e-14
9 40 0.11797 -1.00406e-14
10 40 0.11797 -1.00406e-14
11 40 0.11797 -1.00406e-14
12 40 0.11797 -1.00406e-14
13 40 0.11797 -1.00406e-14
14 40 0.11797 -1.00406e-14
15 40 0.11797 -1.00406e-14
16 40 0.11797 -1.00406e-14
17 40 0.11797 -1.00406e-14
18 40 0.11797 -1.00406e-14
19 40 0.11797 -1.00406e-14
20 40 0.11797 -1.00406e-14

1 41 0.109506 9.76996e-15
2 41 0.109506 9.76996e-15
3 41 0.109506 9.76996e-15
4 41 0.109506 9.76996e-15
5 41 0.109506 9.76996e-15
6 41 0.109506 9.76996e-15
7 41 0.109506 9.76996e-15
8 41 0.109506 9.76996e-15
9 41 0.109506 9.76996e-15
10 41 0.109506 9.76996e-15
11 41 0.109506 9.76996e-15
12 41 0.109506 9.76996e-15
13 41 0.109506 9.76996e-15
14 41 0.109506 9.76996e-15
15 41 0.109506 9.76996e-15
16 41 0.109506 9.76996e-15
17 41 0.109506 9.76996e-15
18 41 0.109506 9.76996e-15
19 41 0.109506 9.76996e-15
20 41 0.109506 9.76996e-15

1 42 0.100465 -9.97813e-15
2 42 0.100465 -9.97813e-15
3 42 0.100465 -9.97813e-15
4 42 0.100465 -9.97813e-15
5 42 0.100465 -9.97813e-15
6 42 0.100465 -9.97813e-15
7 42 0.100465 -9.97813e-15
8 42 0.100465 -9.97813e-15
9 42 0.100465 -9.97813e-15
10 42 0.100465 -9.97813e-15
11 42 0.100465 -9.97813e-15
12 42 0.100465 -9.97813e-15
13 42 0.100465 -9.97813e-15
14 42 0.100465 -9.97813e-15
15 42 0.100465 -9.97813e-15
16 42 0.100465 -9.97813e-15
17 42 0.100465 -9.97813e-15
18 42 0.100465 -9.97813e-15
19 42 0.100465 -9.97813e-15
20 42 0.100465 -9.97813e-15

1 43 0.0908448 9.73527e-15
2 43 0.0908448 9.73527e-15
3 43 0.0908448 9.73527e-15
4 43 0.0908448 9.73527e-15
5 43 0.0908448 9.73527e-15
6 43 0.0908448 9.73527e-15
7 43 0.0908448 9.73527e-15
8 43 0.0908448 9.73527e-15
9 43 0.0908448 9.73527e-15
10 43 0.0908448 9.73527e-15
11 43 0.0908448 9.73527e-15
12 43 0.0908448 9.73527e-15
13 43 0.0908448 9.73527e-15
14 43 0.0908448 9.73527e-15
15 43 0.0908448 9.73527e-15
16 43 0.0908448 9.73527e-15
17 43 0.0908448 9.73527e-15
18 43 0.0908448 9.73527e-15
19 43 0.0908448 9.73527e-15
20 43 0.0908448 9.73527e-15

1 44 0.0806436 -1.00059e-14
2 44 0.0806436 -1.00059e-14
3 44 0.0806436 -1.00059e-14
4 44 0.0806436 -1.00059e-14
5 44 0.0806436 -1.00059e-14
6 44 0.0806436 -1.00059e-14
7 44 0.0806436 -1.00059e-14
8 44 0.0806436 -1.00059e-14
9 44 0.0806436 -1.00059e-14
10 44 0.0806436 -1.00059e-14
11 44 0.0806436 -1.00059e-14
12 44 0.0806436 -1.00059e-14
13 44 0.0806436 -1.00059e-14
14 44 0.0806436 -1.00059e-14
15 44 0.0806436 -1.00059e-14
16 44 0.0806436 -1.00059e-14
17 44 0.0806436 -1.00059e-14
18 44 0.0806436 -1.00059e-14
19 44 0.0806436 -1.00059e-14
20 44 0.0806436 -1.00059e-14

1 45 0.0698589 9.63118e-15
2 45 0.0698589 9.63118e-15
3 45 0.0698589 9.63118e-15
4 45 0.0698589 9.63118e-15
5 45 0.0698589 9.63118e-15
6 45 0.0698589 9.63118e-15
7 45 0.0698589 9.63118e-15
8 45 0.0698589 9.63118e-15
9 45 0.0698589 9.63118e-15
10 45 0.0698589 9.63118e-15
11 45 0.0698589 9.63118e-15
12 45 0.0698589 9.63118e-15
13 45 0.0698589 9.63118e-15
14 45 0.0698589 9.63118e-15
15 45 0.0698589 9.63118e-15
16 45 0.0698589 9.63118e-15
17 45 0.0698589 9.63118e-15
18 45 0.0698589 9.63118e-15
19 45 0.0698589 9.63118e-15
20 45 0.0698589 9.63118e-15

1 46 0.0584882 -1.00822e-14
2 46 0.0584882 -1.00822e-14
3 46 0.0584882 -1.00822e-14
4 46 0.0584882 -1.00822e-14
5 46 0.0584882 -1.00822e-14
6 46 0.0584882 -1.00822e-14
7 46 0.0584882 -1.00822e-14
8 46 0.0584882 -1.00822e-14
9 46 0.0584882 -1.00822e-14
10 46 0.0584882 -1.00822e-14
11 46 0.0584882 -1.00822e-14
12 46 0.0584882 -1.00822e-14
13 46 0.0584882 -1.00822e-14
14 46 0.0584882 -1.00822e-14
15 46 0.0584882 -1.00822e-14
16 46 0.0584882 -1.00822e-14
17 46 0.0584882 -1.00822e-14
18 46 0.0584882 -1.00822e-14
19 46 0.0584882 -1.00822e-14
20 46 0.0584882 -1.00822e-14

1 47 0.0465289 9.40914e-15
2 47 0.0465289 9.40914e-15
3 47 0.0465289 9.40914e-15
4 47 0.0465289 9.40914e-15
5 47 0.0465289 9.40914e-15
6 47 0.0465289 9.40914e-15
7 47 0.0465289 9.40914e-15
8 47 0.0465289 9.40914e-15
9 47 0.0465289 9.40914e-15
10 47 0.0465289 9.40914e-15
11 47 0.0465289 9.40914e-15
12 47 0.0465289 9.40914e-15
13 47 0.0465289 9.40914e-15
14 47 0.0465289 9.40914e-15
15 47 0.0465289 9.40914e-15
16 47 0.0465289 9.40914e-15
17 47 0.0465289 9.40914e-15
18 47 0.0465289 9.40914e-15
19 47 0.0465289 9.40914e-15
20 47 0.0465289 9.40914e-15

1 48 0.0339786 -1.03563e-14
2 48 0.0339786 -1.03563e-14
3 48 0.0339786 -1.03563e-14
4 48 0.0339786 -1.03563e-14
5 48 0.0339786 -1.03563e-14
6 48 0.0339786 -1.03563e-14
7 48 0.0339786 -1.03563e-14
8 48 0.0339786 -1.03563e-14
9 48 0.0339786 -1.03563e-14
10 48 0.0339786 -1.03563e-14
11 48 0.0339786 -1.03563e-14
12 48 0.0339786 -1.03563e-14
13 48 0.0339786 -1.03563e-14
14 48 0.0339786 -1.03563e-14
15 48 0.0339786 -1.03563e-14
16 48 0.0339786 -1.03563e-14
17 48 0.0339786 -1.03563e-14
18 48 0.0339786 -1.03563e-14
19 48 0.0339786 -1.03563e-14
20 48 0.0339786 -1.03563e-14

1 49 0.0208347 9.39873e-15
2 49 0.0208347 9.39873e-15
3 49 0.0208347 9.39873e-15
4 49 0.0208347 9.39873e-15
5 49 0.0208347 9.39873e-15
6 49 0.0208347 9.39873e-15
7 49 0.0208347 9.39873e-15
8 49 0.0208347 9.39873e-15
9 49 0.0208347 9.39873e-15
10 49 0.0208347 9.39873e-15
11 49 0.0208347 9.39873e-15
12 49 0.0208347 9.39873e-15
13 49 0.0208347 9.39873e-15
14 49 0.0208347 9.39873e-15
15 49 0.0208347 9.39873e-15
16 49 0.0208347 9.39873e-15
17 49 0.0208347 9.39873e-15
18 49 0.0208347 9.39873e-15
19 49 0.0208347 9.39873e-15
20 49 0.0208347 9.39873e-15

1 50 0.00709448 -1.00267e-14
2 50 0.00709448 -1.00267e-14
3 50 0.00709448 -1.00267e-14
4 50 0.00709448 -1.00267e-14
5 50 0.00709448 -1.00267e-14
6 50 0.00709448 -1.00267e-14
7 50 0.00709448 -1.00267e-14
8 50 0.00709448 -1.00267e-14
9 50 0.00709448 -1.00267e-14
10 50 0.00709448 -1.00267e-14
11 50 0.00709448 -1.00267e-14
12 50 0.00709448 -1.00267e-14
13 50 0.00709448 -1.00267e-14
14 50 0.00709448 -1.00267e-14
15 50 0.00709448 -1.00267e-14
16 50 0.00709448 -1.00267e-14
17 50 0.00709448 -1.00267e-14
18 50 0.00709448 -1.00267e-14
19 50 0.00709448 -1.00267e-14
20 50 0.00709448 -1.00267e-14

