15 1 0.00326414
15 2 0.00935944
15 3 0.0149058
15 4 0.019937
15 5 0.0244864
15 6 0.0285868
15 7 0.0322702
15 8 0.0355677
15 9 0.0385091
15 10 0.0411232
15 11 0.0434375
15 12 0.0454778
15 13 0.0472687
15 14 0.0488331
15 15 0.0501921
15 16 0.0513653
15 17 0.0523704
15 18 0.0532235
15 19 0.0539389
15 20 0.0545289
15 21 0.0550043
15 22 0.055374
15 23 0.0556451
15 24 0.0558228
15 25 0.0559108
15 26 0.0559108
15 27 0.0558228
15 28 0.0556451
15 29 0.055374
15 30 0.0550043
15 31 0.0545289
15 32 0.0539389
15 33 0.0532235
15 34 0.0523704
15 35 0.0513653
15 36 0.0501921
15 37 0.0488331
15 38 0.0472687
15 39 0.0454778
15 40 0.0434375
15 41 0.0411232
15 42 0.0385091
15 43 0.0355677
15 44 0.0322702
15 45 0.0285868
15 46 0.0244864
15 47 0.019937
15 48 0.0149058
15 49 0.00935944
15 50 0.00326414

