15 1 0.00742716
15 2 0.0218314
15 3 0.0356355
15 4 0.0488393
15 5 0.061443
15 6 0.0734466
15 7 0.0848499
15 8 0.0956531
15 9 0.105856
15 10 0.115459
15 11 0.124462
15 12 0.132864
15 13 0.140666
15 14 0.147868
15 15 0.15447
15 16 0.160472
15 17 0.165874
15 18 0.170675
15 19 0.174876
15 20 0.178477
15 21 0.181478
15 22 0.183879
15 23 0.185679
15 24 0.18688
15 25 0.18748
15 26 0.18748
15 27 0.18688
15 28 0.185679
15 29 0.183879
15 30 0.181478
15 31 0.178477
15 32 0.174876
15 33 0.170675
15 34 0.165874
15 35 0.160472
15 36 0.15447
15 37 0.147868
15 38 0.140666
15 39 0.132864
15 40 0.124462
15 41 0.115459
15 42 0.105856
15 43 0.0956531
15 44 0.0848499
15 45 0.0734466
15 46 0.061443
15 47 0.0488393
15 48 0.0356355
15 49 0.0218314
15 50 0.00742716

