15 1 0.00631591
15 2 0.018502
15 3 0.0301011
15 4 0.0411219
15 5 0.0515729
15 6 0.0614627
15 7 0.0707996
15 8 0.0795918
15 9 0.0878472
15 10 0.0955735
15 11 0.102778
15 12 0.109468
15 13 0.11565
15 14 0.121331
15 15 0.126516
15 16 0.131212
15 17 0.135422
15 18 0.139153
15 19 0.142408
15 20 0.145191
15 21 0.147505
15 22 0.149353
15 23 0.150737
15 24 0.151659
15 25 0.152119
15 26 0.152119
15 27 0.151659
15 28 0.150737
15 29 0.149353
15 30 0.147505
15 31 0.145191
15 32 0.142408
15 33 0.139153
15 34 0.135422
15 35 0.131212
15 36 0.126516
15 37 0.121331
15 38 0.11565
15 39 0.109468
15 40 0.102778
15 41 0.0955735
15 42 0.0878472
15 43 0.0795918
15 44 0.0707996
15 45 0.0614627
15 46 0.0515729
15 47 0.0411219
15 48 0.0301011
15 49 0.018502
15 50 0.00631591

