15 1 0.00740899
15 2 0.021777
15 3 0.035545
15 4 0.0487132
15 5 0.0612817
15 6 0.0732506
15 7 0.0846202
15 8 0.0953905
15 9 0.105562
15 10 0.115134
15 11 0.124107
15 12 0.132481
15 13 0.140257
15 14 0.147434
15 15 0.154013
15 16 0.159994
15 17 0.165376
15 18 0.17016
15 19 0.174345
15 20 0.177933
15 21 0.180923
15 22 0.183314
15 23 0.185108
15 24 0.186304
15 25 0.186902
15 26 0.186902
15 27 0.186304
15 28 0.185108
15 29 0.183314
15 30 0.180923
15 31 0.177933
15 32 0.174345
15 33 0.17016
15 34 0.165376
15 35 0.159994
15 36 0.154013
15 37 0.147434
15 38 0.140257
15 39 0.132481
15 40 0.124107
15 41 0.115134
15 42 0.105562
15 43 0.0953905
15 44 0.0846202
15 45 0.0732506
15 46 0.0612817
15 47 0.0487132
15 48 0.035545
15 49 0.021777
15 50 0.00740899

