15 1 0.00742258
15 2 0.0218177
15 3 0.0356126
15 4 0.0488075
15 5 0.0614023
15 6 0.0733971
15 7 0.0847919
15 8 0.0955868
15 9 0.105782
15 10 0.115377
15 11 0.124372
15 12 0.132767
15 13 0.140563
15 14 0.147759
15 15 0.154355
15 16 0.160351
15 17 0.165748
15 18 0.170545
15 19 0.174742
15 20 0.17834
15 21 0.181338
15 22 0.183736
15 23 0.185535
15 24 0.186734
15 25 0.187334
15 26 0.187334
15 27 0.186734
15 28 0.185535
15 29 0.183736
15 30 0.181338
15 31 0.17834
15 32 0.174742
15 33 0.170545
15 34 0.165748
15 35 0.160351
15 36 0.154355
15 37 0.147759
15 38 0.140563
15 39 0.132767
15 40 0.124372
15 41 0.115377
15 42 0.105782
15 43 0.0955868
15 44 0.0847919
15 45 0.0733971
15 46 0.0614023
15 47 0.0488075
15 48 0.0356126
15 49 0.0218177
15 50 0.00742258

