15 1 0.00119126
15 2 0.00316878
15 3 0.00467979
15 4 0.00580829
15 5 0.0066312
15 6 0.00721647
15 7 0.00762206
15 8 0.00789568
15 9 0.00807521
15 10 0.00818968
15 11 0.00826054
15 12 0.00830311
15 13 0.00832789
15 14 0.00834188
15 15 0.00834951
15 16 0.00835355
15 17 0.00835561
15 18 0.00835662
15 19 0.00835711
15 20 0.00835733
15 21 0.00835743
15 22 0.00835747
15 23 0.00835749
15 24 0.0083575
15 25 0.0083575
15 26 0.0083575
15 27 0.0083575
15 28 0.00835749
15 29 0.00835747
15 30 0.00835743
15 31 0.00835733
15 32 0.00835711
15 33 0.00835662
15 34 0.00835561
15 35 0.00835355
15 36 0.00834951
15 37 0.00834188
15 38 0.00832789
15 39 0.00830311
15 40 0.00826054
15 41 0.00818968
15 42 0.00807521
15 43 0.00789568
15 44 0.00762206
15 45 0.00721647
15 46 0.0066312
15 47 0.00580829
15 48 0.00467979
15 49 0.00316878
15 50 0.00119126

