15 1 0.00171252
15 2 0.00471949
15 3 0.00722172
15 4 0.00928097
15 5 0.0109563
15 6 0.0123032
15 7 0.013373
15 8 0.0142119
15 9 0.0148615
15 10 0.0153578
15 11 0.0157318
15 12 0.0160099
15 13 0.0162138
15 14 0.0163611
15 15 0.016466
15 16 0.0165396
15 17 0.0165905
15 18 0.0166251
15 19 0.0166483
15 20 0.0166636
15 21 0.0166735
15 22 0.0166797
15 23 0.0166835
15 24 0.0166857
15 25 0.0166867
15 26 0.0166867
15 27 0.0166857
15 28 0.0166835
15 29 0.0166797
15 30 0.0166735
15 31 0.0166636
15 32 0.0166483
15 33 0.0166251
15 34 0.0165905
15 35 0.0165396
15 36 0.016466
15 37 0.0163611
15 38 0.0162138
15 39 0.0160099
15 40 0.0157318
15 41 0.0153578
15 42 0.0148615
15 43 0.0142119
15 44 0.013373
15 45 0.0123032
15 46 0.0109563
15 47 0.00928097
15 48 0.00722172
15 49 0.00471949
15 50 0.00171252

