15 1 0.00245065
15 2 0.00692453
15 3 0.0108661
15 4 0.0143198
15 5 0.0173292
15 6 0.0199366
15 7 0.0221824
15 8 0.0241054
15 9 0.0257418
15 10 0.0271257
15 11 0.0282886
15 12 0.0292594
15 13 0.0300646
15 14 0.0307277
15 15 0.03127
15 16 0.0317102
15 17 0.0320645
15 18 0.0323473
15 19 0.0325705
15 20 0.0327442
15 21 0.032877
15 22 0.0329754
15 23 0.0330448
15 24 0.033089
15 25 0.0331105
15 26 0.0331105
15 27 0.033089
15 28 0.0330448
15 29 0.0329754
15 30 0.032877
15 31 0.0327442
15 32 0.0325705
15 33 0.0323473
15 34 0.0320645
15 35 0.0317102
15 36 0.03127
15 37 0.0307277
15 38 0.0300646
15 39 0.0292594
15 40 0.0282886
15 41 0.0271257
15 42 0.0257418
15 43 0.0241054
15 44 0.0221824
15 45 0.0199366
15 46 0.0173292
15 47 0.0143198
15 48 0.0108661
15 49 0.00692453
15 50 0.00245065

