15 1 0.00742481
15 2 0.0218243
15 3 0.0356237
15 4 0.048823
15 5 0.0614221
15 6 0.0734212
15 7 0.0848201
15 8 0.095619
15 9 0.105818
15 10 0.115417
15 11 0.124416
15 12 0.132814
15 13 0.140613
15 14 0.147812
15 15 0.154411
15 16 0.16041
15 17 0.165809
15 18 0.170608
15 19 0.174807
15 20 0.178407
15 21 0.181406
15 22 0.183806
15 23 0.185605
15 24 0.186805
15 25 0.187405
15 26 0.187405
15 27 0.186805
15 28 0.185605
15 29 0.183806
15 30 0.181406
15 31 0.178407
15 32 0.174807
15 33 0.170608
15 34 0.165809
15 35 0.16041
15 36 0.154411
15 37 0.147812
15 38 0.140613
15 39 0.132814
15 40 0.124416
15 41 0.115417
15 42 0.105818
15 43 0.095619
15 44 0.0848201
15 45 0.0734212
15 46 0.0614221
15 47 0.048823
15 48 0.0356237
15 49 0.0218243
15 50 0.00742481

