15 1 0.00742387
15 2 0.0218215
15 3 0.0356191
15 4 0.0488165
15 5 0.0614138
15 6 0.0734111
15 7 0.0848083
15 8 0.0956056
15 9 0.105803
15 10 0.1154
15 11 0.124397
15 12 0.132795
15 13 0.140592
15 14 0.14779
15 15 0.154388
15 16 0.160385
15 17 0.165784
15 18 0.170582
15 19 0.17478
15 20 0.178379
15 21 0.181378
15 22 0.183777
15 23 0.185576
15 24 0.186776
15 25 0.187375
15 26 0.187375
15 27 0.186776
15 28 0.185576
15 29 0.183777
15 30 0.181378
15 31 0.178379
15 32 0.17478
15 33 0.170582
15 34 0.165784
15 35 0.160385
15 36 0.154388
15 37 0.14779
15 38 0.140592
15 39 0.132795
15 40 0.124397
15 41 0.1154
15 42 0.105803
15 43 0.0956056
15 44 0.0848083
15 45 0.0734111
15 46 0.0614138
15 47 0.0488165
15 48 0.0356191
15 49 0.0218215
15 50 0.00742387

