15 1 0.00370756
15 2 0.0106875
15 3 0.017112
15 4 0.0230106
15 5 0.0284126
15 6 0.0333468
15 7 0.0378413
15 8 0.0419237
15 9 0.0456205
15 10 0.0489575
15 11 0.0519594
15 12 0.0546496
15 13 0.0570506
15 14 0.0591832
15 15 0.0610671
15 16 0.0627205
15 17 0.0641601
15 18 0.0654011
15 19 0.0664569
15 20 0.0673395
15 21 0.0680592
15 22 0.0686246
15 23 0.0690426
15 24 0.0693183
15 25 0.0694554
15 26 0.0694554
15 27 0.0693183
15 28 0.0690426
15 29 0.0686246
15 30 0.0680592
15 31 0.0673395
15 32 0.0664569
15 33 0.0654011
15 34 0.0641601
15 35 0.0627205
15 36 0.0610671
15 37 0.0591832
15 38 0.0570506
15 39 0.0546496
15 40 0.0519594
15 41 0.0489575
15 42 0.0456205
15 43 0.0419237
15 44 0.0378413
15 45 0.0333468
15 46 0.0284126
15 47 0.0230106
15 48 0.017112
15 49 0.0106875
15 50 0.00370756

