15 1 0.00733793
15 2 0.0215641
15 3 0.0351911
15 4 0.0482196
15 5 0.0606505
15 6 0.0724843
15 7 0.0837217
15 8 0.0943634
15 9 0.10441
15 10 0.113862
15 11 0.12272
15 12 0.130985
15 13 0.138658
15 14 0.145737
15 15 0.152226
15 16 0.158122
15 17 0.163428
15 18 0.168144
15 19 0.172269
15 20 0.175804
15 21 0.17875
15 22 0.181107
15 23 0.182874
15 24 0.184052
15 25 0.184641
15 26 0.184641
15 27 0.184052
15 28 0.182874
15 29 0.181107
15 30 0.17875
15 31 0.175804
15 32 0.172269
15 33 0.168144
15 34 0.163428
15 35 0.158122
15 36 0.152226
15 37 0.145737
15 38 0.138658
15 39 0.130985
15 40 0.12272
15 41 0.113862
15 42 0.10441
15 43 0.0943634
15 44 0.0837217
15 45 0.0724843
15 46 0.0606505
15 47 0.0482196
15 48 0.0351911
15 49 0.0215641
15 50 0.00733793

