15 1 0.00611727
15 2 0.0179069
15 3 0.0291118
15 4 0.0397423
15 5 0.0498086
15 6 0.0593205
15 7 0.0682881
15 8 0.0767208
15 9 0.0846281
15 10 0.0920189
15 11 0.0989021
15 12 0.105286
15 13 0.111179
15 14 0.116587
15 15 0.121519
15 16 0.125981
15 17 0.129979
15 18 0.133518
15 19 0.136604
15 20 0.139241
15 21 0.141432
15 22 0.143181
15 23 0.144491
15 24 0.145363
15 25 0.145799
15 26 0.145799
15 27 0.145363
15 28 0.144491
15 29 0.143181
15 30 0.141432
15 31 0.139241
15 32 0.136604
15 33 0.133518
15 34 0.129979
15 35 0.125981
15 36 0.121519
15 37 0.116587
15 38 0.111179
15 39 0.105286
15 40 0.0989021
15 41 0.0920189
15 42 0.0846281
15 43 0.0767208
15 44 0.0682881
15 45 0.0593205
15 46 0.0498086
15 47 0.0397423
15 48 0.0291118
15 49 0.0179069
15 50 0.00611727

