15 1 0.00741724
15 2 0.0218017
15 3 0.035586
15 4 0.0487704
15 5 0.0613549
15 6 0.0733396
15 7 0.0847244
15 8 0.0955097
15 9 0.105695
15 10 0.115281
15 11 0.124268
15 12 0.132655
15 13 0.140443
15 14 0.147631
15 15 0.154221
15 16 0.160211
15 17 0.165602
15 18 0.170394
15 19 0.174586
15 20 0.17818
15 21 0.181175
15 22 0.183571
15 23 0.185367
15 24 0.186565
15 25 0.187164
15 26 0.187164
15 27 0.186565
15 28 0.185367
15 29 0.183571
15 30 0.181175
15 31 0.17818
15 32 0.174586
15 33 0.170394
15 34 0.165602
15 35 0.160211
15 36 0.154221
15 37 0.147631
15 38 0.140443
15 39 0.132655
15 40 0.124268
15 41 0.115281
15 42 0.105695
15 43 0.0955097
15 44 0.0847244
15 45 0.0733396
15 46 0.0613549
15 47 0.0487704
15 48 0.035586
15 49 0.0218017
15 50 0.00741724

