15 1 0.0064313
15 2 0.0188478
15 3 0.0306758
15 4 0.0419233
15 5 0.0525978
15 6 0.0627071
15 7 0.0722586
15 8 0.0812596
15 9 0.0897173
15 10 0.0976384
15 11 0.10503
15 12 0.111898
15 13 0.118248
15 14 0.124087
15 15 0.129419
15 16 0.13425
15 17 0.138584
15 18 0.142426
15 19 0.14578
15 20 0.148647
15 21 0.151033
15 22 0.152938
15 23 0.154365
15 24 0.155316
15 25 0.155791
15 26 0.155791
15 27 0.155316
15 28 0.154365
15 29 0.152938
15 30 0.151033
15 31 0.148647
15 32 0.14578
15 33 0.142426
15 34 0.138584
15 35 0.13425
15 36 0.129419
15 37 0.124087
15 38 0.118248
15 39 0.111898
15 40 0.10503
15 41 0.0976384
15 42 0.0897173
15 43 0.0812596
15 44 0.0722586
15 45 0.0627071
15 46 0.0525978
15 47 0.0419233
15 48 0.0306758
15 49 0.0188478
15 50 0.0064313

