15 1 0.0074264
15 2 0.0218291
15 3 0.0356317
15 4 0.0488341
15 5 0.0614363
15 6 0.0734384
15 7 0.0848403
15 8 0.0956421
15 9 0.105844
15 10 0.115445
15 11 0.124447
15 12 0.132848
15 13 0.140649
15 14 0.14785
15 15 0.154451
15 16 0.160452
15 17 0.165853
15 18 0.170653
15 19 0.174854
15 20 0.178455
15 21 0.181455
15 22 0.183855
15 23 0.185656
15 24 0.186856
15 25 0.187456
15 26 0.187456
15 27 0.186856
15 28 0.185656
15 29 0.183855
15 30 0.181455
15 31 0.178455
15 32 0.174854
15 33 0.170653
15 34 0.165853
15 35 0.160452
15 36 0.154451
15 37 0.14785
15 38 0.140649
15 39 0.132848
15 40 0.124447
15 41 0.115445
15 42 0.105844
15 43 0.0956421
15 44 0.0848403
15 45 0.0734384
15 46 0.0614363
15 47 0.0488341
15 48 0.0356317
15 49 0.0218291
15 50 0.0074264

