15 1 0.00742368
15 2 0.021821
15 3 0.0356182
15 4 0.0488152
15 5 0.0614122
15 6 0.0734091
15 7 0.084806
15 8 0.0956028
15 9 0.1058
15 10 0.115397
15 11 0.124394
15 12 0.132791
15 13 0.140588
15 14 0.147785
15 15 0.154383
15 16 0.160381
15 17 0.165778
15 18 0.170576
15 19 0.174775
15 20 0.178373
15 21 0.181372
15 22 0.183771
15 23 0.18557
15 24 0.18677
15 25 0.187369
15 26 0.187369
15 27 0.18677
15 28 0.18557
15 29 0.183771
15 30 0.181372
15 31 0.178373
15 32 0.174775
15 33 0.170576
15 34 0.165778
15 35 0.160381
15 36 0.154383
15 37 0.147785
15 38 0.140588
15 39 0.132791
15 40 0.124394
15 41 0.115397
15 42 0.1058
15 43 0.0956028
15 44 0.084806
15 45 0.0734091
15 46 0.0614122
15 47 0.0488152
15 48 0.0356182
15 49 0.021821
15 50 0.00742368

