15 1 0.00742582
15 2 0.0218274
15 3 0.0356288
15 4 0.04883
15 5 0.0614311
15 6 0.0734321
15 7 0.0848329
15 8 0.0956337
15 9 0.105834
15 10 0.115435
15 11 0.124435
15 12 0.132836
15 13 0.140636
15 14 0.147836
15 15 0.154436
15 16 0.160437
15 17 0.165837
15 18 0.170637
15 19 0.174837
15 20 0.178437
15 21 0.181437
15 22 0.183837
15 23 0.185637
15 24 0.186837
15 25 0.187437
15 26 0.187437
15 27 0.186837
15 28 0.185637
15 29 0.183837
15 30 0.181437
15 31 0.178437
15 32 0.174837
15 33 0.170637
15 34 0.165837
15 35 0.160437
15 36 0.154436
15 37 0.147836
15 38 0.140636
15 39 0.132836
15 40 0.124435
15 41 0.115435
15 42 0.105834
15 43 0.0956337
15 44 0.0848329
15 45 0.0734321
15 46 0.0614311
15 47 0.04883
15 48 0.0356288
15 49 0.0218274
15 50 0.00742582

