15 1 0.00703501
15 2 0.0206565
15 3 0.0336824
15 4 0.0461159
15 5 0.05796
15 6 0.0692176
15 7 0.0798917
15 8 0.0899852
15 9 0.0995009
15 10 0.108442
15 11 0.11681
15 12 0.124608
15 13 0.131838
15 14 0.138504
15 15 0.144606
15 16 0.150146
15 17 0.155128
15 18 0.159551
15 19 0.163418
15 20 0.166731
15 21 0.169489
15 22 0.171695
15 23 0.173349
15 24 0.174451
15 25 0.175001
15 26 0.175001
15 27 0.174451
15 28 0.173349
15 29 0.171695
15 30 0.169489
15 31 0.166731
15 32 0.163418
15 33 0.159551
15 34 0.155128
15 35 0.150146
15 36 0.144606
15 37 0.138504
15 38 0.131838
15 39 0.124608
15 40 0.11681
15 41 0.108442
15 42 0.0995009
15 43 0.0899852
15 44 0.0798917
15 45 0.0692176
15 46 0.05796
15 47 0.0461159
15 48 0.0336824
15 49 0.0206565
15 50 0.00703501

