15 1 0.00742631
15 2 0.0218288
15 3 0.0356312
15 4 0.0488334
15 5 0.0614355
15 6 0.0734374
15 7 0.0848391
15 8 0.0956408
15 9 0.105842
15 10 0.115444
15 11 0.124445
15 12 0.132846
15 13 0.140647
15 14 0.147848
15 15 0.154449
15 16 0.16045
15 17 0.16585
15 18 0.170651
15 19 0.174851
15 20 0.178452
15 21 0.181452
15 22 0.183852
15 23 0.185653
15 24 0.186853
15 25 0.187453
15 26 0.187453
15 27 0.186853
15 28 0.185653
15 29 0.183852
15 30 0.181452
15 31 0.178452
15 32 0.174851
15 33 0.170651
15 34 0.16585
15 35 0.16045
15 36 0.154449
15 37 0.147848
15 38 0.140647
15 39 0.132846
15 40 0.124445
15 41 0.115444
15 42 0.105842
15 43 0.0956408
15 44 0.0848391
15 45 0.0734374
15 46 0.0614355
15 47 0.0488334
15 48 0.0356312
15 49 0.0218288
15 50 0.00742631

