15 1 0.00705593
15 2 0.0207192
15 3 0.0337866
15 4 0.0462612
15 5 0.0581458
15 6 0.0694432
15 7 0.0801562
15 8 0.0902876
15 9 0.0998399
15 10 0.108816
15 11 0.117218
15 12 0.125048
15 13 0.132309
15 14 0.139003
15 15 0.145132
15 16 0.150697
15 17 0.155701
15 18 0.160145
15 19 0.16403
15 20 0.167357
15 21 0.170129
15 22 0.172345
15 23 0.174006
15 24 0.175114
15 25 0.175667
15 26 0.175667
15 27 0.175114
15 28 0.174006
15 29 0.172345
15 30 0.170129
15 31 0.167357
15 32 0.16403
15 33 0.160145
15 34 0.155701
15 35 0.150697
15 36 0.145132
15 37 0.139003
15 38 0.132309
15 39 0.125048
15 40 0.117218
15 41 0.108816
15 42 0.0998399
15 43 0.0902876
15 44 0.0801562
15 45 0.0694432
15 46 0.0581458
15 47 0.0462612
15 48 0.0337866
15 49 0.0207192
15 50 0.00705593

