15 1 0.00742615
15 2 0.0218284
15 3 0.0356304
15 4 0.0488323
15 5 0.0614341
15 6 0.0734357
15 7 0.0848371
15 8 0.0956385
15 9 0.10584
15 10 0.115441
15 11 0.124442
15 12 0.132843
15 13 0.140643
15 14 0.147844
15 15 0.154445
15 16 0.160445
15 17 0.165846
15 18 0.170646
15 19 0.174847
15 20 0.178447
15 21 0.181447
15 22 0.183847
15 23 0.185648
15 24 0.186848
15 25 0.187448
15 26 0.187448
15 27 0.186848
15 28 0.185648
15 29 0.183847
15 30 0.181447
15 31 0.178447
15 32 0.174847
15 33 0.170646
15 34 0.165846
15 35 0.160445
15 36 0.154445
15 37 0.147844
15 38 0.140643
15 39 0.132843
15 40 0.124442
15 41 0.115441
15 42 0.10584
15 43 0.0956385
15 44 0.0848371
15 45 0.0734357
15 46 0.0614341
15 47 0.0488323
15 48 0.0356304
15 49 0.0218284
15 50 0.00742615

