15 1 0.00741479
15 2 0.0217944
15 3 0.0355739
15 4 0.0487535
15 5 0.0613332
15 6 0.0733132
15 7 0.0846936
15 8 0.0954743
15 9 0.105656
15 10 0.115238
15 11 0.12422
15 12 0.132604
15 13 0.140388
15 14 0.147573
15 15 0.154159
15 16 0.160146
15 17 0.165535
15 18 0.170324
15 19 0.174515
15 20 0.178107
15 21 0.1811
15 22 0.183495
15 23 0.185291
15 24 0.186488
15 25 0.187086
15 26 0.187086
15 27 0.186488
15 28 0.185291
15 29 0.183495
15 30 0.1811
15 31 0.178107
15 32 0.174515
15 33 0.170324
15 34 0.165535
15 35 0.160146
15 36 0.154159
15 37 0.147573
15 38 0.140388
15 39 0.132604
15 40 0.12422
15 41 0.115238
15 42 0.105656
15 43 0.0954743
15 44 0.0846936
15 45 0.0733132
15 46 0.0613332
15 47 0.0487535
15 48 0.0355739
15 49 0.0217944
15 50 0.00741479

