15 1 0.00742557
15 2 0.0218266
15 3 0.0356275
15 4 0.0488283
15 5 0.0614289
15 6 0.0734294
15 7 0.0848298
15 8 0.0956301
15 9 0.10583
15 10 0.11543
15 11 0.12443
15 12 0.13283
15 13 0.14063
15 14 0.14783
15 15 0.15443
15 16 0.16043
15 17 0.16583
15 18 0.17063
15 19 0.17483
15 20 0.17843
15 21 0.18143
15 22 0.183829
15 23 0.185629
15 24 0.186829
15 25 0.187429
15 26 0.187429
15 27 0.186829
15 28 0.185629
15 29 0.183829
15 30 0.18143
15 31 0.17843
15 32 0.17483
15 33 0.17063
15 34 0.16583
15 35 0.16043
15 36 0.15443
15 37 0.14783
15 38 0.14063
15 39 0.13283
15 40 0.12443
15 41 0.11543
15 42 0.10583
15 43 0.0956301
15 44 0.0848298
15 45 0.0734294
15 46 0.0614289
15 47 0.0488283
15 48 0.0356275
15 49 0.0218266
15 50 0.00742557

