15 1 0.00741336
15 2 0.02179
15 3 0.0355667
15 4 0.0487435
15 5 0.0613204
15 6 0.0732977
15 7 0.0846754
15 8 0.0954536
15 9 0.105632
15 10 0.115212
15 11 0.124192
15 12 0.132573
15 13 0.140356
15 14 0.147539
15 15 0.154123
15 16 0.160109
15 17 0.165495
15 18 0.170283
15 19 0.174473
15 20 0.178064
15 21 0.181056
15 22 0.18345
15 23 0.185245
15 24 0.186442
15 25 0.187041
15 26 0.187041
15 27 0.186442
15 28 0.185245
15 29 0.18345
15 30 0.181056
15 31 0.178064
15 32 0.174473
15 33 0.170283
15 34 0.165495
15 35 0.160109
15 36 0.154123
15 37 0.147539
15 38 0.140356
15 39 0.132573
15 40 0.124192
15 41 0.115212
15 42 0.105632
15 43 0.0954536
15 44 0.0846754
15 45 0.0732977
15 46 0.0613204
15 47 0.0487435
15 48 0.0355667
15 49 0.02179
15 50 0.00741336

