15 1 0.00730316
15 2 0.0214599
15 3 0.0350179
15 4 0.0479782
15 5 0.0603417
15 6 0.0721094
15 7 0.0832821
15 8 0.0938609
15 9 0.103847
15 10 0.11324
15 11 0.122042
15 12 0.130253
15 13 0.137875
15 14 0.144907
15 15 0.151351
15 16 0.157207
15 17 0.162476
15 18 0.167158
15 19 0.171253
15 20 0.174763
15 21 0.177687
15 22 0.180026
15 23 0.18178
15 24 0.18295
15 25 0.183534
15 26 0.183534
15 27 0.18295
15 28 0.18178
15 29 0.180026
15 30 0.177687
15 31 0.174763
15 32 0.171253
15 33 0.167158
15 34 0.162476
15 35 0.157207
15 36 0.151351
15 37 0.144907
15 38 0.137875
15 39 0.130253
15 40 0.122042
15 41 0.11324
15 42 0.103847
15 43 0.0938609
15 44 0.0832821
15 45 0.0721094
15 46 0.0603417
15 47 0.0479782
15 48 0.0350179
15 49 0.0214599
15 50 0.00730316

