15 1 0.00737835
15 2 0.0216852
15 3 0.0353924
15 4 0.0485004
15 5 0.0610095
15 6 0.0729202
15 7 0.0842328
15 8 0.0949477
15 9 0.105065
15 10 0.114586
15 11 0.123509
15 12 0.131836
15 13 0.139568
15 14 0.146703
15 15 0.153243
15 16 0.159187
15 17 0.164536
15 18 0.169291
15 19 0.17345
15 20 0.177015
15 21 0.179986
15 22 0.182362
15 23 0.184145
15 24 0.185333
15 25 0.185927
15 26 0.185927
15 27 0.185333
15 28 0.184145
15 29 0.182362
15 30 0.179986
15 31 0.177015
15 32 0.17345
15 33 0.169291
15 34 0.164536
15 35 0.159187
15 36 0.153243
15 37 0.146703
15 38 0.139568
15 39 0.131836
15 40 0.123509
15 41 0.114586
15 42 0.105065
15 43 0.0949477
15 44 0.0842328
15 45 0.0729202
15 46 0.0610095
15 47 0.0485004
15 48 0.0353924
15 49 0.0216852
15 50 0.00737835

