15 1 0.00725486
15 2 0.0213152
15 3 0.0347773
15 4 0.0476427
15 5 0.0599126
15 6 0.0715884
15 7 0.0826714
15 8 0.0931627
15 9 0.103064
15 10 0.112376
15 11 0.121099
15 12 0.129236
15 13 0.136787
15 14 0.143754
15 15 0.150136
15 16 0.155935
15 17 0.161152
15 18 0.165787
15 19 0.169842
15 20 0.173316
15 21 0.176211
15 22 0.178526
15 23 0.180261
15 24 0.181419
15 25 0.181997
15 26 0.181997
15 27 0.181419
15 28 0.180261
15 29 0.178526
15 30 0.176211
15 31 0.173316
15 32 0.169842
15 33 0.165787
15 34 0.161152
15 35 0.155935
15 36 0.150136
15 37 0.143754
15 38 0.136787
15 39 0.129236
15 40 0.121099
15 41 0.112376
15 42 0.103064
15 43 0.0931627
15 44 0.0826714
15 45 0.0715884
15 46 0.0599126
15 47 0.0476427
15 48 0.0347773
15 49 0.0213152
15 50 0.00725486

