15 1 0.00742422
15 2 0.0218226
15 3 0.0356208
15 4 0.0488189
15 5 0.0614169
15 6 0.0734148
15 7 0.0848127
15 8 0.0956106
15 9 0.105808
15 10 0.115406
15 11 0.124404
15 12 0.132802
15 13 0.1406
15 14 0.147798
15 15 0.154396
15 16 0.160395
15 17 0.165793
15 18 0.170592
15 19 0.17479
15 20 0.178389
15 21 0.181388
15 22 0.183787
15 23 0.185587
15 24 0.186786
15 25 0.187386
15 26 0.187386
15 27 0.186786
15 28 0.185587
15 29 0.183787
15 30 0.181388
15 31 0.178389
15 32 0.17479
15 33 0.170592
15 34 0.165793
15 35 0.160395
15 36 0.154396
15 37 0.147798
15 38 0.1406
15 39 0.132802
15 40 0.124404
15 41 0.115406
15 42 0.105808
15 43 0.0956106
15 44 0.0848127
15 45 0.0734148
15 46 0.0614169
15 47 0.0488189
15 48 0.0356208
15 49 0.0218226
15 50 0.00742422

