15 1 0.00742505
15 2 0.0218251
15 3 0.035625
15 4 0.0488247
15 5 0.0614243
15 6 0.0734239
15 7 0.0848233
15 8 0.0956226
15 9 0.105822
15 10 0.115421
15 11 0.12442
15 12 0.13282
15 13 0.140619
15 14 0.147818
15 15 0.154417
15 16 0.160417
15 17 0.165816
15 18 0.170615
15 19 0.174815
15 20 0.178414
15 21 0.181414
15 22 0.183813
15 23 0.185613
15 24 0.186813
15 25 0.187413
15 26 0.187413
15 27 0.186813
15 28 0.185613
15 29 0.183813
15 30 0.181414
15 31 0.178414
15 32 0.174815
15 33 0.170615
15 34 0.165816
15 35 0.160417
15 36 0.154417
15 37 0.147818
15 38 0.140619
15 39 0.13282
15 40 0.12442
15 41 0.115421
15 42 0.105822
15 43 0.0956226
15 44 0.0848233
15 45 0.0734239
15 46 0.0614243
15 47 0.0488247
15 48 0.035625
15 49 0.0218251
15 50 0.00742505

