15 1 0.00717425
15 2 0.0210737
15 3 0.0343759
15 4 0.0470829
15 5 0.0591967
15 6 0.0707191
15 7 0.0816521
15 8 0.0919976
15 9 0.101757
15 10 0.110933
15 11 0.119526
15 12 0.127539
15 13 0.134973
15 14 0.141829
15 15 0.148108
15 16 0.153813
15 17 0.158943
15 18 0.163501
15 19 0.167487
15 20 0.170901
15 21 0.173746
15 22 0.176021
15 23 0.177727
15 24 0.178864
15 25 0.179432
15 26 0.179432
15 27 0.178864
15 28 0.177727
15 29 0.176021
15 30 0.173746
15 31 0.170901
15 32 0.167487
15 33 0.163501
15 34 0.158943
15 35 0.153813
15 36 0.148108
15 37 0.141829
15 38 0.134973
15 39 0.127539
15 40 0.119526
15 41 0.110933
15 42 0.101757
15 43 0.0919976
15 44 0.0816521
15 45 0.0707191
15 46 0.0591967
15 47 0.0470829
15 48 0.0343759
15 49 0.0210737
15 50 0.00717425

