15 1 0.00211294
15 2 0.00591489
15 3 0.00919485
15 4 0.0120039
15 5 0.0143917
15 6 0.0164057
15 7 0.018091
15 8 0.0194899
15 9 0.0206415
15 10 0.0215814
15 11 0.0223419
15 12 0.0229518
15 13 0.0234366
15 14 0.0238185
15 15 0.0241163
15 16 0.0243465
15 17 0.0245226
15 18 0.024656
15 19 0.0247558
15 20 0.0248295
15 21 0.024883
15 22 0.0249208
15 23 0.0249464
15 24 0.0249622
15 25 0.0249697
15 26 0.0249697
15 27 0.0249622
15 28 0.0249464
15 29 0.0249208
15 30 0.024883
15 31 0.0248295
15 32 0.0247558
15 33 0.024656
15 34 0.0245226
15 35 0.0243465
15 36 0.0241163
15 37 0.0238185
15 38 0.0234366
15 39 0.0229518
15 40 0.0223419
15 41 0.0215814
15 42 0.0206415
15 43 0.0194899
15 44 0.018091
15 45 0.0164057
15 46 0.0143917
15 47 0.0120039
15 48 0.00919485
15 49 0.00591489
15 50 0.00211294

