15 1 0.00742405
15 2 0.0218221
15 3 0.03562
15 4 0.0488177
15 5 0.0614154
15 6 0.073413
15 7 0.0848106
15 8 0.0956081
15 9 0.105806
15 10 0.115403
15 11 0.124401
15 12 0.132798
15 13 0.140596
15 14 0.147794
15 15 0.154392
15 16 0.16039
15 17 0.165788
15 18 0.170587
15 19 0.174785
15 20 0.178384
15 21 0.181383
15 22 0.183782
15 23 0.185582
15 24 0.186781
15 25 0.187381
15 26 0.187381
15 27 0.186781
15 28 0.185582
15 29 0.183782
15 30 0.181383
15 31 0.178384
15 32 0.174785
15 33 0.170587
15 34 0.165788
15 35 0.16039
15 36 0.154392
15 37 0.147794
15 38 0.140596
15 39 0.132798
15 40 0.124401
15 41 0.115403
15 42 0.105806
15 43 0.0956081
15 44 0.0848106
15 45 0.073413
15 46 0.0614154
15 47 0.0488177
15 48 0.03562
15 49 0.0218221
15 50 0.00742405

