15 1 0.00742679
15 2 0.0218303
15 3 0.0356336
15 4 0.0488367
15 5 0.0614397
15 6 0.0734425
15 7 0.0848452
15 8 0.0956477
15 9 0.10585
15 10 0.115452
15 11 0.124454
15 12 0.132856
15 13 0.140658
15 14 0.147859
15 15 0.154461
15 16 0.160462
15 17 0.165863
15 18 0.170664
15 19 0.174865
15 20 0.178466
15 21 0.181467
15 22 0.183867
15 23 0.185668
15 24 0.186868
15 25 0.187468
15 26 0.187468
15 27 0.186868
15 28 0.185668
15 29 0.183867
15 30 0.181467
15 31 0.178466
15 32 0.174865
15 33 0.170664
15 34 0.165863
15 35 0.160462
15 36 0.154461
15 37 0.147859
15 38 0.140658
15 39 0.132856
15 40 0.124454
15 41 0.115452
15 42 0.10585
15 43 0.0956477
15 44 0.0848452
15 45 0.0734425
15 46 0.0614397
15 47 0.0488367
15 48 0.0356336
15 49 0.0218303
15 50 0.00742679

