15 1 0.00742589
15 2 0.0218276
15 3 0.0356291
15 4 0.0488305
15 5 0.0614318
15 6 0.0734329
15 7 0.0848339
15 8 0.0956347
15 9 0.105835
15 10 0.115436
15 11 0.124437
15 12 0.132837
15 13 0.140638
15 14 0.147838
15 15 0.154438
15 16 0.160439
15 17 0.165839
15 18 0.170639
15 19 0.174839
15 20 0.178439
15 21 0.181439
15 22 0.183839
15 23 0.185639
15 24 0.186839
15 25 0.18744
15 26 0.18744
15 27 0.186839
15 28 0.185639
15 29 0.183839
15 30 0.181439
15 31 0.178439
15 32 0.174839
15 33 0.170639
15 34 0.165839
15 35 0.160439
15 36 0.154438
15 37 0.147838
15 38 0.140638
15 39 0.132837
15 40 0.124437
15 41 0.115436
15 42 0.105835
15 43 0.0956347
15 44 0.0848339
15 45 0.0734329
15 46 0.0614318
15 47 0.0488305
15 48 0.0356291
15 49 0.0218276
15 50 0.00742589

