15 1 0.0073472
15 2 0.0215918
15 3 0.0352372
15 4 0.048284
15 5 0.0607328
15 6 0.0725843
15 7 0.0838389
15 8 0.0944974
15 9 0.10456
15 10 0.114028
15 11 0.122901
15 12 0.131181
15 13 0.138866
15 14 0.145959
15 15 0.152459
15 16 0.158367
15 17 0.163682
15 18 0.168407
15 19 0.17254
15 20 0.176082
15 21 0.179034
15 22 0.181395
15 23 0.183165
15 24 0.184345
15 25 0.184936
15 26 0.184936
15 27 0.184345
15 28 0.183165
15 29 0.181395
15 30 0.179034
15 31 0.176082
15 32 0.17254
15 33 0.168407
15 34 0.163682
15 35 0.158367
15 36 0.152459
15 37 0.145959
15 38 0.138866
15 39 0.131181
15 40 0.122901
15 41 0.114028
15 42 0.10456
15 43 0.0944974
15 44 0.0838389
15 45 0.0725843
15 46 0.0607328
15 47 0.048284
15 48 0.0352372
15 49 0.0215918
15 50 0.0073472

