15 1 0.00736295
15 2 0.021639
15 3 0.0353157
15 4 0.0483934
15 5 0.0608727
15 6 0.0727541
15 7 0.0840381
15 8 0.094725
15 9 0.104816
15 10 0.11431
15 11 0.123209
15 12 0.131512
15 13 0.139221
15 14 0.146335
15 15 0.152855
15 16 0.158781
15 17 0.164114
15 18 0.168854
15 19 0.173
15 20 0.176554
15 21 0.179515
15 22 0.181884
15 23 0.18366
15 24 0.184845
15 25 0.185437
15 26 0.185437
15 27 0.184845
15 28 0.18366
15 29 0.181884
15 30 0.179515
15 31 0.176554
15 32 0.173
15 33 0.168854
15 34 0.164114
15 35 0.158781
15 36 0.152855
15 37 0.146335
15 38 0.139221
15 39 0.131512
15 40 0.123209
15 41 0.11431
15 42 0.104816
15 43 0.094725
15 44 0.0840381
15 45 0.0727541
15 46 0.0608727
15 47 0.0483934
15 48 0.0353157
15 49 0.021639
15 50 0.00736295

