15 1 0.00731604
15 2 0.0214985
15 3 0.0350821
15 4 0.0480676
15 5 0.0604561
15 6 0.0722483
15 7 0.083445
15 8 0.0940471
15 9 0.104055
15 10 0.11347
15 11 0.122293
15 12 0.130525
15 13 0.138165
15 14 0.145215
15 15 0.151675
15 16 0.157546
15 17 0.162829
15 18 0.167523
15 19 0.17163
15 20 0.175149
15 21 0.178081
15 22 0.180427
15 23 0.182185
15 24 0.183358
15 25 0.183944
15 26 0.183944
15 27 0.183358
15 28 0.182185
15 29 0.180427
15 30 0.178081
15 31 0.175149
15 32 0.17163
15 33 0.167523
15 34 0.162829
15 35 0.157546
15 36 0.151675
15 37 0.145215
15 38 0.138165
15 39 0.130525
15 40 0.122293
15 41 0.11347
15 42 0.104055
15 43 0.0940471
15 44 0.083445
15 45 0.0722483
15 46 0.0604561
15 47 0.0480676
15 48 0.0350821
15 49 0.0214985
15 50 0.00731604

