15 1 0.00711223
15 2 0.0208879
15 3 0.034067
15 4 0.0466522
15 5 0.0586458
15 6 0.0700503
15 7 0.080868
15 8 0.0911013
15 9 0.100752
15 10 0.109823
15 11 0.118316
15 12 0.126234
15 13 0.133577
15 14 0.140348
15 15 0.146548
15 16 0.15218
15 17 0.157244
15 18 0.161742
15 19 0.165675
15 20 0.169044
15 21 0.17185
15 22 0.174094
15 23 0.175777
15 24 0.176898
15 25 0.177459
15 26 0.177459
15 27 0.176898
15 28 0.175777
15 29 0.174094
15 30 0.17185
15 31 0.169044
15 32 0.165675
15 33 0.161742
15 34 0.157244
15 35 0.15218
15 36 0.146548
15 37 0.140348
15 38 0.133577
15 39 0.126234
15 40 0.118316
15 41 0.109823
15 42 0.100752
15 43 0.0911013
15 44 0.080868
15 45 0.0700503
15 46 0.0586458
15 47 0.0466522
15 48 0.034067
15 49 0.0208879
15 50 0.00711223

