15 1 0.00693886
15 2 0.0203684
15 3 0.0332036
15 4 0.0454482
15 5 0.0571059
15 6 0.0681806
15 7 0.078676
15 8 0.0885955
15 9 0.0979427
15 10 0.106721
15 11 0.114933
15 12 0.122583
15 13 0.129674
15 14 0.136207
15 15 0.142187
15 16 0.147614
15 17 0.152493
15 18 0.156824
15 19 0.160609
15 20 0.163851
15 21 0.16655
15 22 0.168708
15 23 0.170325
15 24 0.171403
15 25 0.171942
15 26 0.171942
15 27 0.171403
15 28 0.170325
15 29 0.168708
15 30 0.16655
15 31 0.163851
15 32 0.160609
15 33 0.156824
15 34 0.152493
15 35 0.147614
15 36 0.142187
15 37 0.136207
15 38 0.129674
15 39 0.122583
15 40 0.114933
15 41 0.106721
15 42 0.0979427
15 43 0.0885955
15 44 0.078676
15 45 0.0681806
15 46 0.0571059
15 47 0.0454482
15 48 0.0332036
15 49 0.0203684
15 50 0.00693886

