15 1 0.00742517
15 2 0.0218254
15 3 0.0356255
15 4 0.0488255
15 5 0.0614254
15 6 0.0734251
15 7 0.0848247
15 8 0.0956243
15 9 0.105824
15 10 0.115423
15 11 0.124423
15 12 0.132822
15 13 0.140621
15 14 0.147821
15 15 0.15442
15 16 0.16042
15 17 0.165819
15 18 0.170619
15 19 0.174818
15 20 0.178418
15 21 0.181417
15 22 0.183817
15 23 0.185617
15 24 0.186817
15 25 0.187417
15 26 0.187417
15 27 0.186817
15 28 0.185617
15 29 0.183817
15 30 0.181417
15 31 0.178418
15 32 0.174818
15 33 0.170619
15 34 0.165819
15 35 0.16042
15 36 0.15442
15 37 0.147821
15 38 0.140621
15 39 0.132822
15 40 0.124423
15 41 0.115423
15 42 0.105824
15 43 0.0956243
15 44 0.0848247
15 45 0.0734251
15 46 0.0614254
15 47 0.0488255
15 48 0.0356255
15 49 0.0218254
15 50 0.00742517

