15 1 0.00653472
15 2 0.0191576
15 3 0.0311908
15 4 0.0426415
15 5 0.0535163
15 6 0.0638223
15 7 0.0735661
15 8 0.0827543
15 9 0.0913932
15 10 0.099489
15 11 0.107048
15 12 0.114075
15 13 0.120576
15 14 0.126556
15 15 0.13202
15 16 0.136973
15 17 0.141418
15 18 0.14536
15 19 0.148801
15 20 0.151745
15 21 0.154194
15 22 0.156151
15 23 0.157617
15 24 0.158594
15 25 0.159082
15 26 0.159082
15 27 0.158594
15 28 0.157617
15 29 0.156151
15 30 0.154194
15 31 0.151745
15 32 0.148801
15 33 0.14536
15 34 0.141418
15 35 0.136973
15 36 0.13202
15 37 0.126556
15 38 0.120576
15 39 0.114075
15 40 0.107048
15 41 0.099489
15 42 0.0913932
15 43 0.0827543
15 44 0.0735661
15 45 0.0638223
15 46 0.0535163
15 47 0.0426415
15 48 0.0311908
15 49 0.0191576
15 50 0.00653472

