15 1 0.00740047
15 2 0.0217514
15 3 0.0355026
15 4 0.048654
15 5 0.061206
15 6 0.0731588
15 7 0.0845125
15 8 0.0952674
15 9 0.105424
15 10 0.114981
15 11 0.123941
15 12 0.132302
15 13 0.140065
15 14 0.147231
15 15 0.153799
15 16 0.159769
15 17 0.165142
15 18 0.169918
15 19 0.174097
15 20 0.177678
15 21 0.180662
15 22 0.18305
15 23 0.18484
15 24 0.186034
15 25 0.186631
15 26 0.186631
15 27 0.186034
15 28 0.18484
15 29 0.18305
15 30 0.180662
15 31 0.177678
15 32 0.174097
15 33 0.169918
15 34 0.165142
15 35 0.159769
15 36 0.153799
15 37 0.147231
15 38 0.140065
15 39 0.132302
15 40 0.123941
15 41 0.114981
15 42 0.105424
15 43 0.0952674
15 44 0.0845125
15 45 0.0731588
15 46 0.061206
15 47 0.048654
15 48 0.0355026
15 49 0.0217514
15 50 0.00740047

