15 1 0.00579612
15 2 0.0169447
15 3 0.0275124
15 4 0.037512
15 5 0.0469561
15 6 0.0558572
15 7 0.0642275
15 8 0.0720791
15 9 0.0794235
15 10 0.086272
15 11 0.0926356
15 12 0.0985246
15 13 0.103949
15 14 0.108918
15 15 0.113441
15 16 0.117525
15 17 0.121179
15 18 0.124409
15 19 0.127221
15 20 0.129621
15 21 0.131614
15 22 0.133203
15 23 0.134393
15 24 0.135184
15 25 0.135579
15 26 0.135579
15 27 0.135184
15 28 0.134393
15 29 0.133203
15 30 0.131614
15 31 0.129621
15 32 0.127221
15 33 0.124409
15 34 0.121179
15 35 0.117525
15 36 0.113441
15 37 0.108918
15 38 0.103949
15 39 0.0985246
15 40 0.0926356
15 41 0.086272
15 42 0.0794235
15 43 0.0720791
15 44 0.0642275
15 45 0.0558572
15 46 0.0469561
15 47 0.037512
15 48 0.0275124
15 49 0.0169447
15 50 0.00579612

