15 1 0.00738576
15 2 0.0217074
15 3 0.0354293
15 4 0.0485518
15 5 0.0610753
15 6 0.0730001
15 7 0.0843265
15 8 0.0950547
15 9 0.105185
15 10 0.114718
15 11 0.123654
15 12 0.131992
15 13 0.139734
15 14 0.14688
15 15 0.153429
15 16 0.159382
15 17 0.164739
15 18 0.169501
15 19 0.173667
15 20 0.177237
15 21 0.180213
15 22 0.182593
15 23 0.184378
15 24 0.185568
15 25 0.186163
15 26 0.186163
15 27 0.185568
15 28 0.184378
15 29 0.182593
15 30 0.180213
15 31 0.177237
15 32 0.173667
15 33 0.169501
15 34 0.164739
15 35 0.159382
15 36 0.153429
15 37 0.14688
15 38 0.139734
15 39 0.131992
15 40 0.123654
15 41 0.114718
15 42 0.105185
15 43 0.0950547
15 44 0.0843265
15 45 0.0730001
15 46 0.0610753
15 47 0.0485518
15 48 0.0354293
15 49 0.0217074
15 50 0.00738576

