15 1 0.00390863
15 2 0.0112898
15 3 0.0181129
15 4 0.0244057
15 5 0.0301958
15 6 0.0355101
15 7 0.0403755
15 8 0.0448176
15 9 0.0488618
15 10 0.0525324
15 11 0.0558527
15 12 0.0588451
15 13 0.0615308
15 14 0.0639297
15 15 0.0660607
15 16 0.067941
15 17 0.0695867
15 18 0.0710122
15 19 0.0722306
15 20 0.0732535
15 21 0.0740905
15 22 0.0747502
15 23 0.0752391
15 24 0.0755622
15 25 0.0757229
15 26 0.0757229
15 27 0.0755622
15 28 0.0752391
15 29 0.0747502
15 30 0.0740905
15 31 0.0732535
15 32 0.0722306
15 33 0.0710122
15 34 0.0695867
15 35 0.067941
15 36 0.0660607
15 37 0.0639297
15 38 0.0615308
15 39 0.0588451
15 40 0.0558527
15 41 0.0525324
15 42 0.0488618
15 43 0.0448176
15 44 0.0403755
15 45 0.0355101
15 46 0.0301958
15 47 0.0244057
15 48 0.0181129
15 49 0.0112898
15 50 0.00390863

