15 1 0.00742231
15 2 0.0218169
15 3 0.0356113
15 4 0.0488057
15 5 0.0614
15 6 0.0733943
15 7 0.0847887
15 8 0.0955831
15 9 0.105778
15 10 0.115372
15 11 0.124367
15 12 0.132762
15 13 0.140557
15 14 0.147753
15 15 0.154348
15 16 0.160344
15 17 0.165741
15 18 0.170538
15 19 0.174735
15 20 0.178332
15 21 0.18133
15 22 0.183728
15 23 0.185527
15 24 0.186726
15 25 0.187326
15 26 0.187326
15 27 0.186726
15 28 0.185527
15 29 0.183728
15 30 0.18133
15 31 0.178332
15 32 0.174735
15 33 0.170538
15 34 0.165741
15 35 0.160344
15 36 0.154348
15 37 0.147753
15 38 0.140557
15 39 0.132762
15 40 0.124367
15 41 0.115372
15 42 0.105778
15 43 0.0955831
15 44 0.0847887
15 45 0.0733943
15 46 0.0614
15 47 0.0488057
15 48 0.0356113
15 49 0.0218169
15 50 0.00742231

