15 1 0.00732197
15 2 0.0215163
15 3 0.0351116
15 4 0.0481088
15 5 0.0605088
15 6 0.0723122
15 7 0.08352
15 8 0.0941328
15 9 0.104151
15 10 0.113577
15 11 0.122409
15 12 0.130649
15 13 0.138298
15 14 0.145356
15 15 0.151824
15 16 0.157702
15 17 0.162991
15 18 0.167691
15 19 0.171803
15 20 0.175326
15 21 0.178262
15 22 0.180611
15 23 0.182372
15 24 0.183546
15 25 0.184133
15 26 0.184133
15 27 0.183546
15 28 0.182372
15 29 0.180611
15 30 0.178262
15 31 0.175326
15 32 0.171803
15 33 0.167691
15 34 0.162991
15 35 0.157702
15 36 0.151824
15 37 0.145356
15 38 0.138298
15 39 0.130649
15 40 0.122409
15 41 0.113577
15 42 0.104151
15 43 0.0941328
15 44 0.08352
15 45 0.0723122
15 46 0.0605088
15 47 0.0481088
15 48 0.0351116
15 49 0.0215163
15 50 0.00732197

