15 1 0.00475541
15 2 0.0138267
15 3 0.0223294
15 4 0.0302846
15 5 0.0377128
15 6 0.0446347
15 7 0.0510702
15 8 0.0570389
15 9 0.06256
15 10 0.067652
15 11 0.0723325
15 12 0.0766188
15 13 0.0805269
15 14 0.0840723
15 15 0.0872694
15 16 0.0901316
15 17 0.0926712
15 18 0.0948996
15 19 0.0968268
15 20 0.0984618
15 21 0.0998123
15 22 0.100885
15 23 0.101685
15 24 0.102216
15 25 0.102481
15 26 0.102481
15 27 0.102216
15 28 0.101685
15 29 0.100885
15 30 0.0998123
15 31 0.0984618
15 32 0.0968268
15 33 0.0948996
15 34 0.0926712
15 35 0.0901316
15 36 0.0872694
15 37 0.0840723
15 38 0.0805269
15 39 0.0766188
15 40 0.0723325
15 41 0.067652
15 42 0.06256
15 43 0.0570389
15 44 0.0510702
15 45 0.0446347
15 46 0.0377128
15 47 0.0302846
15 48 0.0223294
15 49 0.0138267
15 50 0.00475541

