15 1 0.00528174
15 2 0.0154036
15 3 0.0249507
15 4 0.0339397
15 5 0.0423874
15 6 0.0503101
15 7 0.057724
15 8 0.0646448
15 9 0.0710878
15 10 0.0770678
15 11 0.0825992
15 12 0.0876957
15 13 0.0923702
15 14 0.0966352
15 15 0.100502
15 16 0.103982
15 17 0.107085
15 18 0.109819
15 19 0.112194
15 20 0.114215
15 21 0.11589
15 22 0.117224
15 23 0.118221
15 24 0.118883
15 25 0.119214
15 26 0.119214
15 27 0.118883
15 28 0.118221
15 29 0.117224
15 30 0.11589
15 31 0.114215
15 32 0.112194
15 33 0.109819
15 34 0.107085
15 35 0.103982
15 36 0.100502
15 37 0.0966352
15 38 0.0923702
15 39 0.0876957
15 40 0.0825992
15 41 0.0770678
15 42 0.0710878
15 43 0.0646448
15 44 0.057724
15 45 0.0503101
15 46 0.0423874
15 47 0.0339397
15 48 0.0249507
15 49 0.0154036
15 50 0.00528174

