15 1 0.00738096
15 2 0.021693
15 3 0.0354054
15 4 0.0485185
15 5 0.0610327
15 6 0.0729483
15 7 0.0842658
15 8 0.0949853
15 9 0.105107
15 10 0.114632
15 11 0.12356
15 12 0.131891
15 13 0.139626
15 14 0.146765
15 15 0.153308
15 16 0.159256
15 17 0.164608
15 18 0.169364
15 19 0.173526
15 20 0.177093
15 21 0.180066
15 22 0.182443
15 23 0.184227
15 24 0.185415
15 25 0.18601
15 26 0.18601
15 27 0.185415
15 28 0.184227
15 29 0.182443
15 30 0.180066
15 31 0.177093
15 32 0.173526
15 33 0.169364
15 34 0.164608
15 35 0.159256
15 36 0.153308
15 37 0.146765
15 38 0.139626
15 39 0.131891
15 40 0.12356
15 41 0.114632
15 42 0.105107
15 43 0.0949853
15 44 0.0842658
15 45 0.0729483
15 46 0.0610327
15 47 0.0485185
15 48 0.0354054
15 49 0.021693
15 50 0.00738096

