15 1 0.0074272
15 2 0.0218315
15 3 0.0356357
15 4 0.0488396
15 5 0.0614434
15 6 0.073447
15 7 0.0848504
15 8 0.0956536
15 9 0.105857
15 10 0.11546
15 11 0.124462
15 12 0.132865
15 13 0.140667
15 14 0.147869
15 15 0.154471
15 16 0.160473
15 17 0.165875
15 18 0.170676
15 19 0.174877
15 20 0.178478
15 21 0.181479
15 22 0.18388
15 23 0.185681
15 24 0.186881
15 25 0.187481
15 26 0.187481
15 27 0.186881
15 28 0.185681
15 29 0.18388
15 30 0.181479
15 31 0.178478
15 32 0.174877
15 33 0.170676
15 34 0.165875
15 35 0.160473
15 36 0.154471
15 37 0.147869
15 38 0.140667
15 39 0.132865
15 40 0.124462
15 41 0.11546
15 42 0.105857
15 43 0.0956536
15 44 0.0848504
15 45 0.073447
15 46 0.0614434
15 47 0.0488396
15 48 0.0356357
15 49 0.0218315
15 50 0.0074272

