15 1 0.00740796
15 2 0.0217739
15 3 0.0355399
15 4 0.048706
15 5 0.0612725
15 6 0.0732396
15 7 0.0846072
15 8 0.0953756
15 9 0.105545
15 10 0.115115
15 11 0.124087
15 12 0.13246
15 13 0.140234
15 14 0.14741
15 15 0.153987
15 16 0.159967
15 17 0.165348
15 18 0.170131
15 19 0.174315
15 20 0.177902
15 21 0.180891
15 22 0.183282
15 23 0.185076
15 24 0.186271
15 25 0.186869
15 26 0.186869
15 27 0.186271
15 28 0.185076
15 29 0.183282
15 30 0.180891
15 31 0.177902
15 32 0.174315
15 33 0.170131
15 34 0.165348
15 35 0.159967
15 36 0.153987
15 37 0.14741
15 38 0.140234
15 39 0.13246
15 40 0.124087
15 41 0.115115
15 42 0.105545
15 43 0.0953756
15 44 0.0846072
15 45 0.0732396
15 46 0.0612725
15 47 0.048706
15 48 0.0355399
15 49 0.0217739
15 50 0.00740796

