15 1 0.00729617
15 2 0.021439
15 3 0.0349831
15 4 0.0479297
15 5 0.0602796
15 6 0.072034
15 7 0.0831938
15 8 0.0937599
15 9 0.103733
15 10 0.113115
15 11 0.121906
15 12 0.130106
15 13 0.137718
15 14 0.14474
15 15 0.151175
15 16 0.157023
15 17 0.162284
15 18 0.166959
15 19 0.171049
15 20 0.174554
15 21 0.177474
15 22 0.179809
15 23 0.181561
15 24 0.182728
15 25 0.183312
15 26 0.183312
15 27 0.182728
15 28 0.181561
15 29 0.179809
15 30 0.177474
15 31 0.174554
15 32 0.171049
15 33 0.166959
15 34 0.162284
15 35 0.157023
15 36 0.151175
15 37 0.14474
15 38 0.137718
15 39 0.130106
15 40 0.121906
15 41 0.113115
15 42 0.103733
15 43 0.0937599
15 44 0.0831938
15 45 0.072034
15 46 0.0602796
15 47 0.0479297
15 48 0.0349831
15 49 0.021439
15 50 0.00729617

