15 1 0.00738343
15 2 0.0217004
15 3 0.0354177
15 4 0.0485356
15 5 0.0610546
15 6 0.0729749
15 7 0.084297
15 8 0.095021
15 9 0.105147
15 10 0.114676
15 11 0.123608
15 12 0.131943
15 13 0.139682
15 14 0.146824
15 15 0.15337
15 16 0.15932
15 17 0.164675
15 18 0.169434
15 19 0.173598
15 20 0.177167
15 21 0.180141
15 22 0.18252
15 23 0.184304
15 24 0.185494
15 25 0.186088
15 26 0.186088
15 27 0.185494
15 28 0.184304
15 29 0.18252
15 30 0.180141
15 31 0.177167
15 32 0.173598
15 33 0.169434
15 34 0.164675
15 35 0.15932
15 36 0.15337
15 37 0.146824
15 38 0.139682
15 39 0.131943
15 40 0.123608
15 41 0.114676
15 42 0.105147
15 43 0.095021
15 44 0.084297
15 45 0.0729749
15 46 0.0610546
15 47 0.0485356
15 48 0.0354177
15 49 0.0217004
15 50 0.00738343

