15 1 0.00742548
15 2 0.0218264
15 3 0.0356271
15 4 0.0488277
15 5 0.0614281
15 6 0.0734284
15 7 0.0848286
15 8 0.0956287
15 9 0.105829
15 10 0.115429
15 11 0.124429
15 12 0.132829
15 13 0.140628
15 14 0.147828
15 15 0.154428
15 16 0.160428
15 17 0.165827
15 18 0.170627
15 19 0.174827
15 20 0.178427
15 21 0.181427
15 22 0.183827
15 23 0.185626
15 24 0.186826
15 25 0.187426
15 26 0.187426
15 27 0.186826
15 28 0.185626
15 29 0.183827
15 30 0.181427
15 31 0.178427
15 32 0.174827
15 33 0.170627
15 34 0.165827
15 35 0.160428
15 36 0.154428
15 37 0.147828
15 38 0.140628
15 39 0.132829
15 40 0.124429
15 41 0.115429
15 42 0.105829
15 43 0.0956287
15 44 0.0848286
15 45 0.0734284
15 46 0.0614281
15 47 0.0488277
15 48 0.0356271
15 49 0.0218264
15 50 0.00742548

