15 1 0.00742528
15 2 0.0218258
15 3 0.0356261
15 4 0.0488263
15 5 0.0614263
15 6 0.0734263
15 7 0.0848261
15 8 0.0956259
15 9 0.105826
15 10 0.115425
15 11 0.124425
15 12 0.132824
15 13 0.140624
15 14 0.147823
15 15 0.154423
15 16 0.160422
15 17 0.165822
15 18 0.170622
15 19 0.174821
15 20 0.178421
15 21 0.181421
15 22 0.18382
15 23 0.18562
15 24 0.18682
15 25 0.18742
15 26 0.18742
15 27 0.18682
15 28 0.18562
15 29 0.18382
15 30 0.181421
15 31 0.178421
15 32 0.174821
15 33 0.170622
15 34 0.165822
15 35 0.160422
15 36 0.154423
15 37 0.147823
15 38 0.140624
15 39 0.132824
15 40 0.124425
15 41 0.115425
15 42 0.105826
15 43 0.0956259
15 44 0.0848261
15 45 0.0734263
15 46 0.0614263
15 47 0.0488263
15 48 0.0356261
15 49 0.0218258
15 50 0.00742528

