15 1 0.00739006
15 2 0.0217203
15 3 0.0354507
15 4 0.0485817
15 5 0.0611136
15 6 0.0730465
15 7 0.0843809
15 8 0.0951169
15 9 0.105255
15 10 0.114795
15 11 0.123738
15 12 0.132083
15 13 0.139831
15 14 0.146982
15 15 0.153537
15 16 0.159495
15 17 0.164857
15 18 0.169623
15 19 0.173792
15 20 0.177366
15 21 0.180344
15 22 0.182726
15 23 0.184513
15 24 0.185704
15 25 0.1863
15 26 0.1863
15 27 0.185704
15 28 0.184513
15 29 0.182726
15 30 0.180344
15 31 0.177366
15 32 0.173792
15 33 0.169623
15 34 0.164857
15 35 0.159495
15 36 0.153537
15 37 0.146982
15 38 0.139831
15 39 0.132083
15 40 0.123738
15 41 0.114795
15 42 0.105255
15 43 0.0951169
15 44 0.0843809
15 45 0.0730465
15 46 0.0611136
15 47 0.0485817
15 48 0.0354507
15 49 0.0217203
15 50 0.00739006

