15 1 0.00742636
15 2 0.021829
15 3 0.0356315
15 4 0.0488338
15 5 0.0614359
15 6 0.0734379
15 7 0.0848397
15 8 0.0956415
15 9 0.105843
15 10 0.115444
15 11 0.124446
15 12 0.132847
15 13 0.140648
15 14 0.147849
15 15 0.15445
15 16 0.160451
15 17 0.165852
15 18 0.170652
15 19 0.174853
15 20 0.178453
15 21 0.181454
15 22 0.183854
15 23 0.185654
15 24 0.186854
15 25 0.187454
15 26 0.187454
15 27 0.186854
15 28 0.185654
15 29 0.183854
15 30 0.181454
15 31 0.178453
15 32 0.174853
15 33 0.170652
15 34 0.165852
15 35 0.160451
15 36 0.15445
15 37 0.147849
15 38 0.140648
15 39 0.132847
15 40 0.124446
15 41 0.115444
15 42 0.105843
15 43 0.0956415
15 44 0.0848397
15 45 0.0734379
15 46 0.0614359
15 47 0.0488338
15 48 0.0356315
15 49 0.021829
15 50 0.00742636

