15 1 0.00742666
15 2 0.0218299
15 3 0.0356329
15 4 0.0488358
15 5 0.0614386
15 6 0.0734411
15 7 0.0848435
15 8 0.0956458
15 9 0.105848
15 10 0.11545
15 11 0.124452
15 12 0.132853
15 13 0.140655
15 14 0.147856
15 15 0.154458
15 16 0.160459
15 17 0.16586
15 18 0.170661
15 19 0.174862
15 20 0.178462
15 21 0.181463
15 22 0.183863
15 23 0.185664
15 24 0.186864
15 25 0.187464
15 26 0.187464
15 27 0.186864
15 28 0.185664
15 29 0.183863
15 30 0.181463
15 31 0.178462
15 32 0.174862
15 33 0.170661
15 34 0.16586
15 35 0.160459
15 36 0.154458
15 37 0.147856
15 38 0.140655
15 39 0.132853
15 40 0.124452
15 41 0.11545
15 42 0.105848
15 43 0.0956458
15 44 0.0848435
15 45 0.0734411
15 46 0.0614386
15 47 0.0488358
15 48 0.0356329
15 49 0.0218299
15 50 0.00742666

