15 1 0.00742685
15 2 0.0218305
15 3 0.0356339
15 4 0.0488372
15 5 0.0614403
15 6 0.0734432
15 7 0.084846
15 8 0.0956486
15 9 0.105851
15 10 0.115453
15 11 0.124455
15 12 0.132857
15 13 0.140659
15 14 0.147861
15 15 0.154462
15 16 0.160464
15 17 0.165865
15 18 0.170666
15 19 0.174867
15 20 0.178468
15 21 0.181469
15 22 0.183869
15 23 0.18567
15 24 0.18687
15 25 0.18747
15 26 0.18747
15 27 0.18687
15 28 0.18567
15 29 0.183869
15 30 0.181469
15 31 0.178468
15 32 0.174867
15 33 0.170666
15 34 0.165865
15 35 0.160464
15 36 0.154462
15 37 0.147861
15 38 0.140659
15 39 0.132857
15 40 0.124455
15 41 0.115453
15 42 0.105851
15 43 0.0956486
15 44 0.084846
15 45 0.0734432
15 46 0.0614403
15 47 0.0488372
15 48 0.0356339
15 49 0.0218305
15 50 0.00742685

