15 1 0.0072126
15 2 0.0211886
15 3 0.0345669
15 4 0.0473493
15 5 0.0595374
15 6 0.0711328
15 7 0.0821371
15 8 0.092552
15 9 0.102379
15 10 0.111619
15 11 0.120275
15 12 0.128347
15 13 0.135836
15 14 0.142745
15 15 0.149073
15 16 0.154823
15 17 0.159994
15 18 0.164589
15 19 0.168607
15 20 0.17205
15 21 0.174919
15 22 0.177213
15 23 0.178933
15 24 0.180079
15 25 0.180653
15 26 0.180653
15 27 0.180079
15 28 0.178933
15 29 0.177213
15 30 0.174919
15 31 0.17205
15 32 0.168607
15 33 0.164589
15 34 0.159994
15 35 0.154823
15 36 0.149073
15 37 0.142745
15 38 0.135836
15 39 0.128347
15 40 0.120275
15 41 0.111619
15 42 0.102379
15 43 0.092552
15 44 0.0821371
15 45 0.0711328
15 46 0.0595374
15 47 0.0473493
15 48 0.0345669
15 49 0.0211886
15 50 0.0072126

