15 1 0.00739738
15 2 0.0217422
15 3 0.0354871
15 4 0.0486325
15 5 0.0611785
15 6 0.0731254
15 7 0.0844733
15 8 0.0952226
15 9 0.105373
15 10 0.114926
15 11 0.12388
15 12 0.132237
15 13 0.139996
15 14 0.147157
15 15 0.153721
15 16 0.159688
15 17 0.165057
15 18 0.16983
15 19 0.174006
15 20 0.177585
15 21 0.180568
15 22 0.182953
15 23 0.184743
15 24 0.185936
15 25 0.186532
15 26 0.186532
15 27 0.185936
15 28 0.184743
15 29 0.182953
15 30 0.180568
15 31 0.177585
15 32 0.174006
15 33 0.16983
15 34 0.165057
15 35 0.159688
15 36 0.153721
15 37 0.147157
15 38 0.139996
15 39 0.132237
15 40 0.12388
15 41 0.114926
15 42 0.105373
15 43 0.0952226
15 44 0.0844733
15 45 0.0731254
15 46 0.0611785
15 47 0.0486325
15 48 0.0354871
15 49 0.0217422
15 50 0.00739738

