15 1 0.00742692
15 2 0.0218307
15 3 0.0356343
15 4 0.0488377
15 5 0.0614409
15 6 0.073444
15 7 0.0848469
15 8 0.0956496
15 9 0.105852
15 10 0.115455
15 11 0.124457
15 12 0.132859
15 13 0.140661
15 14 0.147863
15 15 0.154464
15 16 0.160466
15 17 0.165867
15 18 0.170668
15 19 0.174869
15 20 0.17847
15 21 0.181471
15 22 0.183871
15 23 0.185672
15 24 0.186872
15 25 0.187472
15 26 0.187472
15 27 0.186872
15 28 0.185672
15 29 0.183871
15 30 0.181471
15 31 0.17847
15 32 0.174869
15 33 0.170668
15 34 0.165867
15 35 0.160466
15 36 0.154464
15 37 0.147863
15 38 0.140661
15 39 0.132859
15 40 0.124457
15 41 0.115455
15 42 0.105852
15 43 0.0956496
15 44 0.0848469
15 45 0.073444
15 46 0.0614409
15 47 0.0488377
15 48 0.0356343
15 49 0.0218307
15 50 0.00742692

