15 1 0.00715999
15 2 0.021031
15 3 0.0343049
15 4 0.0469839
15 5 0.0590701
15 6 0.0705654
15 7 0.0814719
15 8 0.0917916
15 9 0.101526
15 10 0.110678
15 11 0.119248
15 12 0.127239
15 13 0.134652
15 14 0.141488
15 15 0.14775
15 16 0.153437
15 17 0.158552
15 18 0.163096
15 19 0.16707
15 20 0.170475
15 21 0.17331
15 22 0.175578
15 23 0.177279
15 24 0.178412
15 25 0.178979
15 26 0.178979
15 27 0.178412
15 28 0.177279
15 29 0.175578
15 30 0.17331
15 31 0.170475
15 32 0.16707
15 33 0.163096
15 34 0.158552
15 35 0.153437
15 36 0.14775
15 37 0.141488
15 38 0.134652
15 39 0.127239
15 40 0.119248
15 41 0.110678
15 42 0.101526
15 43 0.0917916
15 44 0.0814719
15 45 0.0705654
15 46 0.0590701
15 47 0.0469839
15 48 0.0343049
15 49 0.021031
15 50 0.00715999

