15 1 0.00460462
15 2 0.0133749
15 3 0.0215785
15 4 0.0292375
15 5 0.0363738
15 6 0.043009
15 7 0.0491644
15 8 0.0548606
15 9 0.0601178
15 10 0.0649557
15 11 0.0693928
15 12 0.0734473
15 13 0.0771364
15 14 0.0804761
15 15 0.0834817
15 16 0.0861675
15 17 0.0885463
15 18 0.0906301
15 19 0.0924297
15 20 0.0939543
15 21 0.0952123
15 22 0.0962104
15 23 0.0969541
15 24 0.0974476
15 25 0.0976936
15 26 0.0976936
15 27 0.0974476
15 28 0.0969541
15 29 0.0962104
15 30 0.0952123
15 31 0.0939543
15 32 0.0924297
15 33 0.0906301
15 34 0.0885463
15 35 0.0861675
15 36 0.0834817
15 37 0.0804761
15 38 0.0771364
15 39 0.0734473
15 40 0.0693928
15 41 0.0649557
15 42 0.0601178
15 43 0.0548606
15 44 0.0491644
15 45 0.043009
15 46 0.0363738
15 47 0.0292375
15 48 0.0215785
15 49 0.0133749
15 50 0.00460462

