15 1 0.00741875
15 2 0.0218062
15 3 0.0355936
15 4 0.0487809
15 5 0.0613683
15 6 0.0733558
15 7 0.0847436
15 8 0.0955315
15 9 0.10572
15 10 0.115308
15 11 0.124297
15 12 0.132687
15 13 0.140477
15 14 0.147667
15 15 0.154259
15 16 0.160251
15 17 0.165643
15 18 0.170436
15 19 0.17463
15 20 0.178225
15 21 0.181221
15 22 0.183618
15 23 0.185415
15 24 0.186613
15 25 0.187212
15 26 0.187212
15 27 0.186613
15 28 0.185415
15 29 0.183618
15 30 0.181221
15 31 0.178225
15 32 0.17463
15 33 0.170436
15 34 0.165643
15 35 0.160251
15 36 0.154259
15 37 0.147667
15 38 0.140477
15 39 0.132687
15 40 0.124297
15 41 0.115308
15 42 0.10572
15 43 0.0955315
15 44 0.0847436
15 45 0.0733558
15 46 0.0613683
15 47 0.0487809
15 48 0.0355936
15 49 0.0218062
15 50 0.00741875

