15 1 0.00570421
15 2 0.0166693
15 3 0.0270547
15 4 0.0368737
15 5 0.0461397
15 6 0.054866
15 7 0.0630654
15 8 0.0707507
15 9 0.077934
15 10 0.0846273
15 11 0.0908422
15 12 0.0965896
15 13 0.10188
15 14 0.106723
15 15 0.111129
15 16 0.115105
15 17 0.11866
15 18 0.121801
15 19 0.124535
15 20 0.126868
15 21 0.128804
15 22 0.130348
15 23 0.131503
15 24 0.132271
15 25 0.132655
15 26 0.132655
15 27 0.132271
15 28 0.131503
15 29 0.130348
15 30 0.128804
15 31 0.126868
15 32 0.124535
15 33 0.121801
15 34 0.11866
15 35 0.115105
15 36 0.111129
15 37 0.106723
15 38 0.10188
15 39 0.0965896
15 40 0.0908422
15 41 0.0846273
15 42 0.077934
15 43 0.0707507
15 44 0.0630654
15 45 0.054866
15 46 0.0461397
15 47 0.0368737
15 48 0.0270547
15 49 0.0166693
15 50 0.00570421

