15 1 0.00740325
15 2 0.0217598
15 3 0.0355164
15 4 0.0486733
15 5 0.0612307
15 6 0.0731887
15 7 0.0845476
15 8 0.0953075
15 9 0.105469
15 10 0.115031
15 11 0.123995
15 12 0.132361
15 13 0.140128
15 14 0.147297
15 15 0.153869
15 16 0.159842
15 17 0.165218
15 18 0.169997
15 19 0.174178
15 20 0.177761
15 21 0.180747
15 22 0.183136
15 23 0.184928
15 24 0.186122
15 25 0.186719
15 26 0.186719
15 27 0.186122
15 28 0.184928
15 29 0.183136
15 30 0.180747
15 31 0.177761
15 32 0.174178
15 33 0.169997
15 34 0.165218
15 35 0.159842
15 36 0.153869
15 37 0.147297
15 38 0.140128
15 39 0.132361
15 40 0.123995
15 41 0.115031
15 42 0.105469
15 43 0.0953075
15 44 0.0845476
15 45 0.0731887
15 46 0.0612307
15 47 0.0486733
15 48 0.0355164
15 49 0.0217598
15 50 0.00740325

