15 1 0.00742681
15 2 0.0218303
15 3 0.0356337
15 4 0.0488369
15 5 0.0614399
15 6 0.0734428
15 7 0.0848455
15 8 0.095648
15 9 0.10585
15 10 0.115453
15 11 0.124455
15 12 0.132857
15 13 0.140658
15 14 0.14786
15 15 0.154461
15 16 0.160463
15 17 0.165864
15 18 0.170665
15 19 0.174866
15 20 0.178467
15 21 0.181467
15 22 0.183868
15 23 0.185668
15 24 0.186869
15 25 0.187469
15 26 0.187469
15 27 0.186869
15 28 0.185668
15 29 0.183868
15 30 0.181467
15 31 0.178467
15 32 0.174866
15 33 0.170665
15 34 0.165864
15 35 0.160463
15 36 0.154461
15 37 0.14786
15 38 0.140658
15 39 0.132857
15 40 0.124455
15 41 0.115453
15 42 0.10585
15 43 0.095648
15 44 0.0848455
15 45 0.0734428
15 46 0.0614399
15 47 0.0488369
15 48 0.0356337
15 49 0.0218303
15 50 0.00742681

