15 1 0.00728879
15 2 0.0214168
15 3 0.0349463
15 4 0.0478784
15 5 0.060214
15 6 0.0719544
15 7 0.0831004
15 8 0.0936532
15 9 0.103614
15 10 0.112983
15 11 0.121762
15 12 0.129951
15 13 0.137551
15 14 0.144564
15 15 0.15099
15 16 0.156829
15 17 0.162082
15 18 0.16675
15 19 0.170833
15 20 0.174333
15 21 0.177248
15 22 0.17958
15 23 0.181328
15 24 0.182494
15 25 0.183077
15 26 0.183077
15 27 0.182494
15 28 0.181328
15 29 0.17958
15 30 0.177248
15 31 0.174333
15 32 0.170833
15 33 0.16675
15 34 0.162082
15 35 0.156829
15 36 0.15099
15 37 0.144564
15 38 0.137551
15 39 0.129951
15 40 0.121762
15 41 0.112983
15 42 0.103614
15 43 0.0936532
15 44 0.0831004
15 45 0.0719544
15 46 0.060214
15 47 0.0478784
15 48 0.0349463
15 49 0.0214168
15 50 0.00728879

