15 1 0.00735933
15 2 0.0216282
15 3 0.0352977
15 4 0.0483683
15 5 0.0608406
15 6 0.0727151
15 7 0.0839923
15 8 0.0946727
15 9 0.104757
15 10 0.114245
15 11 0.123138
15 12 0.131436
15 13 0.139139
15 14 0.146249
15 15 0.152764
15 16 0.158686
15 17 0.164015
15 18 0.168751
15 19 0.172894
15 20 0.176446
15 21 0.179404
15 22 0.181771
15 23 0.183547
15 24 0.18473
15 25 0.185322
15 26 0.185322
15 27 0.18473
15 28 0.183547
15 29 0.181771
15 30 0.179404
15 31 0.176446
15 32 0.172894
15 33 0.168751
15 34 0.164015
15 35 0.158686
15 36 0.152764
15 37 0.146249
15 38 0.139139
15 39 0.131436
15 40 0.123138
15 41 0.114245
15 42 0.104757
15 43 0.0946727
15 44 0.0839923
15 45 0.0727151
15 46 0.0608406
15 47 0.0483683
15 48 0.0352977
15 49 0.0216282
15 50 0.00735933

