15 1 0.00739204
15 2 0.0217262
15 3 0.0354606
15 4 0.0485955
15 5 0.0611312
15 6 0.0730679
15 7 0.0844059
15 8 0.0951456
15 9 0.105287
15 10 0.114831
15 11 0.123776
15 12 0.132125
15 13 0.139876
15 14 0.14703
15 15 0.153587
15 16 0.159547
15 17 0.164911
15 18 0.169679
15 19 0.17385
15 20 0.177425
15 21 0.180405
15 22 0.182788
15 23 0.184575
15 24 0.185767
15 25 0.186363
15 26 0.186363
15 27 0.185767
15 28 0.184575
15 29 0.182788
15 30 0.180405
15 31 0.177425
15 32 0.17385
15 33 0.169679
15 34 0.164911
15 35 0.159547
15 36 0.153587
15 37 0.14703
15 38 0.139876
15 39 0.132125
15 40 0.123776
15 41 0.114831
15 42 0.105287
15 43 0.0951456
15 44 0.0844059
15 45 0.0730679
15 46 0.0611312
15 47 0.0485955
15 48 0.0354606
15 49 0.0217262
15 50 0.00739204

