15 1 0.00681913
15 2 0.0200097
15 3 0.0326073
15 4 0.0446167
15 5 0.0560425
15 6 0.0668895
15 7 0.0771622
15 8 0.086865
15 9 0.0960024
15 10 0.104578
15 11 0.112597
15 12 0.120063
15 13 0.126979
15 14 0.133348
15 15 0.139175
15 16 0.144462
15 17 0.149212
15 18 0.153428
15 19 0.157111
15 20 0.160264
15 21 0.162889
15 22 0.164988
15 23 0.16656
15 24 0.167608
15 25 0.168132
15 26 0.168132
15 27 0.167608
15 28 0.16656
15 29 0.164988
15 30 0.162889
15 31 0.160264
15 32 0.157111
15 33 0.153428
15 34 0.149212
15 35 0.144462
15 36 0.139175
15 37 0.133348
15 38 0.126979
15 39 0.120063
15 40 0.112597
15 41 0.104578
15 42 0.0960024
15 43 0.086865
15 44 0.0771622
15 45 0.0668895
15 46 0.0560425
15 47 0.0446167
15 48 0.0326073
15 49 0.0200097
15 50 0.00681913

