15 1 0.00741409
15 2 0.0217923
15 3 0.0355704
15 4 0.0487486
15 5 0.061327
15 6 0.0733057
15 7 0.0846847
15 8 0.0954642
15 9 0.105644
15 10 0.115225
15 11 0.124207
15 12 0.132589
15 13 0.140372
15 14 0.147556
15 15 0.154142
15 16 0.160128
15 17 0.165516
15 18 0.170304
15 19 0.174495
15 20 0.178086
15 21 0.181079
15 22 0.183473
15 23 0.185269
15 24 0.186466
15 25 0.187064
15 26 0.187064
15 27 0.186466
15 28 0.185269
15 29 0.183473
15 30 0.181079
15 31 0.178086
15 32 0.174495
15 33 0.170304
15 34 0.165516
15 35 0.160128
15 36 0.154142
15 37 0.147556
15 38 0.140372
15 39 0.132589
15 40 0.124207
15 41 0.115225
15 42 0.105644
15 43 0.0954642
15 44 0.0846847
15 45 0.0733057
15 46 0.061327
15 47 0.0487486
15 48 0.0355704
15 49 0.0217923
15 50 0.00741409

