15 1 0.00742706
15 2 0.0218311
15 3 0.035635
15 4 0.0488387
15 5 0.0614422
15 6 0.0734455
15 7 0.0848487
15 8 0.0956517
15 9 0.105854
15 10 0.115457
15 11 0.12446
15 12 0.132862
15 13 0.140664
15 14 0.147866
15 15 0.154468
15 16 0.160469
15 17 0.165871
15 18 0.170672
15 19 0.174873
15 20 0.178474
15 21 0.181475
15 22 0.183876
15 23 0.185676
15 24 0.186877
15 25 0.187477
15 26 0.187477
15 27 0.186877
15 28 0.185676
15 29 0.183876
15 30 0.181475
15 31 0.178474
15 32 0.174873
15 33 0.170672
15 34 0.165871
15 35 0.160469
15 36 0.154468
15 37 0.147866
15 38 0.140664
15 39 0.132862
15 40 0.12446
15 41 0.115457
15 42 0.105854
15 43 0.0956517
15 44 0.0848487
15 45 0.0734455
15 46 0.0614422
15 47 0.0488387
15 48 0.035635
15 49 0.0218311
15 50 0.00742706

