15 1 0.00714494
15 2 0.0209858
15 3 0.0342299
15 4 0.0468793
15 5 0.0589363
15 6 0.070403
15 7 0.0812816
15 8 0.091574
15 9 0.101282
15 10 0.110409
15 11 0.118955
15 12 0.126922
15 13 0.134313
15 14 0.141129
15 15 0.147371
15 16 0.153041
15 17 0.15814
15 18 0.162669
15 19 0.16663
15 20 0.170024
15 21 0.17285
15 22 0.17511
15 23 0.176805
15 24 0.177935
15 25 0.178499
15 26 0.178499
15 27 0.177935
15 28 0.176805
15 29 0.17511
15 30 0.17285
15 31 0.170024
15 32 0.16663
15 33 0.162669
15 34 0.15814
15 35 0.153041
15 36 0.147371
15 37 0.141129
15 38 0.134313
15 39 0.126922
15 40 0.118955
15 41 0.110409
15 42 0.101282
15 43 0.091574
15 44 0.0812816
15 45 0.070403
15 46 0.0589363
15 47 0.0468793
15 48 0.0342299
15 49 0.0209858
15 50 0.00714494

