15 1 0.00723489
15 2 0.0212553
15 3 0.0346779
15 4 0.047504
15 5 0.0597353
15 6 0.0713731
15 7 0.0824189
15 8 0.0928741
15 9 0.10274
15 10 0.112018
15 11 0.12071
15 12 0.128816
15 13 0.136338
15 14 0.143277
15 15 0.149634
15 16 0.155409
15 17 0.160605
15 18 0.165221
15 19 0.169258
15 20 0.172718
15 21 0.1756
15 22 0.177905
15 23 0.179634
15 24 0.180786
15 25 0.181362
15 26 0.181362
15 27 0.180786
15 28 0.179634
15 29 0.177905
15 30 0.1756
15 31 0.172718
15 32 0.169258
15 33 0.165221
15 34 0.160605
15 35 0.155409
15 36 0.149634
15 37 0.143277
15 38 0.136338
15 39 0.128816
15 40 0.12071
15 41 0.112018
15 42 0.10274
15 43 0.0928741
15 44 0.0824189
15 45 0.0713731
15 46 0.0597353
15 47 0.047504
15 48 0.0346779
15 49 0.0212553
15 50 0.00723489

