15 1 0.00678487
15 2 0.0199071
15 3 0.0324367
15 4 0.0443787
15 5 0.0557382
15 6 0.06652
15 7 0.076729
15 8 0.0863698
15 9 0.0954471
15 10 0.103965
15 11 0.111929
15 12 0.119341
15 13 0.126207
15 14 0.13253
15 15 0.138313
15 16 0.14356
15 17 0.148273
15 18 0.152456
15 19 0.15611
15 20 0.159238
15 21 0.161842
15 22 0.163923
15 23 0.165483
15 24 0.166522
15 25 0.167042
15 26 0.167042
15 27 0.166522
15 28 0.165483
15 29 0.163923
15 30 0.161842
15 31 0.159238
15 32 0.15611
15 33 0.152456
15 34 0.148273
15 35 0.14356
15 36 0.138313
15 37 0.13253
15 38 0.126207
15 39 0.119341
15 40 0.111929
15 41 0.103965
15 42 0.0954471
15 43 0.0863698
15 44 0.076729
15 45 0.06652
15 46 0.0557382
15 47 0.0443787
15 48 0.0324367
15 49 0.0199071
15 50 0.00678487

