15 1 0.0074019
15 2 0.0217557
15 3 0.0355097
15 4 0.0486639
15 5 0.0612187
15 6 0.0731741
15 7 0.0845305
15 8 0.095288
15 9 0.105447
15 10 0.115007
15 11 0.123969
15 12 0.132332
15 13 0.140098
15 14 0.147265
15 15 0.153835
15 16 0.159807
15 17 0.165181
15 18 0.169958
15 19 0.174138
15 20 0.177721
15 21 0.180706
15 22 0.183094
15 23 0.184885
15 24 0.186079
15 25 0.186676
15 26 0.186676
15 27 0.186079
15 28 0.184885
15 29 0.183094
15 30 0.180706
15 31 0.177721
15 32 0.174138
15 33 0.169958
15 34 0.165181
15 35 0.159807
15 36 0.153835
15 37 0.147265
15 38 0.140098
15 39 0.132332
15 40 0.123969
15 41 0.115007
15 42 0.105447
15 43 0.095288
15 44 0.0845305
15 45 0.0731741
15 46 0.0612187
15 47 0.0486639
15 48 0.0355097
15 49 0.0217557
15 50 0.0074019

