15 1 0.00742683
15 2 0.0218304
15 3 0.0356338
15 4 0.048837
15 5 0.0614401
15 6 0.073443
15 7 0.0848457
15 8 0.0956483
15 9 0.105851
15 10 0.115453
15 11 0.124455
15 12 0.132857
15 13 0.140659
15 14 0.14786
15 15 0.154462
15 16 0.160463
15 17 0.165865
15 18 0.170666
15 19 0.174867
15 20 0.178467
15 21 0.181468
15 22 0.183869
15 23 0.185669
15 24 0.186869
15 25 0.187469
15 26 0.187469
15 27 0.186869
15 28 0.185669
15 29 0.183869
15 30 0.181468
15 31 0.178467
15 32 0.174867
15 33 0.170666
15 34 0.165865
15 35 0.160463
15 36 0.154462
15 37 0.14786
15 38 0.140659
15 39 0.132857
15 40 0.124455
15 41 0.115453
15 42 0.105851
15 43 0.0956483
15 44 0.0848457
15 45 0.073443
15 46 0.0614401
15 47 0.048837
15 48 0.0356338
15 49 0.0218304
15 50 0.00742683

