15 1 0.00720051
15 2 0.0211524
15 3 0.0345067
15 4 0.0472653
15 5 0.05943
15 6 0.0710024
15 7 0.0819842
15 8 0.0923773
15 9 0.102183
15 10 0.111403
15 11 0.120039
15 12 0.128092
15 13 0.135564
15 14 0.142456
15 15 0.148769
15 16 0.154504
15 17 0.159663
15 18 0.164246
15 19 0.168254
15 20 0.171688
15 21 0.174549
15 22 0.176837
15 23 0.178553
15 24 0.179696
15 25 0.180268
15 26 0.180268
15 27 0.179696
15 28 0.178553
15 29 0.176837
15 30 0.174549
15 31 0.171688
15 32 0.168254
15 33 0.164246
15 34 0.159663
15 35 0.154504
15 36 0.148769
15 37 0.142456
15 38 0.135564
15 39 0.128092
15 40 0.120039
15 41 0.111403
15 42 0.102183
15 43 0.0923773
15 44 0.0819842
15 45 0.0710024
15 46 0.05943
15 47 0.0472653
15 48 0.0345067
15 49 0.0211524
15 50 0.00720051

