15 1 0.00742676
15 2 0.0218302
15 3 0.0356335
15 4 0.0488366
15 5 0.0614395
15 6 0.0734423
15 7 0.0848449
15 8 0.0956473
15 9 0.10585
15 10 0.115452
15 11 0.124454
15 12 0.132856
15 13 0.140657
15 14 0.147859
15 15 0.15446
15 16 0.160462
15 17 0.165863
15 18 0.170664
15 19 0.174865
15 20 0.178465
15 21 0.181466
15 22 0.183867
15 23 0.185667
15 24 0.186867
15 25 0.187467
15 26 0.187467
15 27 0.186867
15 28 0.185667
15 29 0.183867
15 30 0.181466
15 31 0.178465
15 32 0.174865
15 33 0.170664
15 34 0.165863
15 35 0.160462
15 36 0.15446
15 37 0.147859
15 38 0.140657
15 39 0.132856
15 40 0.124454
15 41 0.115452
15 42 0.10585
15 43 0.0956473
15 44 0.0848449
15 45 0.0734423
15 46 0.0614395
15 47 0.0488366
15 48 0.0356335
15 49 0.0218302
15 50 0.00742676

