15 1 0.00738797
15 2 0.021714
15 3 0.0354403
15 4 0.0485672
15 5 0.061095
15 6 0.073024
15 7 0.0843544
15 8 0.0950867
15 9 0.105221
15 10 0.114758
15 11 0.123697
15 12 0.132039
15 13 0.139784
15 14 0.146933
15 15 0.153484
15 16 0.15944
15 17 0.1648
15 18 0.169563
15 19 0.173731
15 20 0.177303
15 21 0.18028
15 22 0.182661
15 23 0.184447
15 24 0.185638
15 25 0.186233
15 26 0.186233
15 27 0.185638
15 28 0.184447
15 29 0.182661
15 30 0.18028
15 31 0.177303
15 32 0.173731
15 33 0.169563
15 34 0.1648
15 35 0.15944
15 36 0.153484
15 37 0.146933
15 38 0.139784
15 39 0.132039
15 40 0.123697
15 41 0.114758
15 42 0.105221
15 43 0.0950867
15 44 0.0843544
15 45 0.073024
15 46 0.061095
15 47 0.0485672
15 48 0.0354403
15 49 0.021714
15 50 0.00738797

