15 1 0.00722405
15 2 0.0212229
15 3 0.0346239
15 4 0.0474288
15 5 0.059639
15 6 0.0712562
15 7 0.0822819
15 8 0.0927175
15 9 0.102564
15 10 0.111824
15 11 0.120498
15 12 0.128588
15 13 0.136094
15 14 0.143018
15 15 0.149361
15 16 0.155124
15 17 0.160308
15 18 0.164914
15 19 0.168942
15 20 0.172393
15 21 0.175269
15 22 0.177568
15 23 0.179293
15 24 0.180442
15 25 0.181017
15 26 0.181017
15 27 0.180442
15 28 0.179293
15 29 0.177568
15 30 0.175269
15 31 0.172393
15 32 0.168942
15 33 0.164914
15 34 0.160308
15 35 0.155124
15 36 0.149361
15 37 0.143018
15 38 0.136094
15 39 0.128588
15 40 0.120498
15 41 0.111824
15 42 0.102564
15 43 0.0927175
15 44 0.0822819
15 45 0.0712562
15 46 0.059639
15 47 0.0474288
15 48 0.0346239
15 49 0.0212229
15 50 0.00722405

