15 1 0.00637519
15 2 0.0186796
15 3 0.0303963
15 4 0.0415336
15 5 0.0520994
15 6 0.062102
15 7 0.0715491
15 8 0.0804486
15 9 0.0888079
15 10 0.0966343
15 11 0.103935
15 12 0.110716
15 13 0.116985
15 14 0.122747
15 15 0.128007
15 16 0.132772
15 17 0.137047
15 18 0.140835
15 19 0.14414
15 20 0.146966
15 21 0.149317
15 22 0.151195
15 23 0.152601
15 24 0.153538
15 25 0.154006
15 26 0.154006
15 27 0.153538
15 28 0.152601
15 29 0.151195
15 30 0.149317
15 31 0.146966
15 32 0.14414
15 33 0.140835
15 34 0.137047
15 35 0.132772
15 36 0.128007
15 37 0.122747
15 38 0.116985
15 39 0.110716
15 40 0.103935
15 41 0.0966343
15 42 0.0888079
15 43 0.0804486
15 44 0.0715491
15 45 0.062102
15 46 0.0520994
15 47 0.0415336
15 48 0.0303963
15 49 0.0186796
15 50 0.00637519

