15 1 0.00588312
15 2 0.0172054
15 3 0.0279457
15 4 0.0381162
15 5 0.0477289
15 6 0.0567955
15 7 0.0653276
15 8 0.0733366
15 9 0.0808335
15 10 0.087829
15 11 0.0943333
15 12 0.100356
15 13 0.105908
15 14 0.110996
15 15 0.115629
15 16 0.119816
15 17 0.123563
15 18 0.126877
15 19 0.129763
15 20 0.132227
15 21 0.134274
15 22 0.135907
15 23 0.137128
15 24 0.137942
15 25 0.138348
15 26 0.138348
15 27 0.137942
15 28 0.137128
15 29 0.135907
15 30 0.134274
15 31 0.132227
15 32 0.129763
15 33 0.126877
15 34 0.123563
15 35 0.119816
15 36 0.115629
15 37 0.110996
15 38 0.105908
15 39 0.100356
15 40 0.0943333
15 41 0.087829
15 42 0.0808335
15 43 0.0733366
15 44 0.0653276
15 45 0.0567955
15 46 0.0477289
15 47 0.0381162
15 48 0.0279457
15 49 0.0172054
15 50 0.00588312

