15 1 0.00737269
15 2 0.0216682
15 3 0.0353642
15 4 0.0484611
15 5 0.0609593
15 6 0.0728592
15 7 0.0841613
15 8 0.0948659
15 9 0.104973
15 10 0.114484
15 11 0.123399
15 12 0.131717
15 13 0.13944
15 14 0.146568
15 15 0.1531
15 16 0.159038
15 17 0.164381
15 18 0.16913
15 19 0.173285
15 20 0.176846
15 21 0.179813
15 22 0.182187
15 23 0.183967
15 24 0.185153
15 25 0.185747
15 26 0.185747
15 27 0.185153
15 28 0.183967
15 29 0.182187
15 30 0.179813
15 31 0.176846
15 32 0.173285
15 33 0.16913
15 34 0.164381
15 35 0.159038
15 36 0.1531
15 37 0.146568
15 38 0.13944
15 39 0.131717
15 40 0.123399
15 41 0.114484
15 42 0.104973
15 43 0.0948659
15 44 0.0841613
15 45 0.0728592
15 46 0.0609593
15 47 0.0484611
15 48 0.0353642
15 49 0.0216682
15 50 0.00737269

