15 1 0.00712903
15 2 0.0209382
15 3 0.0341507
15 4 0.0467689
15 5 0.0587951
15 6 0.0702315
15 7 0.0810805
15 8 0.0913441
15 9 0.101025
15 10 0.110124
15 11 0.118644
15 12 0.126587
15 13 0.133955
15 14 0.140749
15 15 0.146971
15 16 0.152622
15 17 0.157704
15 18 0.162218
15 19 0.166166
15 20 0.169547
15 21 0.172364
15 22 0.174616
15 23 0.176305
15 24 0.177431
15 25 0.177993
15 26 0.177993
15 27 0.177431
15 28 0.176305
15 29 0.174616
15 30 0.172364
15 31 0.169547
15 32 0.166166
15 33 0.162218
15 34 0.157704
15 35 0.152622
15 36 0.146971
15 37 0.140749
15 38 0.133955
15 39 0.126587
15 40 0.118644
15 41 0.110124
15 42 0.101025
15 43 0.0913441
15 44 0.0810805
15 45 0.0702315
15 46 0.0587951
15 47 0.0467689
15 48 0.0341507
15 49 0.0209382
15 50 0.00712903

