15 1 0.00742701
15 2 0.0218309
15 3 0.0356347
15 4 0.0488383
15 5 0.0614417
15 6 0.0734449
15 7 0.084848
15 8 0.0956509
15 9 0.105854
15 10 0.115456
15 11 0.124459
15 12 0.132861
15 13 0.140663
15 14 0.147865
15 15 0.154466
15 16 0.160468
15 17 0.165869
15 18 0.170671
15 19 0.174872
15 20 0.178473
15 21 0.181474
15 22 0.183874
15 23 0.185675
15 24 0.186875
15 25 0.187475
15 26 0.187475
15 27 0.186875
15 28 0.185675
15 29 0.183874
15 30 0.181474
15 31 0.178473
15 32 0.174872
15 33 0.170671
15 34 0.165869
15 35 0.160468
15 36 0.154466
15 37 0.147865
15 38 0.140663
15 39 0.132861
15 40 0.124459
15 41 0.115456
15 42 0.105854
15 43 0.0956509
15 44 0.084848
15 45 0.0734449
15 46 0.0614417
15 47 0.0488383
15 48 0.0356347
15 49 0.0218309
15 50 0.00742701

