15 1 0.00742652
15 2 0.0218295
15 3 0.0356323
15 4 0.0488349
15 5 0.0614374
15 6 0.0734397
15 7 0.0848418
15 8 0.0956439
15 9 0.105846
15 10 0.115447
15 11 0.124449
15 12 0.132851
15 13 0.140652
15 14 0.147853
15 15 0.154454
15 16 0.160455
15 17 0.165856
15 18 0.170657
15 19 0.174858
15 20 0.178458
15 21 0.181459
15 22 0.183859
15 23 0.185659
15 24 0.18686
15 25 0.18746
15 26 0.18746
15 27 0.18686
15 28 0.185659
15 29 0.183859
15 30 0.181459
15 31 0.178458
15 32 0.174858
15 33 0.170657
15 34 0.165856
15 35 0.160455
15 36 0.154454
15 37 0.147853
15 38 0.140652
15 39 0.132851
15 40 0.124449
15 41 0.115447
15 42 0.105846
15 43 0.0956439
15 44 0.0848418
15 45 0.0734397
15 46 0.0614374
15 47 0.0488349
15 48 0.0356323
15 49 0.0218295
15 50 0.00742652

