15 1 0.00674868
15 2 0.0197986
15 3 0.0322564
15 4 0.0441274
15 5 0.0554167
15 6 0.0661297
15 7 0.0762714
15 8 0.0858467
15 9 0.0948606
15 10 0.103318
15 11 0.111222
15 12 0.118579
15 13 0.125392
15 14 0.131666
15 15 0.137403
15 16 0.142607
15 17 0.147281
15 18 0.151429
15 19 0.155052
15 20 0.158154
15 21 0.160735
15 22 0.162799
15 23 0.164345
15 24 0.165375
15 25 0.16589
15 26 0.16589
15 27 0.165375
15 28 0.164345
15 29 0.162799
15 30 0.160735
15 31 0.158154
15 32 0.155052
15 33 0.151429
15 34 0.147281
15 35 0.142607
15 36 0.137403
15 37 0.131666
15 38 0.125392
15 39 0.118579
15 40 0.111222
15 41 0.103318
15 42 0.0948606
15 43 0.0858467
15 44 0.0762714
15 45 0.0661297
15 46 0.0554167
15 47 0.0441274
15 48 0.0322564
15 49 0.0197986
15 50 0.00674868

