15 1 0.00503306
15 2 0.0146585
15 3 0.0237122
15 4 0.0322127
15 5 0.0401787
15 6 0.0476285
15 7 0.05458
15 8 0.0610509
15 9 0.0670582
15 10 0.0726184
15 11 0.0777477
15 12 0.0824611
15 13 0.0867734
15 14 0.0906982
15 15 0.0942484
15 16 0.0974362
15 17 0.100273
15 18 0.102768
15 19 0.104931
15 20 0.106769
15 21 0.108291
15 22 0.109501
15 23 0.110405
15 24 0.111005
15 25 0.111305
15 26 0.111305
15 27 0.111005
15 28 0.110405
15 29 0.109501
15 30 0.108291
15 31 0.106769
15 32 0.104931
15 33 0.102768
15 34 0.100273
15 35 0.0974362
15 36 0.0942484
15 37 0.0906982
15 38 0.0867734
15 39 0.0824611
15 40 0.0777477
15 41 0.0726184
15 42 0.0670582
15 43 0.0610509
15 44 0.05458
15 45 0.0476285
15 46 0.0401787
15 47 0.0322127
15 48 0.0237122
15 49 0.0146585
15 50 0.00503306

