15 1 0.00742204
15 2 0.0218161
15 3 0.03561
15 4 0.0488038
15 5 0.0613976
15 6 0.0733913
15 7 0.0847852
15 8 0.0955791
15 9 0.105773
15 10 0.115367
15 11 0.124362
15 12 0.132756
15 13 0.140551
15 14 0.147746
15 15 0.154341
15 16 0.160337
15 17 0.165733
15 18 0.17053
15 19 0.174727
15 20 0.178324
15 21 0.181322
15 22 0.18372
15 23 0.185518
15 24 0.186717
15 25 0.187317
15 26 0.187317
15 27 0.186717
15 28 0.185518
15 29 0.18372
15 30 0.181322
15 31 0.178324
15 32 0.174727
15 33 0.17053
15 34 0.165733
15 35 0.160337
15 36 0.154341
15 37 0.147746
15 38 0.140551
15 39 0.132756
15 40 0.124362
15 41 0.115367
15 42 0.105773
15 43 0.0955791
15 44 0.0847852
15 45 0.0733913
15 46 0.0613976
15 47 0.0488038
15 48 0.03561
15 49 0.0218161
15 50 0.00742204

