1 1 0.0101261 -9.88098e-15
2 1 0.0101261 -9.88098e-15
3 1 0.0101261 -9.88098e-15
4 1 0.0101261 -9.88098e-15
5 1 0.0101261 -9.88098e-15
6 1 0.0101261 -9.88098e-15
7 1 0.0101261 -9.88098e-15
8 1 0.0101261 -9.88098e-15
9 1 0.0101261 -9.88098e-15
10 1 0.0101261 -9.88098e-15
11 1 0.0101261 -9.88098e-15
12 1 0.0101261 -9.88098e-15
13 1 0.0101261 -9.88098e-15
14 1 0.0101261 -9.88098e-15
15 1 0.0101261 -9.88098e-15
16 1 0.0101261 -9.88098e-15
17 1 0.0101261 -9.88098e-15
18 1 0.0101261 -9.88098e-15
19 1 0.0101261 -9.88098e-15
20 1 0.0101261 -9.88098e-15

1 2 0.0299151 9.90527e-15
2 2 0.0299151 9.90527e-15
3 2 0.0299151 9.90527e-15
4 2 0.0299151 9.90527e-15
5 2 0.0299151 9.90527e-15
6 2 0.0299151 9.90527e-15
7 2 0.0299151 9.90527e-15
8 2 0.0299151 9.90527e-15
9 2 0.0299151 9.90527e-15
10 2 0.0299151 9.90527e-15
11 2 0.0299151 9.90527e-15
12 2 0.0299151 9.90527e-15
13 2 0.0299151 9.90527e-15
14 2 0.0299151 9.90527e-15
15 2 0.0299151 9.90527e-15
16 2 0.0299151 9.90527e-15
17 2 0.0299151 9.90527e-15
18 2 0.0299151 9.90527e-15
19 2 0.0299151 9.90527e-15
20 2 0.0299151 9.90527e-15

1 3 0.0488145 -9.7769e-15
2 3 0.0488145 -9.7769e-15
3 3 0.0488145 -9.7769e-15
4 3 0.0488145 -9.7769e-15
5 3 0.0488145 -9.7769e-15
6 3 0.0488145 -9.7769e-15
7 3 0.0488145 -9.7769e-15
8 3 0.0488145 -9.7769e-15
9 3 0.0488145 -9.7769e-15
10 3 0.0488145 -9.7769e-15
11 3 0.0488145 -9.7769e-15
12 3 0.0488145 -9.7769e-15
13 3 0.0488145 -9.7769e-15
14 3 0.0488145 -9.7769e-15
15 3 0.0488145 -9.7769e-15
16 3 0.0488145 -9.7769e-15
17 3 0.0488145 -9.7769e-15
18 3 0.0488145 -9.7769e-15
19 3 0.0488145 -9.7769e-15
20 3 0.0488145 -9.7769e-15

1 4 0.0668315 9.95731e-15
2 4 0.0668315 9.95731e-15
3 4 0.0668315 9.95731e-15
4 4 0.0668315 9.95731e-15
5 4 0.0668315 9.95731e-15
6 4 0.0668315 9.95731e-15
7 4 0.0668315 9.95731e-15
8 4 0.0668315 9.95731e-15
9 4 0.0668315 9.95731e-15
10 4 0.0668315 9.95731e-15
11 4 0.0668315 9.95731e-15
12 4 0.0668315 9.95731e-15
13 4 0.0668315 9.95731e-15
14 4 0.0668315 9.95731e-15
15 4 0.0668315 9.95731e-15
16 4 0.0668315 9.95731e-15
17 4 0.0668315 9.95731e-15
18 4 0.0668315 9.95731e-15
19 4 0.0668315 9.95731e-15
20 4 0.0668315 9.95731e-15

1 5 0.0839731 -9.97813e-15
2 5 0.0839731 -9.97813e-15
3 5 0.0839731 -9.97813e-15
4 5 0.0839731 -9.97813e-15
5 5 0.0839731 -9.97813e-15
6 5 0.0839731 -9.97813e-15
7 5 0.0839731 -9.97813e-15
8 5 0.0839731 -9.97813e-15
9 5 0.0839731 -9.97813e-15
10 5 0.0839731 -9.97813e-15
11 5 0.0839731 -9.97813e-15
12 5 0.0839731 -9.97813e-15
13 5 0.0839731 -9.97813e-15
14 5 0.0839731 -9.97813e-15
15 5 0.0839731 -9.97813e-15
16 5 0.0839731 -9.97813e-15
17 5 0.0839731 -9.97813e-15
18 5 0.0839731 -9.97813e-15
19 5 0.0839731 -9.97813e-15
20 5 0.0839731 -9.97813e-15

1 6 0.100246 9.38138e-15
2 6 0.100246 9.38138e-15
3 6 0.100246 9.38138e-15
4 6 0.100246 9.38138e-15
5 6 0.100246 9.38138e-15
6 6 0.100246 9.38138e-15
7 6 0.100246 9.38138e-15
8 6 0.100246 9.38138e-15
9 6 0.100246 9.38138e-15
10 6 0.100246 9.38138e-15
11 6 0.100246 9.38138e-15
12 6 0.100246 9.38138e-15
13 6 0.100246 9.38138e-15
14 6 0.100246 9.38138e-15
15 6 0.100246 9.38138e-15
16 6 0.100246 9.38138e-15
17 6 0.100246 9.38138e-15
18 6 0.100246 9.38138e-15
19 6 0.100246 9.38138e-15
20 6 0.100246 9.38138e-15

1 7 0.115658 -1.03112e-14
2 7 0.115658 -1.03112e-14
3 7 0.115658 -1.03112e-14
4 7 0.115658 -1.03112e-14
5 7 0.115658 -1.03112e-14
6 7 0.115658 -1.03112e-14
7 7 0.115658 -1.03112e-14
8 7 0.115658 -1.03112e-14
9 7 0.115658 -1.03112e-14
10 7 0.115658 -1.03112e-14
11 7 0.115658 -1.03112e-14
12 7 0.115658 -1.03112e-14
13 7 0.115658 -1.03112e-14
14 7 0.115658 -1.03112e-14
15 7 0.115658 -1.03112e-14
16 7 0.115658 -1.03112e-14
17 7 0.115658 -1.03112e-14
18 7 0.115658 -1.03112e-14
19 7 0.115658 -1.03112e-14
20 7 0.115658 -1.03112e-14

1 8 0.130215 9.44383e-15
2 8 0.130215 9.44383e-15
3 8 0.130215 9.44383e-15
4 8 0.130215 9.44383e-15
5 8 0.130215 9.44383e-15
6 8 0.130215 9.44383e-15
7 8 0.130215 9.44383e-15
8 8 0.130215 9.44383e-15
9 8 0.130215 9.44383e-15
10 8 0.130215 9.44383e-15
11 8 0.130215 9.44383e-15
12 8 0.130215 9.44383e-15
13 8 0.130215 9.44383e-15
14 8 0.130215 9.44383e-15
15 8 0.130215 9.44383e-15
16 8 0.130215 9.44383e-15
17 8 0.130215 9.44383e-15
18 8 0.130215 9.44383e-15
19 8 0.130215 9.44383e-15
20 8 0.130215 9.44383e-15

1 9 0.143923 -1.01585e-14
2 9 0.143923 -1.01585e-14
3 9 0.143923 -1.01585e-14
4 9 0.143923 -1.01585e-14
5 9 0.143923 -1.01585e-14
6 9 0.143923 -1.01585e-14
7 9 0.143923 -1.01585e-14
8 9 0.143923 -1.01585e-14
9 9 0.143923 -1.01585e-14
10 9 0.143923 -1.01585e-14
11 9 0.143923 -1.01585e-14
12 9 0.143923 -1.01585e-14
13 9 0.143923 -1.01585e-14
14 9 0.143923 -1.01585e-14
15 9 0.143923 -1.01585e-14
16 9 0.143923 -1.01585e-14
17 9 0.143923 -1.01585e-14
18 9 0.143923 -1.01585e-14
19 9 0.143923 -1.01585e-14
20 9 0.143923 -1.01585e-14

1 10 0.156789 9.30506e-15
2 10 0.156789 9.30506e-15
3 10 0.156789 9.30506e-15
4 10 0.156789 9.30506e-15
5 10 0.156789 9.30506e-15
6 10 0.156789 9.30506e-15
7 10 0.156789 9.30506e-15
8 10 0.156789 9.30506e-15
9 10 0.156789 9.30506e-15
10 10 0.156789 9.30506e-15
11 10 0.156789 9.30506e-15
12 10 0.156789 9.30506e-15
13 10 0.156789 9.30506e-15
14 10 0.156789 9.30506e-15
15 10 0.156789 9.30506e-15
16 10 0.156789 9.30506e-15
17 10 0.156789 9.30506e-15
18 10 0.156789 9.30506e-15
19 10 0.156789 9.30506e-15
20 10 0.156789 9.30506e-15

1 11 0.16882 -1.06859e-14
2 11 0.16882 -1.06859e-14
3 11 0.16882 -1.06859e-14
4 11 0.16882 -1.06859e-14
5 11 0.16882 -1.06859e-14
6 11 0.16882 -1.06859e-14
7 11 0.16882 -1.06859e-14
8 11 0.16882 -1.06859e-14
9 11 0.16882 -1.06859e-14
10 11 0.16882 -1.06859e-14
11 11 0.16882 -1.06859e-14
12 11 0.16882 -1.06859e-14
13 11 0.16882 -1.06859e-14
14 11 0.16882 -1.06859e-14
15 11 0.16882 -1.06859e-14
16 11 0.16882 -1.06859e-14
17 11 0.16882 -1.06859e-14
18 11 0.16882 -1.06859e-14
19 11 0.16882 -1.06859e-14
20 11 0.16882 -1.06859e-14

1 12 0.18002 9.21485e-15
2 12 0.18002 9.21485e-15
3 12 0.18002 9.21485e-15
4 12 0.18002 9.21485e-15
5 12 0.18002 9.21485e-15
6 12 0.18002 9.21485e-15
7 12 0.18002 9.21485e-15
8 12 0.18002 9.21485e-15
9 12 0.18002 9.21485e-15
10 12 0.18002 9.21485e-15
11 12 0.18002 9.21485e-15
12 12 0.18002 9.21485e-15
13 12 0.18002 9.21485e-15
14 12 0.18002 9.21485e-15
15 12 0.18002 9.21485e-15
16 12 0.18002 9.21485e-15
17 12 0.18002 9.21485e-15
18 12 0.18002 9.21485e-15
19 12 0.18002 9.21485e-15
20 12 0.18002 9.21485e-15

1 13 0.190396 -1.06026e-14
2 13 0.190396 -1.06026e-14
3 13 0.190396 -1.06026e-14
4 13 0.190396 -1.06026e-14
5 13 0.190396 -1.06026e-14
6 13 0.190396 -1.06026e-14
7 13 0.190396 -1.06026e-14
8 13 0.190396 -1.06026e-14
9 13 0.190396 -1.06026e-14
10 13 0.190396 -1.06026e-14
11 13 0.190396 -1.06026e-14
12 13 0.190396 -1.06026e-14
13 13 0.190396 -1.06026e-14
14 13 0.190396 -1.06026e-14
15 13 0.190396 -1.06026e-14
16 13 0.190396 -1.06026e-14
17 13 0.190396 -1.06026e-14
18 13 0.190396 -1.06026e-14
19 13 0.190396 -1.06026e-14
20 13 0.190396 -1.06026e-14

1 14 0.199952 9.34669e-15
2 14 0.199952 9.34669e-15
3 14 0.199952 9.34669e-15
4 14 0.199952 9.34669e-15
5 14 0.199952 9.34669e-15
6 14 0.199952 9.34669e-15
7 14 0.199952 9.34669e-15
8 14 0.199952 9.34669e-15
9 14 0.199952 9.34669e-15
10 14 0.199952 9.34669e-15
11 14 0.199952 9.34669e-15
12 14 0.199952 9.34669e-15
13 14 0.199952 9.34669e-15
14 14 0.199952 9.34669e-15
15 14 0.199952 9.34669e-15
16 14 0.199952 9.34669e-15
17 14 0.199952 9.34669e-15
18 14 0.199952 9.34669e-15
19 14 0.199952 9.34669e-15
20 14 0.199952 9.34669e-15

1 15 0.208694 -1.08524e-14
2 15 0.208694 -1.08524e-14
3 15 0.208694 -1.08524e-14
4 15 0.208694 -1.08524e-14
5 15 0.208694 -1.08524e-14
6 15 0.208694 -1.08524e-14
7 15 0.208694 -1.08524e-14
8 15 0.208694 -1.08524e-14
9 15 0.208694 -1.08524e-14
10 15 0.208694 -1.08524e-14
11 15 0.208694 -1.08524e-14
12 15 0.208694 -1.08524e-14
13 15 0.208694 -1.08524e-14
14 15 0.208694 -1.08524e-14
15 15 0.208694 -1.08524e-14
16 15 0.208694 -1.08524e-14
17 15 0.208694 -1.08524e-14
18 15 0.208694 -1.08524e-14
19 15 0.208694 -1.08524e-14
20 15 0.208694 -1.08524e-14

1 16 0.216626 8.98587e-15
2 16 0.216626 8.98587e-15
3 16 0.216626 8.98587e-15
4 16 0.216626 8.98587e-15
5 16 0.216626 8.98587e-15
6 16 0.216626 8.98587e-15
7 16 0.216626 8.98587e-15
8 16 0.216626 8.98587e-15
9 16 0.216626 8.98587e-15
10 16 0.216626 8.98587e-15
11 16 0.216626 8.98587e-15
12 16 0.216626 8.98587e-15
13 16 0.216626 8.98587e-15
14 16 0.216626 8.98587e-15
15 16 0.216626 8.98587e-15
16 16 0.216626 8.98587e-15
17 16 0.216626 8.98587e-15
18 16 0.216626 8.98587e-15
19 16 0.216626 8.98587e-15
20 16 0.216626 8.98587e-15

1 17 0.223752 -1.08802e-14
2 17 0.223752 -1.08802e-14
3 17 0.223752 -1.08802e-14
4 17 0.223752 -1.08802e-14
5 17 0.223752 -1.08802e-14
6 17 0.223752 -1.08802e-14
7 17 0.223752 -1.08802e-14
8 17 0.223752 -1.08802e-14
9 17 0.223752 -1.08802e-14
10 17 0.223752 -1.08802e-14
11 17 0.223752 -1.08802e-14
12 17 0.223752 -1.08802e-14
13 17 0.223752 -1.08802e-14
14 17 0.223752 -1.08802e-14
15 17 0.223752 -1.08802e-14
16 17 0.223752 -1.08802e-14
17 17 0.223752 -1.08802e-14
18 17 0.223752 -1.08802e-14
19 17 0.223752 -1.08802e-14
20 17 0.223752 -1.08802e-14

1 18 0.230076 9.26342e-15
2 18 0.230076 9.26342e-15
3 18 0.230076 9.26342e-15
4 18 0.230076 9.26342e-15
5 18 0.230076 9.26342e-15
6 18 0.230076 9.26342e-15
7 18 0.230076 9.26342e-15
8 18 0.230076 9.26342e-15
9 18 0.230076 9.26342e-15
10 18 0.230076 9.26342e-15
11 18 0.230076 9.26342e-15
12 18 0.230076 9.26342e-15
13 18 0.230076 9.26342e-15
14 18 0.230076 9.26342e-15
15 18 0.230076 9.26342e-15
16 18 0.230076 9.26342e-15
17 18 0.230076 9.26342e-15
18 18 0.230076 9.26342e-15
19 18 0.230076 9.26342e-15
20 18 0.230076 9.26342e-15

1 19 0.235603 -1.07483e-14
2 19 0.235603 -1.07483e-14
3 19 0.235603 -1.07483e-14
4 19 0.235603 -1.07483e-14
5 19 0.235603 -1.07483e-14
6 19 0.235603 -1.07483e-14
7 19 0.235603 -1.07483e-14
8 19 0.235603 -1.07483e-14
9 19 0.235603 -1.07483e-14
10 19 0.235603 -1.07483e-14
11 19 0.235603 -1.07483e-14
12 19 0.235603 -1.07483e-14
13 19 0.235603 -1.07483e-14
14 19 0.235603 -1.07483e-14
15 19 0.235603 -1.07483e-14
16 19 0.235603 -1.07483e-14
17 19 0.235603 -1.07483e-14
18 19 0.235603 -1.07483e-14
19 19 0.235603 -1.07483e-14
20 19 0.235603 -1.07483e-14

1 20 0.240334 9.4022e-15
2 20 0.240334 9.4022e-15
3 20 0.240334 9.4022e-15
4 20 0.240334 9.4022e-15
5 20 0.240334 9.4022e-15
6 20 0.240334 9.4022e-15
7 20 0.240334 9.4022e-15
8 20 0.240334 9.4022e-15
9 20 0.240334 9.4022e-15
10 20 0.240334 9.4022e-15
11 20 0.240334 9.4022e-15
12 20 0.240334 9.4022e-15
13 20 0.240334 9.4022e-15
14 20 0.240334 9.4022e-15
15 20 0.240334 9.4022e-15
16 20 0.240334 9.4022e-15
17 20 0.240334 9.4022e-15
18 20 0.240334 9.4022e-15
19 20 0.240334 9.4022e-15
20 20 0.240334 9.4022e-15

1 21 0.244272 -1.04153e-14
2 21 0.244272 -1.04153e-14
3 21 0.244272 -1.04153e-14
4 21 0.244272 -1.04153e-14
5 21 0.244272 -1.04153e-14
6 21 0.244272 -1.04153e-14
7 21 0.244272 -1.04153e-14
8 21 0.244272 -1.04153e-14
9 21 0.244272 -1.04153e-14
10 21 0.244272 -1.04153e-14
11 21 0.244272 -1.04153e-14
12 21 0.244272 -1.04153e-14
13 21 0.244272 -1.04153e-14
14 21 0.244272 -1.04153e-14
15 21 0.244272 -1.04153e-14
16 21 0.244272 -1.04153e-14
17 21 0.244272 -1.04153e-14
18 21 0.244272 -1.04153e-14
19 21 0.244272 -1.04153e-14
20 21 0.244272 -1.04153e-14

1 22 0.24742 9.62425e-15
2 22 0.24742 9.62425e-15
3 22 0.24742 9.62425e-15
4 22 0.24742 9.62425e-15
5 22 0.24742 9.62425e-15
6 22 0.24742 9.62425e-15
7 22 0.24742 9.62425e-15
8 22 0.24742 9.62425e-15
9 22 0.24742 9.62425e-15
10 22 0.24742 9.62425e-15
11 22 0.24742 9.62425e-15
12 22 0.24742 9.62425e-15
13 22 0.24742 9.62425e-15
14 22 0.24742 9.62425e-15
15 22 0.24742 9.62425e-15
16 22 0.24742 9.62425e-15
17 22 0.24742 9.62425e-15
18 22 0.24742 9.62425e-15
19 22 0.24742 9.62425e-15
20 22 0.24742 9.62425e-15

1 23 0.249779 -1.05471e-14
2 23 0.249779 -1.05471e-14
3 23 0.249779 -1.05471e-14
4 23 0.249779 -1.05471e-14
5 23 0.249779 -1.05471e-14
6 23 0.249779 -1.05471e-14
7 23 0.249779 -1.05471e-14
8 23 0.249779 -1.05471e-14
9 23 0.249779 -1.05471e-14
10 23 0.249779 -1.05471e-14
11 23 0.249779 -1.05471e-14
12 23 0.249779 -1.05471e-14
13 23 0.249779 -1.05471e-14
14 23 0.249779 -1.05471e-14
15 23 0.249779 -1.05471e-14
16 23 0.249779 -1.05471e-14
17 23 0.249779 -1.05471e-14
18 23 0.249779 -1.05471e-14
19 23 0.249779 -1.05471e-14
20 23 0.249779 -1.05471e-14

1 24 0.251352 9.45077e-15
2 24 0.251352 9.45077e-15
3 24 0.251352 9.45077e-15
4 24 0.251352 9.45077e-15
5 24 0.251352 9.45077e-15
6 24 0.251352 9.45077e-15
7 24 0.251352 9.45077e-15
8 24 0.251352 9.45077e-15
9 24 0.251352 9.45077e-15
10 24 0.251352 9.45077e-15
11 24 0.251352 9.45077e-15
12 24 0.251352 9.45077e-15
13 24 0.251352 9.45077e-15
14 24 0.251352 9.45077e-15
15 24 0.251352 9.45077e-15
16 24 0.251352 9.45077e-15
17 24 0.251352 9.45077e-15
18 24 0.251352 9.45077e-15
19 24 0.251352 9.45077e-15
20 24 0.251352 9.45077e-15

1 25 0.252138 -1.03181e-14
2 25 0.252138 -1.03181e-14
3 25 0.252138 -1.03181e-14
4 25 0.252138 -1.03181e-14
5 25 0.252138 -1.03181e-14
6 25 0.252138 -1.03181e-14
7 25 0.252138 -1.03181e-14
8 25 0.252138 -1.03181e-14
9 25 0.252138 -1.03181e-14
10 25 0.252138 -1.03181e-14
11 25 0.252138 -1.03181e-14
12 25 0.252138 -1.03181e-14
13 25 0.252138 -1.03181e-14
14 25 0.252138 -1.03181e-14
15 25 0.252138 -1.03181e-14
16 25 0.252138 -1.03181e-14
17 25 0.252138 -1.03181e-14
18 25 0.252138 -1.03181e-14
19 25 0.252138 -1.03181e-14
20 25 0.252138 -1.03181e-14

1 26 0.252138 9.52016e-15
2 26 0.252138 9.52016e-15
3 26 0.252138 9.52016e-15
4 26 0.252138 9.52016e-15
5 26 0.252138 9.52016e-15
6 26 0.252138 9.52016e-15
7 26 0.252138 9.52016e-15
8 26 0.252138 9.52016e-15
9 26 0.252138 9.52016e-15
10 26 0.252138 9.52016e-15
11 26 0.252138 9.52016e-15
12 26 0.252138 9.52016e-15
13 26 0.252138 9.52016e-15
14 26 0.252138 9.52016e-15
15 26 0.252138 9.52016e-15
16 26 0.252138 9.52016e-15
17 26 0.252138 9.52016e-15
18 26 0.252138 9.52016e-15
19 26 0.252138 9.52016e-15
20 26 0.252138 9.52016e-15

1 27 0.251352 -1.05541e-14
2 27 0.251352 -1.05541e-14
3 27 0.251352 -1.05541e-14
4 27 0.251352 -1.05541e-14
5 27 0.251352 -1.05541e-14
6 27 0.251352 -1.05541e-14
7 27 0.251352 -1.05541e-14
8 27 0.251352 -1.05541e-14
9 27 0.251352 -1.05541e-14
10 27 0.251352 -1.05541e-14
11 27 0.251352 -1.05541e-14
12 27 0.251352 -1.05541e-14
13 27 0.251352 -1.05541e-14
14 27 0.251352 -1.05541e-14
15 27 0.251352 -1.05541e-14
16 27 0.251352 -1.05541e-14
17 27 0.251352 -1.05541e-14
18 27 0.251352 -1.05541e-14
19 27 0.251352 -1.05541e-14
20 27 0.251352 -1.05541e-14

1 28 0.249779 9.20097e-15
2 28 0.249779 9.20097e-15
3 28 0.249779 9.20097e-15
4 28 0.249779 9.20097e-15
5 28 0.249779 9.20097e-15
6 28 0.249779 9.20097e-15
7 28 0.249779 9.20097e-15
8 28 0.249779 9.20097e-15
9 28 0.249779 9.20097e-15
10 28 0.249779 9.20097e-15
11 28 0.249779 9.20097e-15
12 28 0.249779 9.20097e-15
13 28 0.249779 9.20097e-15
14 28 0.249779 9.20097e-15
15 28 0.249779 9.20097e-15
16 28 0.249779 9.20097e-15
17 28 0.249779 9.20097e-15
18 28 0.249779 9.20097e-15
19 28 0.249779 9.20097e-15
20 28 0.249779 9.20097e-15

1 29 0.24742 -1.07275e-14
2 29 0.24742 -1.07275e-14
3 29 0.24742 -1.07275e-14
4 29 0.24742 -1.07275e-14
5 29 0.24742 -1.07275e-14
6 29 0.24742 -1.07275e-14
7 29 0.24742 -1.07275e-14
8 29 0.24742 -1.07275e-14
9 29 0.24742 -1.07275e-14
10 29 0.24742 -1.07275e-14
11 29 0.24742 -1.07275e-14
12 29 0.24742 -1.07275e-14
13 29 0.24742 -1.07275e-14
14 29 0.24742 -1.07275e-14
15 29 0.24742 -1.07275e-14
16 29 0.24742 -1.07275e-14
17 29 0.24742 -1.07275e-14
18 29 0.24742 -1.07275e-14
19 29 0.24742 -1.07275e-14
20 29 0.24742 -1.07275e-14

1 30 0.244272 9.53404e-15
2 30 0.244272 9.53404e-15
3 30 0.244272 9.53404e-15
4 30 0.244272 9.53404e-15
5 30 0.244272 9.53404e-15
6 30 0.244272 9.53404e-15
7 30 0.244272 9.53404e-15
8 30 0.244272 9.53404e-15
9 30 0.244272 9.53404e-15
10 30 0.244272 9.53404e-15
11 30 0.244272 9.53404e-15
12 30 0.244272 9.53404e-15
13 30 0.244272 9.53404e-15
14 30 0.244272 9.53404e-15
15 30 0.244272 9.53404e-15
16 30 0.244272 9.53404e-15
17 30 0.244272 9.53404e-15
18 30 0.244272 9.53404e-15
19 30 0.244272 9.53404e-15
20 30 0.244272 9.53404e-15

1 31 0.240334 -1.0339e-14
2 31 0.240334 -1.0339e-14
3 31 0.240334 -1.0339e-14
4 31 0.240334 -1.0339e-14
5 31 0.240334 -1.0339e-14
6 31 0.240334 -1.0339e-14
7 31 0.240334 -1.0339e-14
8 31 0.240334 -1.0339e-14
9 31 0.240334 -1.0339e-14
10 31 0.240334 -1.0339e-14
11 31 0.240334 -1.0339e-14
12 31 0.240334 -1.0339e-14
13 31 0.240334 -1.0339e-14
14 31 0.240334 -1.0339e-14
15 31 0.240334 -1.0339e-14
16 31 0.240334 -1.0339e-14
17 31 0.240334 -1.0339e-14
18 31 0.240334 -1.0339e-14
19 31 0.240334 -1.0339e-14
20 31 0.240334 -1.0339e-14

1 32 0.235603 9.71445e-15
2 32 0.235603 9.71445e-15
3 32 0.235603 9.71445e-15
4 32 0.235603 9.71445e-15
5 32 0.235603 9.71445e-15
6 32 0.235603 9.71445e-15
7 32 0.235603 9.71445e-15
8 32 0.235603 9.71445e-15
9 32 0.235603 9.71445e-15
10 32 0.235603 9.71445e-15
11 32 0.235603 9.71445e-15
12 32 0.235603 9.71445e-15
13 32 0.235603 9.71445e-15
14 32 0.235603 9.71445e-15
15 32 0.235603 9.71445e-15
16 32 0.235603 9.71445e-15
17 32 0.235603 9.71445e-15
18 32 0.235603 9.71445e-15
19 32 0.235603 9.71445e-15
20 32 0.235603 9.71445e-15

1 33 0.230076 -1.05124e-14
2 33 0.230076 -1.05124e-14
3 33 0.230076 -1.05124e-14
4 33 0.230076 -1.05124e-14
5 33 0.230076 -1.05124e-14
6 33 0.230076 -1.05124e-14
7 33 0.230076 -1.05124e-14
8 33 0.230076 -1.05124e-14
9 33 0.230076 -1.05124e-14
10 33 0.230076 -1.05124e-14
11 33 0.230076 -1.05124e-14
12 33 0.230076 -1.05124e-14
13 33 0.230076 -1.05124e-14
14 33 0.230076 -1.05124e-14
15 33 0.230076 -1.05124e-14
16 33 0.230076 -1.05124e-14
17 33 0.230076 -1.05124e-14
18 33 0.230076 -1.05124e-14
19 33 0.230076 -1.05124e-14
20 33 0.230076 -1.05124e-14

1 34 0.223752 9.86017e-15
2 34 0.223752 9.86017e-15
3 34 0.223752 9.86017e-15
4 34 0.223752 9.86017e-15
5 34 0.223752 9.86017e-15
6 34 0.223752 9.86017e-15
7 34 0.223752 9.86017e-15
8 34 0.223752 9.86017e-15
9 34 0.223752 9.86017e-15
10 34 0.223752 9.86017e-15
11 34 0.223752 9.86017e-15
12 34 0.223752 9.86017e-15
13 34 0.223752 9.86017e-15
14 34 0.223752 9.86017e-15
15 34 0.223752 9.86017e-15
16 34 0.223752 9.86017e-15
17 34 0.223752 9.86017e-15
18 34 0.223752 9.86017e-15
19 34 0.223752 9.86017e-15
20 34 0.223752 9.86017e-15

1 35 0.216626 -1.01585e-14
2 35 0.216626 -1.01585e-14
3 35 0.216626 -1.01585e-14
4 35 0.216626 -1.01585e-14
5 35 0.216626 -1.01585e-14
6 35 0.216626 -1.01585e-14
7 35 0.216626 -1.01585e-14
8 35 0.216626 -1.01585e-14
9 35 0.216626 -1.01585e-14
10 35 0.216626 -1.01585e-14
11 35 0.216626 -1.01585e-14
12 35 0.216626 -1.01585e-14
13 35 0.216626 -1.01585e-14
14 35 0.216626 -1.01585e-14
15 35 0.216626 -1.01585e-14
16 35 0.216626 -1.01585e-14
17 35 0.216626 -1.01585e-14
18 35 0.216626 -1.01585e-14
19 35 0.216626 -1.01585e-14
20 35 0.216626 -1.01585e-14

1 36 0.208694 1.01794e-14
2 36 0.208694 1.01794e-14
3 36 0.208694 1.01794e-14
4 36 0.208694 1.01794e-14
5 36 0.208694 1.01794e-14
6 36 0.208694 1.01794e-14
7 36 0.208694 1.01794e-14
8 36 0.208694 1.01794e-14
9 36 0.208694 1.01794e-14
10 36 0.208694 1.01794e-14
11 36 0.208694 1.01794e-14
12 36 0.208694 1.01794e-14
13 36 0.208694 1.01794e-14
14 36 0.208694 1.01794e-14
15 36 0.208694 1.01794e-14
16 36 0.208694 1.01794e-14
17 36 0.208694 1.01794e-14
18 36 0.208694 1.01794e-14
19 36 0.208694 1.01794e-14
20 36 0.208694 1.01794e-14

1 37 0.199952 -9.97119e-15
2 37 0.199952 -9.97119e-15
3 37 0.199952 -9.97119e-15
4 37 0.199952 -9.97119e-15
5 37 0.199952 -9.97119e-15
6 37 0.199952 -9.97119e-15
7 37 0.199952 -9.97119e-15
8 37 0.199952 -9.97119e-15
9 37 0.199952 -9.97119e-15
10 37 0.199952 -9.97119e-15
11 37 0.199952 -9.97119e-15
12 37 0.199952 -9.97119e-15
13 37 0.199952 -9.97119e-15
14 37 0.199952 -9.97119e-15
15 37 0.199952 -9.97119e-15
16 37 0.199952 -9.97119e-15
17 37 0.199952 -9.97119e-15
18 37 0.199952 -9.97119e-15
19 37 0.199952 -9.97119e-15
20 37 0.199952 -9.97119e-15

1 38 0.190396 1.04708e-14
2 38 0.190396 1.04708e-14
3 38 0.190396 1.04708e-14
4 38 0.190396 1.04708e-14
5 38 0.190396 1.04708e-14
6 38 0.190396 1.04708e-14
7 38 0.190396 1.04708e-14
8 38 0.190396 1.04708e-14
9 38 0.190396 1.04708e-14
10 38 0.190396 1.04708e-14
11 38 0.190396 1.04708e-14
12 38 0.190396 1.04708e-14
13 38 0.190396 1.04708e-14
14 38 0.190396 1.04708e-14
15 38 0.190396 1.04708e-14
16 38 0.190396 1.04708e-14
17 38 0.190396 1.04708e-14
18 38 0.190396 1.04708e-14
19 38 0.190396 1.04708e-14
20 38 0.190396 1.04708e-14

1 39 0.18002 -9.67976e-15
2 39 0.18002 -9.67976e-15
3 39 0.18002 -9.67976e-15
4 39 0.18002 -9.67976e-15
5 39 0.18002 -9.67976e-15
6 39 0.18002 -9.67976e-15
7 39 0.18002 -9.67976e-15
8 39 0.18002 -9.67976e-15
9 39 0.18002 -9.67976e-15
10 39 0.18002 -9.67976e-15
11 39 0.18002 -9.67976e-15
12 39 0.18002 -9.67976e-15
13 39 0.18002 -9.67976e-15
14 39 0.18002 -9.67976e-15
15 39 0.18002 -9.67976e-15
16 39 0.18002 -9.67976e-15
17 39 0.18002 -9.67976e-15
18 39 0.18002 -9.67976e-15
19 39 0.18002 -9.67976e-15
20 39 0.18002 -9.67976e-15

1 40 0.16882 1.04361e-14
2 40 0.16882 1.04361e-14
3 40 0.16882 1.04361e-14
4 40 0.16882 1.04361e-14
5 40 0.16882 1.04361e-14
6 40 0.16882 1.04361e-14
7 40 0.16882 1.04361e-14
8 40 0.16882 1.04361e-14
9 40 0.16882 1.04361e-14
10 40 0.16882 1.04361e-14
11 40 0.16882 1.04361e-14
12 40 0.16882 1.04361e-14
13 40 0.16882 1.04361e-14
14 40 0.16882 1.04361e-14
15 40 0.16882 1.04361e-14
16 40 0.16882 1.04361e-14
17 40 0.16882 1.04361e-14
18 40 0.16882 1.04361e-14
19 40 0.16882 1.04361e-14
20 40 0.16882 1.04361e-14

1 41 0.156789 -9.85323e-15
2 41 0.156789 -9.85323e-15
3 41 0.156789 -9.85323e-15
4 41 0.156789 -9.85323e-15
5 41 0.156789 -9.85323e-15
6 41 0.156789 -9.85323e-15
7 41 0.156789 -9.85323e-15
8 41 0.156789 -9.85323e-15
9 41 0.156789 -9.85323e-15
10 41 0.156789 -9.85323e-15
11 41 0.156789 -9.85323e-15
12 41 0.156789 -9.85323e-15
13 41 0.156789 -9.85323e-15
14 41 0.156789 -9.85323e-15
15 41 0.156789 -9.85323e-15
16 41 0.156789 -9.85323e-15
17 41 0.156789 -9.85323e-15
18 41 0.156789 -9.85323e-15
19 41 0.156789 -9.85323e-15
20 41 0.156789 -9.85323e-15

1 42 0.143923 1.01863e-14
2 42 0.143923 1.01863e-14
3 42 0.143923 1.01863e-14
4 42 0.143923 1.01863e-14
5 42 0.143923 1.01863e-14
6 42 0.143923 1.01863e-14
7 42 0.143923 1.01863e-14
8 42 0.143923 1.01863e-14
9 42 0.143923 1.01863e-14
10 42 0.143923 1.01863e-14
11 42 0.143923 1.01863e-14
12 42 0.143923 1.01863e-14
13 42 0.143923 1.01863e-14
14 42 0.143923 1.01863e-14
15 42 0.143923 1.01863e-14
16 42 0.143923 1.01863e-14
17 42 0.143923 1.01863e-14
18 42 0.143923 1.01863e-14
19 42 0.143923 1.01863e-14
20 42 0.143923 1.01863e-14

1 43 0.130215 -9.8116e-15
2 43 0.130215 -9.8116e-15
3 43 0.130215 -9.8116e-15
4 43 0.130215 -9.8116e-15
5 43 0.130215 -9.8116e-15
6 43 0.130215 -9.8116e-15
7 43 0.130215 -9.8116e-15
8 43 0.130215 -9.8116e-15
9 43 0.130215 -9.8116e-15
10 43 0.130215 -9.8116e-15
11 43 0.130215 -9.8116e-15
12 43 0.130215 -9.8116e-15
13 43 0.130215 -9.8116e-15
14 43 0.130215 -9.8116e-15
15 43 0.130215 -9.8116e-15
16 43 0.130215 -9.8116e-15
17 43 0.130215 -9.8116e-15
18 43 0.130215 -9.8116e-15
19 43 0.130215 -9.8116e-15
20 43 0.130215 -9.8116e-15

1 44 0.115658 1.03736e-14
2 44 0.115658 1.03736e-14
3 44 0.115658 1.03736e-14
4 44 0.115658 1.03736e-14
5 44 0.115658 1.03736e-14
6 44 0.115658 1.03736e-14
7 44 0.115658 1.03736e-14
8 44 0.115658 1.03736e-14
9 44 0.115658 1.03736e-14
10 44 0.115658 1.03736e-14
11 44 0.115658 1.03736e-14
12 44 0.115658 1.03736e-14
13 44 0.115658 1.03736e-14
14 44 0.115658 1.03736e-14
15 44 0.115658 1.03736e-14
16 44 0.115658 1.03736e-14
17 44 0.115658 1.03736e-14
18 44 0.115658 1.03736e-14
19 44 0.115658 1.03736e-14
20 44 0.115658 1.03736e-14

1 45 0.100246 -9.62425e-15
2 45 0.100246 -9.62425e-15
3 45 0.100246 -9.62425e-15
4 45 0.100246 -9.62425e-15
5 45 0.100246 -9.62425e-15
6 45 0.100246 -9.62425e-15
7 45 0.100246 -9.62425e-15
8 45 0.100246 -9.62425e-15
9 45 0.100246 -9.62425e-15
10 45 0.100246 -9.62425e-15
11 45 0.100246 -9.62425e-15
12 45 0.100246 -9.62425e-15
13 45 0.100246 -9.62425e-15
14 45 0.100246 -9.62425e-15
15 45 0.100246 -9.62425e-15
16 45 0.100246 -9.62425e-15
17 45 0.100246 -9.62425e-15
18 45 0.100246 -9.62425e-15
19 45 0.100246 -9.62425e-15
20 45 0.100246 -9.62425e-15

1 46 0.0839731 1.0679e-14
2 46 0.0839731 1.0679e-14
3 46 0.0839731 1.0679e-14
4 46 0.0839731 1.0679e-14
5 46 0.0839731 1.0679e-14
6 46 0.0839731 1.0679e-14
7 46 0.0839731 1.0679e-14
8 46 0.0839731 1.0679e-14
9 46 0.0839731 1.0679e-14
10 46 0.0839731 1.0679e-14
11 46 0.0839731 1.0679e-14
12 46 0.0839731 1.0679e-14
13 46 0.0839731 1.0679e-14
14 46 0.0839731 1.0679e-14
15 46 0.0839731 1.0679e-14
16 46 0.0839731 1.0679e-14
17 46 0.0839731 1.0679e-14
18 46 0.0839731 1.0679e-14
19 46 0.0839731 1.0679e-14
20 46 0.0839731 1.0679e-14

1 47 0.0668315 -9.24955e-15
2 47 0.0668315 -9.24955e-15
3 47 0.0668315 -9.24955e-15
4 47 0.0668315 -9.24955e-15
5 47 0.0668315 -9.24955e-15
6 47 0.0668315 -9.24955e-15
7 47 0.0668315 -9.24955e-15
8 47 0.0668315 -9.24955e-15
9 47 0.0668315 -9.24955e-15
10 47 0.0668315 -9.24955e-15
11 47 0.0668315 -9.24955e-15
12 47 0.0668315 -9.24955e-15
13 47 0.0668315 -9.24955e-15
14 47 0.0668315 -9.24955e-15
15 47 0.0668315 -9.24955e-15
16 47 0.0668315 -9.24955e-15
17 47 0.0668315 -9.24955e-15
18 47 0.0668315 -9.24955e-15
19 47 0.0668315 -9.24955e-15
20 47 0.0668315 -9.24955e-15

1 48 0.0488145 1.06443e-14
2 48 0.0488145 1.06443e-14
3 48 0.0488145 1.06443e-14
4 48 0.0488145 1.06443e-14
5 48 0.0488145 1.06443e-14
6 48 0.0488145 1.06443e-14
7 48 0.0488145 1.06443e-14
8 48 0.0488145 1.06443e-14
9 48 0.0488145 1.06443e-14
10 48 0.0488145 1.06443e-14
11 48 0.0488145 1.06443e-14
12 48 0.0488145 1.06443e-14
13 48 0.0488145 1.06443e-14
14 48 0.0488145 1.06443e-14
15 48 0.0488145 1.06443e-14
16 48 0.0488145 1.06443e-14
17 48 0.0488145 1.06443e-14
18 48 0.0488145 1.06443e-14
19 48 0.0488145 1.06443e-14
20 48 0.0488145 1.06443e-14

1 49 0.0299151 -9.76649e-15
2 49 0.0299151 -9.76649e-15
3 49 0.0299151 -9.76649e-15
4 49 0.0299151 -9.76649e-15
5 49 0.0299151 -9.76649e-15
6 49 0.0299151 -9.76649e-15
7 49 0.0299151 -9.76649e-15
8 49 0.0299151 -9.76649e-15
9 49 0.0299151 -9.76649e-15
10 49 0.0299151 -9.76649e-15
11 49 0.0299151 -9.76649e-15
12 49 0.0299151 -9.76649e-15
13 49 0.0299151 -9.76649e-15
14 49 0.0299151 -9.76649e-15
15 49 0.0299151 -9.76649e-15
16 49 0.0299151 -9.76649e-15
17 49 0.0299151 -9.76649e-15
18 49 0.0299151 -9.76649e-15
19 49 0.0299151 -9.76649e-15
20 49 0.0299151 -9.76649e-15

1 50 0.0101261 1.01516e-14
2 50 0.0101261 1.01516e-14
3 50 0.0101261 1.01516e-14
4 50 0.0101261 1.01516e-14
5 50 0.0101261 1.01516e-14
6 50 0.0101261 1.01516e-14
7 50 0.0101261 1.01516e-14
8 50 0.0101261 1.01516e-14
9 50 0.0101261 1.01516e-14
10 50 0.0101261 1.01516e-14
11 50 0.0101261 1.01516e-14
12 50 0.0101261 1.01516e-14
13 50 0.0101261 1.01516e-14
14 50 0.0101261 1.01516e-14
15 50 0.0101261 1.01516e-14
16 50 0.0101261 1.01516e-14
17 50 0.0101261 1.01516e-14
18 50 0.0101261 1.01516e-14
19 50 0.0101261 1.01516e-14
20 50 0.0101261 1.01516e-14

