15 1 0.0110305
15 2 0.0325081
15 3 0.0530862
15 4 0.0727653
15 5 0.0915457
15 6 0.109428
15 7 0.126413
15 8 0.142501
15 9 0.157692
15 10 0.171987
15 11 0.185386
15 12 0.19789
15 13 0.209499
15 14 0.220213
15 15 0.230034
15 16 0.23896
15 17 0.246993
15 18 0.254133
15 19 0.26038
15 20 0.265733
15 21 0.270195
15 22 0.273763
15 23 0.27644
15 24 0.278224
15 25 0.279116
15 26 0.279116
15 27 0.278224
15 28 0.27644
15 29 0.273763
15 30 0.270195
15 31 0.265733
15 32 0.26038
15 33 0.254133
15 34 0.246993
15 35 0.23896
15 36 0.230034
15 37 0.220213
15 38 0.209499
15 39 0.19789
15 40 0.185386
15 41 0.171987
15 42 0.157692
15 43 0.142501
15 44 0.126413
15 45 0.109428
15 46 0.0915457
15 47 0.0727653
15 48 0.0530862
15 49 0.0325081
15 50 0.0110305

