1 1 1.75002 1.34615e-13
2 1 1.75002 1.34615e-13
3 1 1.75002 1.34615e-13
4 1 1.75002 1.34615e-13
5 1 1.75002 1.34615e-13
6 1 1.75002 1.34615e-13
7 1 1.75002 1.34615e-13
8 1 1.75002 1.34615e-13
9 1 1.75002 1.34615e-13
10 1 1.75002 1.34615e-13
11 1 1.75002 1.34615e-13
12 1 1.75002 1.34615e-13
13 1 1.75002 1.34615e-13
14 1 1.75002 1.34615e-13
15 1 1.75002 1.34615e-13
16 1 1.75002 1.34615e-13
17 1 1.75002 1.34615e-13
18 1 1.75002 1.34615e-13
19 1 1.75002 1.34615e-13
20 1 1.75002 1.34615e-13

1 2 1.75002 -1.33837e-13
2 2 1.75002 -1.33837e-13
3 2 1.75002 -1.33837e-13
4 2 1.75002 -1.33837e-13
5 2 1.75002 -1.33837e-13
6 2 1.75002 -1.33837e-13
7 2 1.75002 -1.33837e-13
8 2 1.75002 -1.33837e-13
9 2 1.75002 -1.33837e-13
10 2 1.75002 -1.33837e-13
11 2 1.75002 -1.33837e-13
12 2 1.75002 -1.33837e-13
13 2 1.75002 -1.33837e-13
14 2 1.75002 -1.33837e-13
15 2 1.75002 -1.33837e-13
16 2 1.75002 -1.33837e-13
17 2 1.75002 -1.33837e-13
18 2 1.75002 -1.33837e-13
19 2 1.75002 -1.33837e-13
20 2 1.75002 -1.33837e-13

1 3 1.75002 1.35281e-13
2 3 1.75002 1.35281e-13
3 3 1.75002 1.35281e-13
4 3 1.75002 1.35281e-13
5 3 1.75002 1.35281e-13
6 3 1.75002 1.35281e-13
7 3 1.75002 1.35281e-13
8 3 1.75002 1.35281e-13
9 3 1.75002 1.35281e-13
10 3 1.75002 1.35281e-13
11 3 1.75002 1.35281e-13
12 3 1.75002 1.35281e-13
13 3 1.75002 1.35281e-13
14 3 1.75002 1.35281e-13
15 3 1.75002 1.35281e-13
16 3 1.75002 1.35281e-13
17 3 1.75002 1.35281e-13
18 3 1.75002 1.35281e-13
19 3 1.75002 1.35281e-13
20 3 1.75002 1.35281e-13

1 4 1.75002 -1.33282e-13
2 4 1.75002 -1.33282e-13
3 4 1.75002 -1.33282e-13
4 4 1.75002 -1.33282e-13
5 4 1.75002 -1.33282e-13
6 4 1.75002 -1.33282e-13
7 4 1.75002 -1.33282e-13
8 4 1.75002 -1.33282e-13
9 4 1.75002 -1.33282e-13
10 4 1.75002 -1.33282e-13
11 4 1.75002 -1.33282e-13
12 4 1.75002 -1.33282e-13
13 4 1.75002 -1.33282e-13
14 4 1.75002 -1.33282e-13
15 4 1.75002 -1.33282e-13
16 4 1.75002 -1.33282e-13
17 4 1.75002 -1.33282e-13
18 4 1.75002 -1.33282e-13
19 4 1.75002 -1.33282e-13
20 4 1.75002 -1.33282e-13

1 5 1.75002 1.33837e-13
2 5 1.75002 1.33837e-13
3 5 1.75002 1.33837e-13
4 5 1.75002 1.33837e-13
5 5 1.75002 1.33837e-13
6 5 1.75002 1.33837e-13
7 5 1.75002 1.33837e-13
8 5 1.75002 1.33837e-13
9 5 1.75002 1.33837e-13
10 5 1.75002 1.33837e-13
11 5 1.75002 1.33837e-13
12 5 1.75002 1.33837e-13
13 5 1.75002 1.33837e-13
14 5 1.75002 1.33837e-13
15 5 1.75002 1.33837e-13
16 5 1.75002 1.33837e-13
17 5 1.75002 1.33837e-13
18 5 1.75002 1.33837e-13
19 5 1.75002 1.33837e-13
20 5 1.75002 1.33837e-13

1 6 1.75002 -1.34948e-13
2 6 1.75002 -1.34948e-13
3 6 1.75002 -1.34948e-13
4 6 1.75002 -1.34948e-13
5 6 1.75002 -1.34948e-13
6 6 1.75002 -1.34948e-13
7 6 1.75002 -1.34948e-13
8 6 1.75002 -1.34948e-13
9 6 1.75002 -1.34948e-13
10 6 1.75002 -1.34948e-13
11 6 1.75002 -1.34948e-13
12 6 1.75002 -1.34948e-13
13 6 1.75002 -1.34948e-13
14 6 1.75002 -1.34948e-13
15 6 1.75002 -1.34948e-13
16 6 1.75002 -1.34948e-13
17 6 1.75002 -1.34948e-13
18 6 1.75002 -1.34948e-13
19 6 1.75002 -1.34948e-13
20 6 1.75002 -1.34948e-13

1 7 1.75002 1.33449e-13
2 7 1.75002 1.33449e-13
3 7 1.75002 1.33449e-13
4 7 1.75002 1.33449e-13
5 7 1.75002 1.33449e-13
6 7 1.75002 1.33449e-13
7 7 1.75002 1.33449e-13
8 7 1.75002 1.33449e-13
9 7 1.75002 1.33449e-13
10 7 1.75002 1.33449e-13
11 7 1.75002 1.33449e-13
12 7 1.75002 1.33449e-13
13 7 1.75002 1.33449e-13
14 7 1.75002 1.33449e-13
15 7 1.75002 1.33449e-13
16 7 1.75002 1.33449e-13
17 7 1.75002 1.33449e-13
18 7 1.75002 1.33449e-13
19 7 1.75002 1.33449e-13
20 7 1.75002 1.33449e-13

1 8 1.75002 -1.3467e-13
2 8 1.75002 -1.3467e-13
3 8 1.75002 -1.3467e-13
4 8 1.75002 -1.3467e-13
5 8 1.75002 -1.3467e-13
6 8 1.75002 -1.3467e-13
7 8 1.75002 -1.3467e-13
8 8 1.75002 -1.3467e-13
9 8 1.75002 -1.3467e-13
10 8 1.75002 -1.3467e-13
11 8 1.75002 -1.3467e-13
12 8 1.75002 -1.3467e-13
13 8 1.75002 -1.3467e-13
14 8 1.75002 -1.3467e-13
15 8 1.75002 -1.3467e-13
16 8 1.75002 -1.3467e-13
17 8 1.75002 -1.3467e-13
18 8 1.75002 -1.3467e-13
19 8 1.75002 -1.3467e-13
20 8 1.75002 -1.3467e-13

1 9 1.75002 1.33504e-13
2 9 1.75002 1.33504e-13
3 9 1.75002 1.33504e-13
4 9 1.75002 1.33504e-13
5 9 1.75002 1.33504e-13
6 9 1.75002 1.33504e-13
7 9 1.75002 1.33504e-13
8 9 1.75002 1.33504e-13
9 9 1.75002 1.33504e-13
10 9 1.75002 1.33504e-13
11 9 1.75002 1.33504e-13
12 9 1.75002 1.33504e-13
13 9 1.75002 1.33504e-13
14 9 1.75002 1.33504e-13
15 9 1.75002 1.33504e-13
16 9 1.75002 1.33504e-13
17 9 1.75002 1.33504e-13
18 9 1.75002 1.33504e-13
19 9 1.75002 1.33504e-13
20 9 1.75002 1.33504e-13

1 10 1.75002 -1.34504e-13
2 10 1.75002 -1.34504e-13
3 10 1.75002 -1.34504e-13
4 10 1.75002 -1.34504e-13
5 10 1.75002 -1.34504e-13
6 10 1.75002 -1.34504e-13
7 10 1.75002 -1.34504e-13
8 10 1.75002 -1.34504e-13
9 10 1.75002 -1.34504e-13
10 10 1.75002 -1.34504e-13
11 10 1.75002 -1.34504e-13
12 10 1.75002 -1.34504e-13
13 10 1.75002 -1.34504e-13
14 10 1.75002 -1.34504e-13
15 10 1.75002 -1.34504e-13
16 10 1.75002 -1.34504e-13
17 10 1.75002 -1.34504e-13
18 10 1.75002 -1.34504e-13
19 10 1.75002 -1.34504e-13
20 10 1.75002 -1.34504e-13

1 11 1.75002 1.33282e-13
2 11 1.75002 1.33282e-13
3 11 1.75002 1.33282e-13
4 11 1.75002 1.33282e-13
5 11 1.75002 1.33282e-13
6 11 1.75002 1.33282e-13
7 11 1.75002 1.33282e-13
8 11 1.75002 1.33282e-13
9 11 1.75002 1.33282e-13
10 11 1.75002 1.33282e-13
11 11 1.75002 1.33282e-13
12 11 1.75002 1.33282e-13
13 11 1.75002 1.33282e-13
14 11 1.75002 1.33282e-13
15 11 1.75002 1.33282e-13
16 11 1.75002 1.33282e-13
17 11 1.75002 1.33282e-13
18 11 1.75002 1.33282e-13
19 11 1.75002 1.33282e-13
20 11 1.75002 1.33282e-13

1 12 1.75002 -1.34448e-13
2 12 1.75002 -1.34448e-13
3 12 1.75002 -1.34448e-13
4 12 1.75002 -1.34448e-13
5 12 1.75002 -1.34448e-13
6 12 1.75002 -1.34448e-13
7 12 1.75002 -1.34448e-13
8 12 1.75002 -1.34448e-13
9 12 1.75002 -1.34448e-13
10 12 1.75002 -1.34448e-13
11 12 1.75002 -1.34448e-13
12 12 1.75002 -1.34448e-13
13 12 1.75002 -1.34448e-13
14 12 1.75002 -1.34448e-13
15 12 1.75002 -1.34448e-13
16 12 1.75002 -1.34448e-13
17 12 1.75002 -1.34448e-13
18 12 1.75002 -1.34448e-13
19 12 1.75002 -1.34448e-13
20 12 1.75002 -1.34448e-13

1 13 1.75002 1.32505e-13
2 13 1.75002 1.32505e-13
3 13 1.75002 1.32505e-13
4 13 1.75002 1.32505e-13
5 13 1.75002 1.32505e-13
6 13 1.75002 1.32505e-13
7 13 1.75002 1.32505e-13
8 13 1.75002 1.32505e-13
9 13 1.75002 1.32505e-13
10 13 1.75002 1.32505e-13
11 13 1.75002 1.32505e-13
12 13 1.75002 1.32505e-13
13 13 1.75002 1.32505e-13
14 13 1.75002 1.32505e-13
15 13 1.75002 1.32505e-13
16 13 1.75002 1.32505e-13
17 13 1.75002 1.32505e-13
18 13 1.75002 1.32505e-13
19 13 1.75002 1.32505e-13
20 13 1.75002 1.32505e-13

1 14 1.75002 -1.34948e-13
2 14 1.75002 -1.34948e-13
3 14 1.75002 -1.34948e-13
4 14 1.75002 -1.34948e-13
5 14 1.75002 -1.34948e-13
6 14 1.75002 -1.34948e-13
7 14 1.75002 -1.34948e-13
8 14 1.75002 -1.34948e-13
9 14 1.75002 -1.34948e-13
10 14 1.75002 -1.34948e-13
11 14 1.75002 -1.34948e-13
12 14 1.75002 -1.34948e-13
13 14 1.75002 -1.34948e-13
14 14 1.75002 -1.34948e-13
15 14 1.75002 -1.34948e-13
16 14 1.75002 -1.34948e-13
17 14 1.75002 -1.34948e-13
18 14 1.75002 -1.34948e-13
19 14 1.75002 -1.34948e-13
20 14 1.75002 -1.34948e-13

1 15 1.75002 1.31228e-13
2 15 1.75002 1.31228e-13
3 15 1.75002 1.31228e-13
4 15 1.75002 1.31228e-13
5 15 1.75002 1.31228e-13
6 15 1.75002 1.31228e-13
7 15 1.75002 1.31228e-13
8 15 1.75002 1.31228e-13
9 15 1.75002 1.31228e-13
10 15 1.75002 1.31228e-13
11 15 1.75002 1.31228e-13
12 15 1.75002 1.31228e-13
13 15 1.75002 1.31228e-13
14 15 1.75002 1.31228e-13
15 15 1.75002 1.31228e-13
16 15 1.75002 1.31228e-13
17 15 1.75002 1.31228e-13
18 15 1.75002 1.31228e-13
19 15 1.75002 1.31228e-13
20 15 1.75002 1.31228e-13

1 16 1.75002 -1.35947e-13
2 16 1.75002 -1.35947e-13
3 16 1.75002 -1.35947e-13
4 16 1.75002 -1.35947e-13
5 16 1.75002 -1.35947e-13
6 16 1.75002 -1.35947e-13
7 16 1.75002 -1.35947e-13
8 16 1.75002 -1.35947e-13
9 16 1.75002 -1.35947e-13
10 16 1.75002 -1.35947e-13
11 16 1.75002 -1.35947e-13
12 16 1.75002 -1.35947e-13
13 16 1.75002 -1.35947e-13
14 16 1.75002 -1.35947e-13
15 16 1.75002 -1.35947e-13
16 16 1.75002 -1.35947e-13
17 16 1.75002 -1.35947e-13
18 16 1.75002 -1.35947e-13
19 16 1.75002 -1.35947e-13
20 16 1.75002 -1.35947e-13

1 17 1.75002 1.30729e-13
2 17 1.75002 1.30729e-13
3 17 1.75002 1.30729e-13
4 17 1.75002 1.30729e-13
5 17 1.75002 1.30729e-13
6 17 1.75002 1.30729e-13
7 17 1.75002 1.30729e-13
8 17 1.75002 1.30729e-13
9 17 1.75002 1.30729e-13
10 17 1.75002 1.30729e-13
11 17 1.75002 1.30729e-13
12 17 1.75002 1.30729e-13
13 17 1.75002 1.30729e-13
14 17 1.75002 1.30729e-13
15 17 1.75002 1.30729e-13
16 17 1.75002 1.30729e-13
17 17 1.75002 1.30729e-13
18 17 1.75002 1.30729e-13
19 17 1.75002 1.30729e-13
20 17 1.75002 1.30729e-13

1 18 1.75002 -1.37612e-13
2 18 1.75002 -1.37612e-13
3 18 1.75002 -1.37612e-13
4 18 1.75002 -1.37612e-13
5 18 1.75002 -1.37612e-13
6 18 1.75002 -1.37612e-13
7 18 1.75002 -1.37612e-13
8 18 1.75002 -1.37612e-13
9 18 1.75002 -1.37612e-13
10 18 1.75002 -1.37612e-13
11 18 1.75002 -1.37612e-13
12 18 1.75002 -1.37612e-13
13 18 1.75002 -1.37612e-13
14 18 1.75002 -1.37612e-13
15 18 1.75002 -1.37612e-13
16 18 1.75002 -1.37612e-13
17 18 1.75002 -1.37612e-13
18 18 1.75002 -1.37612e-13
19 18 1.75002 -1.37612e-13
20 18 1.75002 -1.37612e-13

1 19 1.75002 1.29563e-13
2 19 1.75002 1.29563e-13
3 19 1.75002 1.29563e-13
4 19 1.75002 1.29563e-13
5 19 1.75002 1.29563e-13
6 19 1.75002 1.29563e-13
7 19 1.75002 1.29563e-13
8 19 1.75002 1.29563e-13
9 19 1.75002 1.29563e-13
10 19 1.75002 1.29563e-13
11 19 1.75002 1.29563e-13
12 19 1.75002 1.29563e-13
13 19 1.75002 1.29563e-13
14 19 1.75002 1.29563e-13
15 19 1.75002 1.29563e-13
16 19 1.75002 1.29563e-13
17 19 1.75002 1.29563e-13
18 19 1.75002 1.29563e-13
19 19 1.75002 1.29563e-13
20 19 1.75002 1.29563e-13

1 20 1.75002 -1.37779e-13
2 20 1.75002 -1.37779e-13
3 20 1.75002 -1.37779e-13
4 20 1.75002 -1.37779e-13
5 20 1.75002 -1.37779e-13
6 20 1.75002 -1.37779e-13
7 20 1.75002 -1.37779e-13
8 20 1.75002 -1.37779e-13
9 20 1.75002 -1.37779e-13
10 20 1.75002 -1.37779e-13
11 20 1.75002 -1.37779e-13
12 20 1.75002 -1.37779e-13
13 20 1.75002 -1.37779e-13
14 20 1.75002 -1.37779e-13
15 20 1.75002 -1.37779e-13
16 20 1.75002 -1.37779e-13
17 20 1.75002 -1.37779e-13
18 20 1.75002 -1.37779e-13
19 20 1.75002 -1.37779e-13
20 20 1.75002 -1.37779e-13

1 21 1.75002 1.29674e-13
2 21 1.75002 1.29674e-13
3 21 1.75002 1.29674e-13
4 21 1.75002 1.29674e-13
5 21 1.75002 1.29674e-13
6 21 1.75002 1.29674e-13
7 21 1.75002 1.29674e-13
8 21 1.75002 1.29674e-13
9 21 1.75002 1.29674e-13
10 21 1.75002 1.29674e-13
11 21 1.75002 1.29674e-13
12 21 1.75002 1.29674e-13
13 21 1.75002 1.29674e-13
14 21 1.75002 1.29674e-13
15 21 1.75002 1.29674e-13
16 21 1.75002 1.29674e-13
17 21 1.75002 1.29674e-13
18 21 1.75002 1.29674e-13
19 21 1.75002 1.29674e-13
20 21 1.75002 1.29674e-13

1 22 1.75002 -1.37224e-13
2 22 1.75002 -1.37224e-13
3 22 1.75002 -1.37224e-13
4 22 1.75002 -1.37224e-13
5 22 1.75002 -1.37224e-13
6 22 1.75002 -1.37224e-13
7 22 1.75002 -1.37224e-13
8 22 1.75002 -1.37224e-13
9 22 1.75002 -1.37224e-13
10 22 1.75002 -1.37224e-13
11 22 1.75002 -1.37224e-13
12 22 1.75002 -1.37224e-13
13 22 1.75002 -1.37224e-13
14 22 1.75002 -1.37224e-13
15 22 1.75002 -1.37224e-13
16 22 1.75002 -1.37224e-13
17 22 1.75002 -1.37224e-13
18 22 1.75002 -1.37224e-13
19 22 1.75002 -1.37224e-13
20 22 1.75002 -1.37224e-13

1 23 1.75002 1.29452e-13
2 23 1.75002 1.29452e-13
3 23 1.75002 1.29452e-13
4 23 1.75002 1.29452e-13
5 23 1.75002 1.29452e-13
6 23 1.75002 1.29452e-13
7 23 1.75002 1.29452e-13
8 23 1.75002 1.29452e-13
9 23 1.75002 1.29452e-13
10 23 1.75002 1.29452e-13
11 23 1.75002 1.29452e-13
12 23 1.75002 1.29452e-13
13 23 1.75002 1.29452e-13
14 23 1.75002 1.29452e-13
15 23 1.75002 1.29452e-13
16 23 1.75002 1.29452e-13
17 23 1.75002 1.29452e-13
18 23 1.75002 1.29452e-13
19 23 1.75002 1.29452e-13
20 23 1.75002 1.29452e-13

1 24 1.75002 -1.38556e-13
2 24 1.75002 -1.38556e-13
3 24 1.75002 -1.38556e-13
4 24 1.75002 -1.38556e-13
5 24 1.75002 -1.38556e-13
6 24 1.75002 -1.38556e-13
7 24 1.75002 -1.38556e-13
8 24 1.75002 -1.38556e-13
9 24 1.75002 -1.38556e-13
10 24 1.75002 -1.38556e-13
11 24 1.75002 -1.38556e-13
12 24 1.75002 -1.38556e-13
13 24 1.75002 -1.38556e-13
14 24 1.75002 -1.38556e-13
15 24 1.75002 -1.38556e-13
16 24 1.75002 -1.38556e-13
17 24 1.75002 -1.38556e-13
18 24 1.75002 -1.38556e-13
19 24 1.75002 -1.38556e-13
20 24 1.75002 -1.38556e-13

1 25 1.75002 1.27842e-13
2 25 1.75002 1.27842e-13
3 25 1.75002 1.27842e-13
4 25 1.75002 1.27842e-13
5 25 1.75002 1.27842e-13
6 25 1.75002 1.27842e-13
7 25 1.75002 1.27842e-13
8 25 1.75002 1.27842e-13
9 25 1.75002 1.27842e-13
10 25 1.75002 1.27842e-13
11 25 1.75002 1.27842e-13
12 25 1.75002 1.27842e-13
13 25 1.75002 1.27842e-13
14 25 1.75002 1.27842e-13
15 25 1.75002 1.27842e-13
16 25 1.75002 1.27842e-13
17 25 1.75002 1.27842e-13
18 25 1.75002 1.27842e-13
19 25 1.75002 1.27842e-13
20 25 1.75002 1.27842e-13

1 26 1.75002 -1.39777e-13
2 26 1.75002 -1.39777e-13
3 26 1.75002 -1.39777e-13
4 26 1.75002 -1.39777e-13
5 26 1.75002 -1.39777e-13
6 26 1.75002 -1.39777e-13
7 26 1.75002 -1.39777e-13
8 26 1.75002 -1.39777e-13
9 26 1.75002 -1.39777e-13
10 26 1.75002 -1.39777e-13
11 26 1.75002 -1.39777e-13
12 26 1.75002 -1.39777e-13
13 26 1.75002 -1.39777e-13
14 26 1.75002 -1.39777e-13
15 26 1.75002 -1.39777e-13
16 26 1.75002 -1.39777e-13
17 26 1.75002 -1.39777e-13
18 26 1.75002 -1.39777e-13
19 26 1.75002 -1.39777e-13
20 26 1.75002 -1.39777e-13

1 27 1.75002 1.27565e-13
2 27 1.75002 1.27565e-13
3 27 1.75002 1.27565e-13
4 27 1.75002 1.27565e-13
5 27 1.75002 1.27565e-13
6 27 1.75002 1.27565e-13
7 27 1.75002 1.27565e-13
8 27 1.75002 1.27565e-13
9 27 1.75002 1.27565e-13
10 27 1.75002 1.27565e-13
11 27 1.75002 1.27565e-13
12 27 1.75002 1.27565e-13
13 27 1.75002 1.27565e-13
14 27 1.75002 1.27565e-13
15 27 1.75002 1.27565e-13
16 27 1.75002 1.27565e-13
17 27 1.75002 1.27565e-13
18 27 1.75002 1.27565e-13
19 27 1.75002 1.27565e-13
20 27 1.75002 1.27565e-13

1 28 1.75002 -1.40166e-13
2 28 1.75002 -1.40166e-13
3 28 1.75002 -1.40166e-13
4 28 1.75002 -1.40166e-13
5 28 1.75002 -1.40166e-13
6 28 1.75002 -1.40166e-13
7 28 1.75002 -1.40166e-13
8 28 1.75002 -1.40166e-13
9 28 1.75002 -1.40166e-13
10 28 1.75002 -1.40166e-13
11 28 1.75002 -1.40166e-13
12 28 1.75002 -1.40166e-13
13 28 1.75002 -1.40166e-13
14 28 1.75002 -1.40166e-13
15 28 1.75002 -1.40166e-13
16 28 1.75002 -1.40166e-13
17 28 1.75002 -1.40166e-13
18 28 1.75002 -1.40166e-13
19 28 1.75002 -1.40166e-13
20 28 1.75002 -1.40166e-13

1 29 1.75002 1.27121e-13
2 29 1.75002 1.27121e-13
3 29 1.75002 1.27121e-13
4 29 1.75002 1.27121e-13
5 29 1.75002 1.27121e-13
6 29 1.75002 1.27121e-13
7 29 1.75002 1.27121e-13
8 29 1.75002 1.27121e-13
9 29 1.75002 1.27121e-13
10 29 1.75002 1.27121e-13
11 29 1.75002 1.27121e-13
12 29 1.75002 1.27121e-13
13 29 1.75002 1.27121e-13
14 29 1.75002 1.27121e-13
15 29 1.75002 1.27121e-13
16 29 1.75002 1.27121e-13
17 29 1.75002 1.27121e-13
18 29 1.75002 1.27121e-13
19 29 1.75002 1.27121e-13
20 29 1.75002 1.27121e-13

1 30 1.75002 -1.40554e-13
2 30 1.75002 -1.40554e-13
3 30 1.75002 -1.40554e-13
4 30 1.75002 -1.40554e-13
5 30 1.75002 -1.40554e-13
6 30 1.75002 -1.40554e-13
7 30 1.75002 -1.40554e-13
8 30 1.75002 -1.40554e-13
9 30 1.75002 -1.40554e-13
10 30 1.75002 -1.40554e-13
11 30 1.75002 -1.40554e-13
12 30 1.75002 -1.40554e-13
13 30 1.75002 -1.40554e-13
14 30 1.75002 -1.40554e-13
15 30 1.75002 -1.40554e-13
16 30 1.75002 -1.40554e-13
17 30 1.75002 -1.40554e-13
18 30 1.75002 -1.40554e-13
19 30 1.75002 -1.40554e-13
20 30 1.75002 -1.40554e-13

1 31 1.75002 1.27398e-13
2 31 1.75002 1.27398e-13
3 31 1.75002 1.27398e-13
4 31 1.75002 1.27398e-13
5 31 1.75002 1.27398e-13
6 31 1.75002 1.27398e-13
7 31 1.75002 1.27398e-13
8 31 1.75002 1.27398e-13
9 31 1.75002 1.27398e-13
10 31 1.75002 1.27398e-13
11 31 1.75002 1.27398e-13
12 31 1.75002 1.27398e-13
13 31 1.75002 1.27398e-13
14 31 1.75002 1.27398e-13
15 31 1.75002 1.27398e-13
16 31 1.75002 1.27398e-13
17 31 1.75002 1.27398e-13
18 31 1.75002 1.27398e-13
19 31 1.75002 1.27398e-13
20 31 1.75002 1.27398e-13

1 32 1.75002 -1.40887e-13
2 32 1.75002 -1.40887e-13
3 32 1.75002 -1.40887e-13
4 32 1.75002 -1.40887e-13
5 32 1.75002 -1.40887e-13
6 32 1.75002 -1.40887e-13
7 32 1.75002 -1.40887e-13
8 32 1.75002 -1.40887e-13
9 32 1.75002 -1.40887e-13
10 32 1.75002 -1.40887e-13
11 32 1.75002 -1.40887e-13
12 32 1.75002 -1.40887e-13
13 32 1.75002 -1.40887e-13
14 32 1.75002 -1.40887e-13
15 32 1.75002 -1.40887e-13
16 32 1.75002 -1.40887e-13
17 32 1.75002 -1.40887e-13
18 32 1.75002 -1.40887e-13
19 32 1.75002 -1.40887e-13
20 32 1.75002 -1.40887e-13

1 33 1.75002 1.27787e-13
2 33 1.75002 1.27787e-13
3 33 1.75002 1.27787e-13
4 33 1.75002 1.27787e-13
5 33 1.75002 1.27787e-13
6 33 1.75002 1.27787e-13
7 33 1.75002 1.27787e-13
8 33 1.75002 1.27787e-13
9 33 1.75002 1.27787e-13
10 33 1.75002 1.27787e-13
11 33 1.75002 1.27787e-13
12 33 1.75002 1.27787e-13
13 33 1.75002 1.27787e-13
14 33 1.75002 1.27787e-13
15 33 1.75002 1.27787e-13
16 33 1.75002 1.27787e-13
17 33 1.75002 1.27787e-13
18 33 1.75002 1.27787e-13
19 33 1.75002 1.27787e-13
20 33 1.75002 1.27787e-13

1 34 1.75002 -1.39166e-13
2 34 1.75002 -1.39166e-13
3 34 1.75002 -1.39166e-13
4 34 1.75002 -1.39166e-13
5 34 1.75002 -1.39166e-13
6 34 1.75002 -1.39166e-13
7 34 1.75002 -1.39166e-13
8 34 1.75002 -1.39166e-13
9 34 1.75002 -1.39166e-13
10 34 1.75002 -1.39166e-13
11 34 1.75002 -1.39166e-13
12 34 1.75002 -1.39166e-13
13 34 1.75002 -1.39166e-13
14 34 1.75002 -1.39166e-13
15 34 1.75002 -1.39166e-13
16 34 1.75002 -1.39166e-13
17 34 1.75002 -1.39166e-13
18 34 1.75002 -1.39166e-13
19 34 1.75002 -1.39166e-13
20 34 1.75002 -1.39166e-13

1 35 1.75002 1.29619e-13
2 35 1.75002 1.29619e-13
3 35 1.75002 1.29619e-13
4 35 1.75002 1.29619e-13
5 35 1.75002 1.29619e-13
6 35 1.75002 1.29619e-13
7 35 1.75002 1.29619e-13
8 35 1.75002 1.29619e-13
9 35 1.75002 1.29619e-13
10 35 1.75002 1.29619e-13
11 35 1.75002 1.29619e-13
12 35 1.75002 1.29619e-13
13 35 1.75002 1.29619e-13
14 35 1.75002 1.29619e-13
15 35 1.75002 1.29619e-13
16 35 1.75002 1.29619e-13
17 35 1.75002 1.29619e-13
18 35 1.75002 1.29619e-13
19 35 1.75002 1.29619e-13
20 35 1.75002 1.29619e-13

1 36 1.75002 -1.38112e-13
2 36 1.75002 -1.38112e-13
3 36 1.75002 -1.38112e-13
4 36 1.75002 -1.38112e-13
5 36 1.75002 -1.38112e-13
6 36 1.75002 -1.38112e-13
7 36 1.75002 -1.38112e-13
8 36 1.75002 -1.38112e-13
9 36 1.75002 -1.38112e-13
10 36 1.75002 -1.38112e-13
11 36 1.75002 -1.38112e-13
12 36 1.75002 -1.38112e-13
13 36 1.75002 -1.38112e-13
14 36 1.75002 -1.38112e-13
15 36 1.75002 -1.38112e-13
16 36 1.75002 -1.38112e-13
17 36 1.75002 -1.38112e-13
18 36 1.75002 -1.38112e-13
19 36 1.75002 -1.38112e-13
20 36 1.75002 -1.38112e-13

1 37 1.75002 1.31006e-13
2 37 1.75002 1.31006e-13
3 37 1.75002 1.31006e-13
4 37 1.75002 1.31006e-13
5 37 1.75002 1.31006e-13
6 37 1.75002 1.31006e-13
7 37 1.75002 1.31006e-13
8 37 1.75002 1.31006e-13
9 37 1.75002 1.31006e-13
10 37 1.75002 1.31006e-13
11 37 1.75002 1.31006e-13
12 37 1.75002 1.31006e-13
13 37 1.75002 1.31006e-13
14 37 1.75002 1.31006e-13
15 37 1.75002 1.31006e-13
16 37 1.75002 1.31006e-13
17 37 1.75002 1.31006e-13
18 37 1.75002 1.31006e-13
19 37 1.75002 1.31006e-13
20 37 1.75002 1.31006e-13

1 38 1.75002 -1.3578e-13
2 38 1.75002 -1.3578e-13
3 38 1.75002 -1.3578e-13
4 38 1.75002 -1.3578e-13
5 38 1.75002 -1.3578e-13
6 38 1.75002 -1.3578e-13
7 38 1.75002 -1.3578e-13
8 38 1.75002 -1.3578e-13
9 38 1.75002 -1.3578e-13
10 38 1.75002 -1.3578e-13
11 38 1.75002 -1.3578e-13
12 38 1.75002 -1.3578e-13
13 38 1.75002 -1.3578e-13
14 38 1.75002 -1.3578e-13
15 38 1.75002 -1.3578e-13
16 38 1.75002 -1.3578e-13
17 38 1.75002 -1.3578e-13
18 38 1.75002 -1.3578e-13
19 38 1.75002 -1.3578e-13
20 38 1.75002 -1.3578e-13

1 39 1.75002 1.3245e-13
2 39 1.75002 1.3245e-13
3 39 1.75002 1.3245e-13
4 39 1.75002 1.3245e-13
5 39 1.75002 1.3245e-13
6 39 1.75002 1.3245e-13
7 39 1.75002 1.3245e-13
8 39 1.75002 1.3245e-13
9 39 1.75002 1.3245e-13
10 39 1.75002 1.3245e-13
11 39 1.75002 1.3245e-13
12 39 1.75002 1.3245e-13
13 39 1.75002 1.3245e-13
14 39 1.75002 1.3245e-13
15 39 1.75002 1.3245e-13
16 39 1.75002 1.3245e-13
17 39 1.75002 1.3245e-13
18 39 1.75002 1.3245e-13
19 39 1.75002 1.3245e-13
20 39 1.75002 1.3245e-13

1 40 1.75002 -1.35558e-13
2 40 1.75002 -1.35558e-13
3 40 1.75002 -1.35558e-13
4 40 1.75002 -1.35558e-13
5 40 1.75002 -1.35558e-13
6 40 1.75002 -1.35558e-13
7 40 1.75002 -1.35558e-13
8 40 1.75002 -1.35558e-13
9 40 1.75002 -1.35558e-13
10 40 1.75002 -1.35558e-13
11 40 1.75002 -1.35558e-13
12 40 1.75002 -1.35558e-13
13 40 1.75002 -1.35558e-13
14 40 1.75002 -1.35558e-13
15 40 1.75002 -1.35558e-13
16 40 1.75002 -1.35558e-13
17 40 1.75002 -1.35558e-13
18 40 1.75002 -1.35558e-13
19 40 1.75002 -1.35558e-13
20 40 1.75002 -1.35558e-13

1 41 1.75002 1.33948e-13
2 41 1.75002 1.33948e-13
3 41 1.75002 1.33948e-13
4 41 1.75002 1.33948e-13
5 41 1.75002 1.33948e-13
6 41 1.75002 1.33948e-13
7 41 1.75002 1.33948e-13
8 41 1.75002 1.33948e-13
9 41 1.75002 1.33948e-13
10 41 1.75002 1.33948e-13
11 41 1.75002 1.33948e-13
12 41 1.75002 1.33948e-13
13 41 1.75002 1.33948e-13
14 41 1.75002 1.33948e-13
15 41 1.75002 1.33948e-13
16 41 1.75002 1.33948e-13
17 41 1.75002 1.33948e-13
18 41 1.75002 1.33948e-13
19 41 1.75002 1.33948e-13
20 41 1.75002 1.33948e-13

1 42 1.75002 -1.34004e-13
2 42 1.75002 -1.34004e-13
3 42 1.75002 -1.34004e-13
4 42 1.75002 -1.34004e-13
5 42 1.75002 -1.34004e-13
6 42 1.75002 -1.34004e-13
7 42 1.75002 -1.34004e-13
8 42 1.75002 -1.34004e-13
9 42 1.75002 -1.34004e-13
10 42 1.75002 -1.34004e-13
11 42 1.75002 -1.34004e-13
12 42 1.75002 -1.34004e-13
13 42 1.75002 -1.34004e-13
14 42 1.75002 -1.34004e-13
15 42 1.75002 -1.34004e-13
16 42 1.75002 -1.34004e-13
17 42 1.75002 -1.34004e-13
18 42 1.75002 -1.34004e-13
19 42 1.75002 -1.34004e-13
20 42 1.75002 -1.34004e-13

1 43 1.75002 1.34059e-13
2 43 1.75002 1.34059e-13
3 43 1.75002 1.34059e-13
4 43 1.75002 1.34059e-13
5 43 1.75002 1.34059e-13
6 43 1.75002 1.34059e-13
7 43 1.75002 1.34059e-13
8 43 1.75002 1.34059e-13
9 43 1.75002 1.34059e-13
10 43 1.75002 1.34059e-13
11 43 1.75002 1.34059e-13
12 43 1.75002 1.34059e-13
13 43 1.75002 1.34059e-13
14 43 1.75002 1.34059e-13
15 43 1.75002 1.34059e-13
16 43 1.75002 1.34059e-13
17 43 1.75002 1.34059e-13
18 43 1.75002 1.34059e-13
19 43 1.75002 1.34059e-13
20 43 1.75002 1.34059e-13

1 44 1.75002 -1.33227e-13
2 44 1.75002 -1.33227e-13
3 44 1.75002 -1.33227e-13
4 44 1.75002 -1.33227e-13
5 44 1.75002 -1.33227e-13
6 44 1.75002 -1.33227e-13
7 44 1.75002 -1.33227e-13
8 44 1.75002 -1.33227e-13
9 44 1.75002 -1.33227e-13
10 44 1.75002 -1.33227e-13
11 44 1.75002 -1.33227e-13
12 44 1.75002 -1.33227e-13
13 44 1.75002 -1.33227e-13
14 44 1.75002 -1.33227e-13
15 44 1.75002 -1.33227e-13
16 44 1.75002 -1.33227e-13
17 44 1.75002 -1.33227e-13
18 44 1.75002 -1.33227e-13
19 44 1.75002 -1.33227e-13
20 44 1.75002 -1.33227e-13

1 45 1.75002 1.34615e-13
2 45 1.75002 1.34615e-13
3 45 1.75002 1.34615e-13
4 45 1.75002 1.34615e-13
5 45 1.75002 1.34615e-13
6 45 1.75002 1.34615e-13
7 45 1.75002 1.34615e-13
8 45 1.75002 1.34615e-13
9 45 1.75002 1.34615e-13
10 45 1.75002 1.34615e-13
11 45 1.75002 1.34615e-13
12 45 1.75002 1.34615e-13
13 45 1.75002 1.34615e-13
14 45 1.75002 1.34615e-13
15 45 1.75002 1.34615e-13
16 45 1.75002 1.34615e-13
17 45 1.75002 1.34615e-13
18 45 1.75002 1.34615e-13
19 45 1.75002 1.34615e-13
20 45 1.75002 1.34615e-13

1 46 1.75002 -1.33615e-13
2 46 1.75002 -1.33615e-13
3 46 1.75002 -1.33615e-13
4 46 1.75002 -1.33615e-13
5 46 1.75002 -1.33615e-13
6 46 1.75002 -1.33615e-13
7 46 1.75002 -1.33615e-13
8 46 1.75002 -1.33615e-13
9 46 1.75002 -1.33615e-13
10 46 1.75002 -1.33615e-13
11 46 1.75002 -1.33615e-13
12 46 1.75002 -1.33615e-13
13 46 1.75002 -1.33615e-13
14 46 1.75002 -1.33615e-13
15 46 1.75002 -1.33615e-13
16 46 1.75002 -1.33615e-13
17 46 1.75002 -1.33615e-13
18 46 1.75002 -1.33615e-13
19 46 1.75002 -1.33615e-13
20 46 1.75002 -1.33615e-13

1 47 1.75002 1.33726e-13
2 47 1.75002 1.33726e-13
3 47 1.75002 1.33726e-13
4 47 1.75002 1.33726e-13
5 47 1.75002 1.33726e-13
6 47 1.75002 1.33726e-13
7 47 1.75002 1.33726e-13
8 47 1.75002 1.33726e-13
9 47 1.75002 1.33726e-13
10 47 1.75002 1.33726e-13
11 47 1.75002 1.33726e-13
12 47 1.75002 1.33726e-13
13 47 1.75002 1.33726e-13
14 47 1.75002 1.33726e-13
15 47 1.75002 1.33726e-13
16 47 1.75002 1.33726e-13
17 47 1.75002 1.33726e-13
18 47 1.75002 1.33726e-13
19 47 1.75002 1.33726e-13
20 47 1.75002 1.33726e-13

1 48 1.75002 -1.33227e-13
2 48 1.75002 -1.33227e-13
3 48 1.75002 -1.33227e-13
4 48 1.75002 -1.33227e-13
5 48 1.75002 -1.33227e-13
6 48 1.75002 -1.33227e-13
7 48 1.75002 -1.33227e-13
8 48 1.75002 -1.33227e-13
9 48 1.75002 -1.33227e-13
10 48 1.75002 -1.33227e-13
11 48 1.75002 -1.33227e-13
12 48 1.75002 -1.33227e-13
13 48 1.75002 -1.33227e-13
14 48 1.75002 -1.33227e-13
15 48 1.75002 -1.33227e-13
16 48 1.75002 -1.33227e-13
17 48 1.75002 -1.33227e-13
18 48 1.75002 -1.33227e-13
19 48 1.75002 -1.33227e-13
20 48 1.75002 -1.33227e-13

1 49 1.75002 1.35503e-13
2 49 1.75002 1.35503e-13
3 49 1.75002 1.35503e-13
4 49 1.75002 1.35503e-13
5 49 1.75002 1.35503e-13
6 49 1.75002 1.35503e-13
7 49 1.75002 1.35503e-13
8 49 1.75002 1.35503e-13
9 49 1.75002 1.35503e-13
10 49 1.75002 1.35503e-13
11 49 1.75002 1.35503e-13
12 49 1.75002 1.35503e-13
13 49 1.75002 1.35503e-13
14 49 1.75002 1.35503e-13
15 49 1.75002 1.35503e-13
16 49 1.75002 1.35503e-13
17 49 1.75002 1.35503e-13
18 49 1.75002 1.35503e-13
19 49 1.75002 1.35503e-13
20 49 1.75002 1.35503e-13

1 50 1.75002 -1.32561e-13
2 50 1.75002 -1.32561e-13
3 50 1.75002 -1.32561e-13
4 50 1.75002 -1.32561e-13
5 50 1.75002 -1.32561e-13
6 50 1.75002 -1.32561e-13
7 50 1.75002 -1.32561e-13
8 50 1.75002 -1.32561e-13
9 50 1.75002 -1.32561e-13
10 50 1.75002 -1.32561e-13
11 50 1.75002 -1.32561e-13
12 50 1.75002 -1.32561e-13
13 50 1.75002 -1.32561e-13
14 50 1.75002 -1.32561e-13
15 50 1.75002 -1.32561e-13
16 50 1.75002 -1.32561e-13
17 50 1.75002 -1.32561e-13
18 50 1.75002 -1.32561e-13
19 50 1.75002 -1.32561e-13
20 50 1.75002 -1.32561e-13

