1 1 2.85002 1.11022e-15
2 1 2.85002 1.11022e-15
3 1 2.85002 1.11022e-15
4 1 2.85002 1.11022e-15
5 1 2.85002 1.11022e-15
6 1 2.85002 1.11022e-15
7 1 2.85002 1.11022e-15
8 1 2.85002 1.11022e-15
9 1 2.85002 1.11022e-15
10 1 2.85002 1.11022e-15
11 1 2.85002 1.11022e-15
12 1 2.85002 1.11022e-15
13 1 2.85002 1.11022e-15
14 1 2.85002 1.11022e-15
15 1 2.85002 1.11022e-15
16 1 2.85002 1.11022e-15
17 1 2.85002 1.11022e-15
18 1 2.85002 1.11022e-15
19 1 2.85002 1.11022e-15
20 1 2.85002 1.11022e-15

1 2 2.85002 3.21965e-15
2 2 2.85002 3.21965e-15
3 2 2.85002 3.21965e-15
4 2 2.85002 3.21965e-15
5 2 2.85002 3.21965e-15
6 2 2.85002 3.21965e-15
7 2 2.85002 3.21965e-15
8 2 2.85002 3.21965e-15
9 2 2.85002 3.21965e-15
10 2 2.85002 3.21965e-15
11 2 2.85002 3.21965e-15
12 2 2.85002 3.21965e-15
13 2 2.85002 3.21965e-15
14 2 2.85002 3.21965e-15
15 2 2.85002 3.21965e-15
16 2 2.85002 3.21965e-15
17 2 2.85002 3.21965e-15
18 2 2.85002 3.21965e-15
19 2 2.85002 3.21965e-15
20 2 2.85002 3.21965e-15

1 3 2.85002 1.22125e-15
2 3 2.85002 1.22125e-15
3 3 2.85002 1.22125e-15
4 3 2.85002 1.22125e-15
5 3 2.85002 1.22125e-15
6 3 2.85002 1.22125e-15
7 3 2.85002 1.22125e-15
8 3 2.85002 1.22125e-15
9 3 2.85002 1.22125e-15
10 3 2.85002 1.22125e-15
11 3 2.85002 1.22125e-15
12 3 2.85002 1.22125e-15
13 3 2.85002 1.22125e-15
14 3 2.85002 1.22125e-15
15 3 2.85002 1.22125e-15
16 3 2.85002 1.22125e-15
17 3 2.85002 1.22125e-15
18 3 2.85002 1.22125e-15
19 3 2.85002 1.22125e-15
20 3 2.85002 1.22125e-15

1 4 2.85002 1.22125e-15
2 4 2.85002 1.22125e-15
3 4 2.85002 1.22125e-15
4 4 2.85002 1.22125e-15
5 4 2.85002 1.22125e-15
6 4 2.85002 1.22125e-15
7 4 2.85002 1.22125e-15
8 4 2.85002 1.22125e-15
9 4 2.85002 1.22125e-15
10 4 2.85002 1.22125e-15
11 4 2.85002 1.22125e-15
12 4 2.85002 1.22125e-15
13 4 2.85002 1.22125e-15
14 4 2.85002 1.22125e-15
15 4 2.85002 1.22125e-15
16 4 2.85002 1.22125e-15
17 4 2.85002 1.22125e-15
18 4 2.85002 1.22125e-15
19 4 2.85002 1.22125e-15
20 4 2.85002 1.22125e-15

1 5 2.85002 -1.11022e-16
2 5 2.85002 -1.11022e-16
3 5 2.85002 -1.11022e-16
4 5 2.85002 -1.11022e-16
5 5 2.85002 -1.11022e-16
6 5 2.85002 -1.11022e-16
7 5 2.85002 -1.11022e-16
8 5 2.85002 -1.11022e-16
9 5 2.85002 -1.11022e-16
10 5 2.85002 -1.11022e-16
11 5 2.85002 -1.11022e-16
12 5 2.85002 -1.11022e-16
13 5 2.85002 -1.11022e-16
14 5 2.85002 -1.11022e-16
15 5 2.85002 -1.11022e-16
16 5 2.85002 -1.11022e-16
17 5 2.85002 -1.11022e-16
18 5 2.85002 -1.11022e-16
19 5 2.85002 -1.11022e-16
20 5 2.85002 -1.11022e-16

1 6 2.85002 -2.10942e-15
2 6 2.85002 -2.10942e-15
3 6 2.85002 -2.10942e-15
4 6 2.85002 -2.10942e-15
5 6 2.85002 -2.10942e-15
6 6 2.85002 -2.10942e-15
7 6 2.85002 -2.10942e-15
8 6 2.85002 -2.10942e-15
9 6 2.85002 -2.10942e-15
10 6 2.85002 -2.10942e-15
11 6 2.85002 -2.10942e-15
12 6 2.85002 -2.10942e-15
13 6 2.85002 -2.10942e-15
14 6 2.85002 -2.10942e-15
15 6 2.85002 -2.10942e-15
16 6 2.85002 -2.10942e-15
17 6 2.85002 -2.10942e-15
18 6 2.85002 -2.10942e-15
19 6 2.85002 -2.10942e-15
20 6 2.85002 -2.10942e-15

1 7 2.85002 -2.66454e-15
2 7 2.85002 -2.66454e-15
3 7 2.85002 -2.66454e-15
4 7 2.85002 -2.66454e-15
5 7 2.85002 -2.66454e-15
6 7 2.85002 -2.66454e-15
7 7 2.85002 -2.66454e-15
8 7 2.85002 -2.66454e-15
9 7 2.85002 -2.66454e-15
10 7 2.85002 -2.66454e-15
11 7 2.85002 -2.66454e-15
12 7 2.85002 -2.66454e-15
13 7 2.85002 -2.66454e-15
14 7 2.85002 -2.66454e-15
15 7 2.85002 -2.66454e-15
16 7 2.85002 -2.66454e-15
17 7 2.85002 -2.66454e-15
18 7 2.85002 -2.66454e-15
19 7 2.85002 -2.66454e-15
20 7 2.85002 -2.66454e-15

1 8 2.85002 -2.10942e-15
2 8 2.85002 -2.10942e-15
3 8 2.85002 -2.10942e-15
4 8 2.85002 -2.10942e-15
5 8 2.85002 -2.10942e-15
6 8 2.85002 -2.10942e-15
7 8 2.85002 -2.10942e-15
8 8 2.85002 -2.10942e-15
9 8 2.85002 -2.10942e-15
10 8 2.85002 -2.10942e-15
11 8 2.85002 -2.10942e-15
12 8 2.85002 -2.10942e-15
13 8 2.85002 -2.10942e-15
14 8 2.85002 -2.10942e-15
15 8 2.85002 -2.10942e-15
16 8 2.85002 -2.10942e-15
17 8 2.85002 -2.10942e-15
18 8 2.85002 -2.10942e-15
19 8 2.85002 -2.10942e-15
20 8 2.85002 -2.10942e-15

1 9 2.85002 -5.88418e-15
2 9 2.85002 -5.88418e-15
3 9 2.85002 -5.88418e-15
4 9 2.85002 -5.88418e-15
5 9 2.85002 -5.88418e-15
6 9 2.85002 -5.88418e-15
7 9 2.85002 -5.88418e-15
8 9 2.85002 -5.88418e-15
9 9 2.85002 -5.88418e-15
10 9 2.85002 -5.88418e-15
11 9 2.85002 -5.88418e-15
12 9 2.85002 -5.88418e-15
13 9 2.85002 -5.88418e-15
14 9 2.85002 -5.88418e-15
15 9 2.85002 -5.88418e-15
16 9 2.85002 -5.88418e-15
17 9 2.85002 -5.88418e-15
18 9 2.85002 -5.88418e-15
19 9 2.85002 -5.88418e-15
20 9 2.85002 -5.88418e-15

1 10 2.85002 -3.10862e-15
2 10 2.85002 -3.10862e-15
3 10 2.85002 -3.10862e-15
4 10 2.85002 -3.10862e-15
5 10 2.85002 -3.10862e-15
6 10 2.85002 -3.10862e-15
7 10 2.85002 -3.10862e-15
8 10 2.85002 -3.10862e-15
9 10 2.85002 -3.10862e-15
10 10 2.85002 -3.10862e-15
11 10 2.85002 -3.10862e-15
12 10 2.85002 -3.10862e-15
13 10 2.85002 -3.10862e-15
14 10 2.85002 -3.10862e-15
15 10 2.85002 -3.10862e-15
16 10 2.85002 -3.10862e-15
17 10 2.85002 -3.10862e-15
18 10 2.85002 -3.10862e-15
19 10 2.85002 -3.10862e-15
20 10 2.85002 -3.10862e-15

1 11 2.85002 -5.21805e-15
2 11 2.85002 -5.21805e-15
3 11 2.85002 -5.21805e-15
4 11 2.85002 -5.21805e-15
5 11 2.85002 -5.21805e-15
6 11 2.85002 -5.21805e-15
7 11 2.85002 -5.21805e-15
8 11 2.85002 -5.21805e-15
9 11 2.85002 -5.21805e-15
10 11 2.85002 -5.21805e-15
11 11 2.85002 -5.21805e-15
12 11 2.85002 -5.21805e-15
13 11 2.85002 -5.21805e-15
14 11 2.85002 -5.21805e-15
15 11 2.85002 -5.21805e-15
16 11 2.85002 -5.21805e-15
17 11 2.85002 -5.21805e-15
18 11 2.85002 -5.21805e-15
19 11 2.85002 -5.21805e-15
20 11 2.85002 -5.21805e-15

1 12 2.85002 -3.88578e-15
2 12 2.85002 -3.88578e-15
3 12 2.85002 -3.88578e-15
4 12 2.85002 -3.88578e-15
5 12 2.85002 -3.88578e-15
6 12 2.85002 -3.88578e-15
7 12 2.85002 -3.88578e-15
8 12 2.85002 -3.88578e-15
9 12 2.85002 -3.88578e-15
10 12 2.85002 -3.88578e-15
11 12 2.85002 -3.88578e-15
12 12 2.85002 -3.88578e-15
13 12 2.85002 -3.88578e-15
14 12 2.85002 -3.88578e-15
15 12 2.85002 -3.88578e-15
16 12 2.85002 -3.88578e-15
17 12 2.85002 -3.88578e-15
18 12 2.85002 -3.88578e-15
19 12 2.85002 -3.88578e-15
20 12 2.85002 -3.88578e-15

1 13 2.85002 -5.66214e-15
2 13 2.85002 -5.66214e-15
3 13 2.85002 -5.66214e-15
4 13 2.85002 -5.66214e-15
5 13 2.85002 -5.66214e-15
6 13 2.85002 -5.66214e-15
7 13 2.85002 -5.66214e-15
8 13 2.85002 -5.66214e-15
9 13 2.85002 -5.66214e-15
10 13 2.85002 -5.66214e-15
11 13 2.85002 -5.66214e-15
12 13 2.85002 -5.66214e-15
13 13 2.85002 -5.66214e-15
14 13 2.85002 -5.66214e-15
15 13 2.85002 -5.66214e-15
16 13 2.85002 -5.66214e-15
17 13 2.85002 -5.66214e-15
18 13 2.85002 -5.66214e-15
19 13 2.85002 -5.66214e-15
20 13 2.85002 -5.66214e-15

1 14 2.85002 -1.66533e-15
2 14 2.85002 -1.66533e-15
3 14 2.85002 -1.66533e-15
4 14 2.85002 -1.66533e-15
5 14 2.85002 -1.66533e-15
6 14 2.85002 -1.66533e-15
7 14 2.85002 -1.66533e-15
8 14 2.85002 -1.66533e-15
9 14 2.85002 -1.66533e-15
10 14 2.85002 -1.66533e-15
11 14 2.85002 -1.66533e-15
12 14 2.85002 -1.66533e-15
13 14 2.85002 -1.66533e-15
14 14 2.85002 -1.66533e-15
15 14 2.85002 -1.66533e-15
16 14 2.85002 -1.66533e-15
17 14 2.85002 -1.66533e-15
18 14 2.85002 -1.66533e-15
19 14 2.85002 -1.66533e-15
20 14 2.85002 -1.66533e-15

1 15 2.85002 -3.21965e-15
2 15 2.85002 -3.21965e-15
3 15 2.85002 -3.21965e-15
4 15 2.85002 -3.21965e-15
5 15 2.85002 -3.21965e-15
6 15 2.85002 -3.21965e-15
7 15 2.85002 -3.21965e-15
8 15 2.85002 -3.21965e-15
9 15 2.85002 -3.21965e-15
10 15 2.85002 -3.21965e-15
11 15 2.85002 -3.21965e-15
12 15 2.85002 -3.21965e-15
13 15 2.85002 -3.21965e-15
14 15 2.85002 -3.21965e-15
15 15 2.85002 -3.21965e-15
16 15 2.85002 -3.21965e-15
17 15 2.85002 -3.21965e-15
18 15 2.85002 -3.21965e-15
19 15 2.85002 -3.21965e-15
20 15 2.85002 -3.21965e-15

1 16 2.85002 -3.21965e-15
2 16 2.85002 -3.21965e-15
3 16 2.85002 -3.21965e-15
4 16 2.85002 -3.21965e-15
5 16 2.85002 -3.21965e-15
6 16 2.85002 -3.21965e-15
7 16 2.85002 -3.21965e-15
8 16 2.85002 -3.21965e-15
9 16 2.85002 -3.21965e-15
10 16 2.85002 -3.21965e-15
11 16 2.85002 -3.21965e-15
12 16 2.85002 -3.21965e-15
13 16 2.85002 -3.21965e-15
14 16 2.85002 -3.21965e-15
15 16 2.85002 -3.21965e-15
16 16 2.85002 -3.21965e-15
17 16 2.85002 -3.21965e-15
18 16 2.85002 -3.21965e-15
19 16 2.85002 -3.21965e-15
20 16 2.85002 -3.21965e-15

1 17 2.85002 -4.21885e-15
2 17 2.85002 -4.21885e-15
3 17 2.85002 -4.21885e-15
4 17 2.85002 -4.21885e-15
5 17 2.85002 -4.21885e-15
6 17 2.85002 -4.21885e-15
7 17 2.85002 -4.21885e-15
8 17 2.85002 -4.21885e-15
9 17 2.85002 -4.21885e-15
10 17 2.85002 -4.21885e-15
11 17 2.85002 -4.21885e-15
12 17 2.85002 -4.21885e-15
13 17 2.85002 -4.21885e-15
14 17 2.85002 -4.21885e-15
15 17 2.85002 -4.21885e-15
16 17 2.85002 -4.21885e-15
17 17 2.85002 -4.21885e-15
18 17 2.85002 -4.21885e-15
19 17 2.85002 -4.21885e-15
20 17 2.85002 -4.21885e-15

1 18 2.85002 -3.66374e-15
2 18 2.85002 -3.66374e-15
3 18 2.85002 -3.66374e-15
4 18 2.85002 -3.66374e-15
5 18 2.85002 -3.66374e-15
6 18 2.85002 -3.66374e-15
7 18 2.85002 -3.66374e-15
8 18 2.85002 -3.66374e-15
9 18 2.85002 -3.66374e-15
10 18 2.85002 -3.66374e-15
11 18 2.85002 -3.66374e-15
12 18 2.85002 -3.66374e-15
13 18 2.85002 -3.66374e-15
14 18 2.85002 -3.66374e-15
15 18 2.85002 -3.66374e-15
16 18 2.85002 -3.66374e-15
17 18 2.85002 -3.66374e-15
18 18 2.85002 -3.66374e-15
19 18 2.85002 -3.66374e-15
20 18 2.85002 -3.66374e-15

1 19 2.85002 -2.44249e-15
2 19 2.85002 -2.44249e-15
3 19 2.85002 -2.44249e-15
4 19 2.85002 -2.44249e-15
5 19 2.85002 -2.44249e-15
6 19 2.85002 -2.44249e-15
7 19 2.85002 -2.44249e-15
8 19 2.85002 -2.44249e-15
9 19 2.85002 -2.44249e-15
10 19 2.85002 -2.44249e-15
11 19 2.85002 -2.44249e-15
12 19 2.85002 -2.44249e-15
13 19 2.85002 -2.44249e-15
14 19 2.85002 -2.44249e-15
15 19 2.85002 -2.44249e-15
16 19 2.85002 -2.44249e-15
17 19 2.85002 -2.44249e-15
18 19 2.85002 -2.44249e-15
19 19 2.85002 -2.44249e-15
20 19 2.85002 -2.44249e-15

1 20 2.85002 2.10942e-15
2 20 2.85002 2.10942e-15
3 20 2.85002 2.10942e-15
4 20 2.85002 2.10942e-15
5 20 2.85002 2.10942e-15
6 20 2.85002 2.10942e-15
7 20 2.85002 2.10942e-15
8 20 2.85002 2.10942e-15
9 20 2.85002 2.10942e-15
10 20 2.85002 2.10942e-15
11 20 2.85002 2.10942e-15
12 20 2.85002 2.10942e-15
13 20 2.85002 2.10942e-15
14 20 2.85002 2.10942e-15
15 20 2.85002 2.10942e-15
16 20 2.85002 2.10942e-15
17 20 2.85002 2.10942e-15
18 20 2.85002 2.10942e-15
19 20 2.85002 2.10942e-15
20 20 2.85002 2.10942e-15

1 21 2.85002 -1.66533e-15
2 21 2.85002 -1.66533e-15
3 21 2.85002 -1.66533e-15
4 21 2.85002 -1.66533e-15
5 21 2.85002 -1.66533e-15
6 21 2.85002 -1.66533e-15
7 21 2.85002 -1.66533e-15
8 21 2.85002 -1.66533e-15
9 21 2.85002 -1.66533e-15
10 21 2.85002 -1.66533e-15
11 21 2.85002 -1.66533e-15
12 21 2.85002 -1.66533e-15
13 21 2.85002 -1.66533e-15
14 21 2.85002 -1.66533e-15
15 21 2.85002 -1.66533e-15
16 21 2.85002 -1.66533e-15
17 21 2.85002 -1.66533e-15
18 21 2.85002 -1.66533e-15
19 21 2.85002 -1.66533e-15
20 21 2.85002 -1.66533e-15

1 22 2.85002 0
2 22 2.85002 0
3 22 2.85002 0
4 22 2.85002 0
5 22 2.85002 0
6 22 2.85002 0
7 22 2.85002 0
8 22 2.85002 0
9 22 2.85002 0
10 22 2.85002 0
11 22 2.85002 0
12 22 2.85002 0
13 22 2.85002 0
14 22 2.85002 0
15 22 2.85002 0
16 22 2.85002 0
17 22 2.85002 0
18 22 2.85002 0
19 22 2.85002 0
20 22 2.85002 0

1 23 2.85002 -2.22045e-15
2 23 2.85002 -2.22045e-15
3 23 2.85002 -2.22045e-15
4 23 2.85002 -2.22045e-15
5 23 2.85002 -2.22045e-15
6 23 2.85002 -2.22045e-15
7 23 2.85002 -2.22045e-15
8 23 2.85002 -2.22045e-15
9 23 2.85002 -2.22045e-15
10 23 2.85002 -2.22045e-15
11 23 2.85002 -2.22045e-15
12 23 2.85002 -2.22045e-15
13 23 2.85002 -2.22045e-15
14 23 2.85002 -2.22045e-15
15 23 2.85002 -2.22045e-15
16 23 2.85002 -2.22045e-15
17 23 2.85002 -2.22045e-15
18 23 2.85002 -2.22045e-15
19 23 2.85002 -2.22045e-15
20 23 2.85002 -2.22045e-15

1 24 2.85002 -2.33147e-15
2 24 2.85002 -2.33147e-15
3 24 2.85002 -2.33147e-15
4 24 2.85002 -2.33147e-15
5 24 2.85002 -2.33147e-15
6 24 2.85002 -2.33147e-15
7 24 2.85002 -2.33147e-15
8 24 2.85002 -2.33147e-15
9 24 2.85002 -2.33147e-15
10 24 2.85002 -2.33147e-15
11 24 2.85002 -2.33147e-15
12 24 2.85002 -2.33147e-15
13 24 2.85002 -2.33147e-15
14 24 2.85002 -2.33147e-15
15 24 2.85002 -2.33147e-15
16 24 2.85002 -2.33147e-15
17 24 2.85002 -2.33147e-15
18 24 2.85002 -2.33147e-15
19 24 2.85002 -2.33147e-15
20 24 2.85002 -2.33147e-15

1 25 2.85002 -5.55112e-16
2 25 2.85002 -5.55112e-16
3 25 2.85002 -5.55112e-16
4 25 2.85002 -5.55112e-16
5 25 2.85002 -5.55112e-16
6 25 2.85002 -5.55112e-16
7 25 2.85002 -5.55112e-16
8 25 2.85002 -5.55112e-16
9 25 2.85002 -5.55112e-16
10 25 2.85002 -5.55112e-16
11 25 2.85002 -5.55112e-16
12 25 2.85002 -5.55112e-16
13 25 2.85002 -5.55112e-16
14 25 2.85002 -5.55112e-16
15 25 2.85002 -5.55112e-16
16 25 2.85002 -5.55112e-16
17 25 2.85002 -5.55112e-16
18 25 2.85002 -5.55112e-16
19 25 2.85002 -5.55112e-16
20 25 2.85002 -5.55112e-16

1 26 2.85002 -1.11022e-16
2 26 2.85002 -1.11022e-16
3 26 2.85002 -1.11022e-16
4 26 2.85002 -1.11022e-16
5 26 2.85002 -1.11022e-16
6 26 2.85002 -1.11022e-16
7 26 2.85002 -1.11022e-16
8 26 2.85002 -1.11022e-16
9 26 2.85002 -1.11022e-16
10 26 2.85002 -1.11022e-16
11 26 2.85002 -1.11022e-16
12 26 2.85002 -1.11022e-16
13 26 2.85002 -1.11022e-16
14 26 2.85002 -1.11022e-16
15 26 2.85002 -1.11022e-16
16 26 2.85002 -1.11022e-16
17 26 2.85002 -1.11022e-16
18 26 2.85002 -1.11022e-16
19 26 2.85002 -1.11022e-16
20 26 2.85002 -1.11022e-16

1 27 2.85002 1.33227e-15
2 27 2.85002 1.33227e-15
3 27 2.85002 1.33227e-15
4 27 2.85002 1.33227e-15
5 27 2.85002 1.33227e-15
6 27 2.85002 1.33227e-15
7 27 2.85002 1.33227e-15
8 27 2.85002 1.33227e-15
9 27 2.85002 1.33227e-15
10 27 2.85002 1.33227e-15
11 27 2.85002 1.33227e-15
12 27 2.85002 1.33227e-15
13 27 2.85002 1.33227e-15
14 27 2.85002 1.33227e-15
15 27 2.85002 1.33227e-15
16 27 2.85002 1.33227e-15
17 27 2.85002 1.33227e-15
18 27 2.85002 1.33227e-15
19 27 2.85002 1.33227e-15
20 27 2.85002 1.33227e-15

1 28 2.85002 -5.55112e-16
2 28 2.85002 -5.55112e-16
3 28 2.85002 -5.55112e-16
4 28 2.85002 -5.55112e-16
5 28 2.85002 -5.55112e-16
6 28 2.85002 -5.55112e-16
7 28 2.85002 -5.55112e-16
8 28 2.85002 -5.55112e-16
9 28 2.85002 -5.55112e-16
10 28 2.85002 -5.55112e-16
11 28 2.85002 -5.55112e-16
12 28 2.85002 -5.55112e-16
13 28 2.85002 -5.55112e-16
14 28 2.85002 -5.55112e-16
15 28 2.85002 -5.55112e-16
16 28 2.85002 -5.55112e-16
17 28 2.85002 -5.55112e-16
18 28 2.85002 -5.55112e-16
19 28 2.85002 -5.55112e-16
20 28 2.85002 -5.55112e-16

1 29 2.85002 1.33227e-15
2 29 2.85002 1.33227e-15
3 29 2.85002 1.33227e-15
4 29 2.85002 1.33227e-15
5 29 2.85002 1.33227e-15
6 29 2.85002 1.33227e-15
7 29 2.85002 1.33227e-15
8 29 2.85002 1.33227e-15
9 29 2.85002 1.33227e-15
10 29 2.85002 1.33227e-15
11 29 2.85002 1.33227e-15
12 29 2.85002 1.33227e-15
13 29 2.85002 1.33227e-15
14 29 2.85002 1.33227e-15
15 29 2.85002 1.33227e-15
16 29 2.85002 1.33227e-15
17 29 2.85002 1.33227e-15
18 29 2.85002 1.33227e-15
19 29 2.85002 1.33227e-15
20 29 2.85002 1.33227e-15

1 30 2.85002 1.22125e-15
2 30 2.85002 1.22125e-15
3 30 2.85002 1.22125e-15
4 30 2.85002 1.22125e-15
5 30 2.85002 1.22125e-15
6 30 2.85002 1.22125e-15
7 30 2.85002 1.22125e-15
8 30 2.85002 1.22125e-15
9 30 2.85002 1.22125e-15
10 30 2.85002 1.22125e-15
11 30 2.85002 1.22125e-15
12 30 2.85002 1.22125e-15
13 30 2.85002 1.22125e-15
14 30 2.85002 1.22125e-15
15 30 2.85002 1.22125e-15
16 30 2.85002 1.22125e-15
17 30 2.85002 1.22125e-15
18 30 2.85002 1.22125e-15
19 30 2.85002 1.22125e-15
20 30 2.85002 1.22125e-15

1 31 2.85002 3.66374e-15
2 31 2.85002 3.66374e-15
3 31 2.85002 3.66374e-15
4 31 2.85002 3.66374e-15
5 31 2.85002 3.66374e-15
6 31 2.85002 3.66374e-15
7 31 2.85002 3.66374e-15
8 31 2.85002 3.66374e-15
9 31 2.85002 3.66374e-15
10 31 2.85002 3.66374e-15
11 31 2.85002 3.66374e-15
12 31 2.85002 3.66374e-15
13 31 2.85002 3.66374e-15
14 31 2.85002 3.66374e-15
15 31 2.85002 3.66374e-15
16 31 2.85002 3.66374e-15
17 31 2.85002 3.66374e-15
18 31 2.85002 3.66374e-15
19 31 2.85002 3.66374e-15
20 31 2.85002 3.66374e-15

1 32 2.85002 2.33147e-15
2 32 2.85002 2.33147e-15
3 32 2.85002 2.33147e-15
4 32 2.85002 2.33147e-15
5 32 2.85002 2.33147e-15
6 32 2.85002 2.33147e-15
7 32 2.85002 2.33147e-15
8 32 2.85002 2.33147e-15
9 32 2.85002 2.33147e-15
10 32 2.85002 2.33147e-15
11 32 2.85002 2.33147e-15
12 32 2.85002 2.33147e-15
13 32 2.85002 2.33147e-15
14 32 2.85002 2.33147e-15
15 32 2.85002 2.33147e-15
16 32 2.85002 2.33147e-15
17 32 2.85002 2.33147e-15
18 32 2.85002 2.33147e-15
19 32 2.85002 2.33147e-15
20 32 2.85002 2.33147e-15

1 33 2.85002 4.996e-15
2 33 2.85002 4.996e-15
3 33 2.85002 4.996e-15
4 33 2.85002 4.996e-15
5 33 2.85002 4.996e-15
6 33 2.85002 4.996e-15
7 33 2.85002 4.996e-15
8 33 2.85002 4.996e-15
9 33 2.85002 4.996e-15
10 33 2.85002 4.996e-15
11 33 2.85002 4.996e-15
12 33 2.85002 4.996e-15
13 33 2.85002 4.996e-15
14 33 2.85002 4.996e-15
15 33 2.85002 4.996e-15
16 33 2.85002 4.996e-15
17 33 2.85002 4.996e-15
18 33 2.85002 4.996e-15
19 33 2.85002 4.996e-15
20 33 2.85002 4.996e-15

1 34 2.85002 3.10862e-15
2 34 2.85002 3.10862e-15
3 34 2.85002 3.10862e-15
4 34 2.85002 3.10862e-15
5 34 2.85002 3.10862e-15
6 34 2.85002 3.10862e-15
7 34 2.85002 3.10862e-15
8 34 2.85002 3.10862e-15
9 34 2.85002 3.10862e-15
10 34 2.85002 3.10862e-15
11 34 2.85002 3.10862e-15
12 34 2.85002 3.10862e-15
13 34 2.85002 3.10862e-15
14 34 2.85002 3.10862e-15
15 34 2.85002 3.10862e-15
16 34 2.85002 3.10862e-15
17 34 2.85002 3.10862e-15
18 34 2.85002 3.10862e-15
19 34 2.85002 3.10862e-15
20 34 2.85002 3.10862e-15

1 35 2.85002 5.21805e-15
2 35 2.85002 5.21805e-15
3 35 2.85002 5.21805e-15
4 35 2.85002 5.21805e-15
5 35 2.85002 5.21805e-15
6 35 2.85002 5.21805e-15
7 35 2.85002 5.21805e-15
8 35 2.85002 5.21805e-15
9 35 2.85002 5.21805e-15
10 35 2.85002 5.21805e-15
11 35 2.85002 5.21805e-15
12 35 2.85002 5.21805e-15
13 35 2.85002 5.21805e-15
14 35 2.85002 5.21805e-15
15 35 2.85002 5.21805e-15
16 35 2.85002 5.21805e-15
17 35 2.85002 5.21805e-15
18 35 2.85002 5.21805e-15
19 35 2.85002 5.21805e-15
20 35 2.85002 5.21805e-15

1 36 2.85002 -6.66134e-16
2 36 2.85002 -6.66134e-16
3 36 2.85002 -6.66134e-16
4 36 2.85002 -6.66134e-16
5 36 2.85002 -6.66134e-16
6 36 2.85002 -6.66134e-16
7 36 2.85002 -6.66134e-16
8 36 2.85002 -6.66134e-16
9 36 2.85002 -6.66134e-16
10 36 2.85002 -6.66134e-16
11 36 2.85002 -6.66134e-16
12 36 2.85002 -6.66134e-16
13 36 2.85002 -6.66134e-16
14 36 2.85002 -6.66134e-16
15 36 2.85002 -6.66134e-16
16 36 2.85002 -6.66134e-16
17 36 2.85002 -6.66134e-16
18 36 2.85002 -6.66134e-16
19 36 2.85002 -6.66134e-16
20 36 2.85002 -6.66134e-16

1 37 2.85002 4.44089e-16
2 37 2.85002 4.44089e-16
3 37 2.85002 4.44089e-16
4 37 2.85002 4.44089e-16
5 37 2.85002 4.44089e-16
6 37 2.85002 4.44089e-16
7 37 2.85002 4.44089e-16
8 37 2.85002 4.44089e-16
9 37 2.85002 4.44089e-16
10 37 2.85002 4.44089e-16
11 37 2.85002 4.44089e-16
12 37 2.85002 4.44089e-16
13 37 2.85002 4.44089e-16
14 37 2.85002 4.44089e-16
15 37 2.85002 4.44089e-16
16 37 2.85002 4.44089e-16
17 37 2.85002 4.44089e-16
18 37 2.85002 4.44089e-16
19 37 2.85002 4.44089e-16
20 37 2.85002 4.44089e-16

1 38 2.85002 -2.44249e-15
2 38 2.85002 -2.44249e-15
3 38 2.85002 -2.44249e-15
4 38 2.85002 -2.44249e-15
5 38 2.85002 -2.44249e-15
6 38 2.85002 -2.44249e-15
7 38 2.85002 -2.44249e-15
8 38 2.85002 -2.44249e-15
9 38 2.85002 -2.44249e-15
10 38 2.85002 -2.44249e-15
11 38 2.85002 -2.44249e-15
12 38 2.85002 -2.44249e-15
13 38 2.85002 -2.44249e-15
14 38 2.85002 -2.44249e-15
15 38 2.85002 -2.44249e-15
16 38 2.85002 -2.44249e-15
17 38 2.85002 -2.44249e-15
18 38 2.85002 -2.44249e-15
19 38 2.85002 -2.44249e-15
20 38 2.85002 -2.44249e-15

1 39 2.85002 -4.44089e-16
2 39 2.85002 -4.44089e-16
3 39 2.85002 -4.44089e-16
4 39 2.85002 -4.44089e-16
5 39 2.85002 -4.44089e-16
6 39 2.85002 -4.44089e-16
7 39 2.85002 -4.44089e-16
8 39 2.85002 -4.44089e-16
9 39 2.85002 -4.44089e-16
10 39 2.85002 -4.44089e-16
11 39 2.85002 -4.44089e-16
12 39 2.85002 -4.44089e-16
13 39 2.85002 -4.44089e-16
14 39 2.85002 -4.44089e-16
15 39 2.85002 -4.44089e-16
16 39 2.85002 -4.44089e-16
17 39 2.85002 -4.44089e-16
18 39 2.85002 -4.44089e-16
19 39 2.85002 -4.44089e-16
20 39 2.85002 -4.44089e-16

1 40 2.85002 -1.88738e-15
2 40 2.85002 -1.88738e-15
3 40 2.85002 -1.88738e-15
4 40 2.85002 -1.88738e-15
5 40 2.85002 -1.88738e-15
6 40 2.85002 -1.88738e-15
7 40 2.85002 -1.88738e-15
8 40 2.85002 -1.88738e-15
9 40 2.85002 -1.88738e-15
10 40 2.85002 -1.88738e-15
11 40 2.85002 -1.88738e-15
12 40 2.85002 -1.88738e-15
13 40 2.85002 -1.88738e-15
14 40 2.85002 -1.88738e-15
15 40 2.85002 -1.88738e-15
16 40 2.85002 -1.88738e-15
17 40 2.85002 -1.88738e-15
18 40 2.85002 -1.88738e-15
19 40 2.85002 -1.88738e-15
20 40 2.85002 -1.88738e-15

1 41 2.85002 -5.55112e-16
2 41 2.85002 -5.55112e-16
3 41 2.85002 -5.55112e-16
4 41 2.85002 -5.55112e-16
5 41 2.85002 -5.55112e-16
6 41 2.85002 -5.55112e-16
7 41 2.85002 -5.55112e-16
8 41 2.85002 -5.55112e-16
9 41 2.85002 -5.55112e-16
10 41 2.85002 -5.55112e-16
11 41 2.85002 -5.55112e-16
12 41 2.85002 -5.55112e-16
13 41 2.85002 -5.55112e-16
14 41 2.85002 -5.55112e-16
15 41 2.85002 -5.55112e-16
16 41 2.85002 -5.55112e-16
17 41 2.85002 -5.55112e-16
18 41 2.85002 -5.55112e-16
19 41 2.85002 -5.55112e-16
20 41 2.85002 -5.55112e-16

1 42 2.85002 -2.44249e-15
2 42 2.85002 -2.44249e-15
3 42 2.85002 -2.44249e-15
4 42 2.85002 -2.44249e-15
5 42 2.85002 -2.44249e-15
6 42 2.85002 -2.44249e-15
7 42 2.85002 -2.44249e-15
8 42 2.85002 -2.44249e-15
9 42 2.85002 -2.44249e-15
10 42 2.85002 -2.44249e-15
11 42 2.85002 -2.44249e-15
12 42 2.85002 -2.44249e-15
13 42 2.85002 -2.44249e-15
14 42 2.85002 -2.44249e-15
15 42 2.85002 -2.44249e-15
16 42 2.85002 -2.44249e-15
17 42 2.85002 -2.44249e-15
18 42 2.85002 -2.44249e-15
19 42 2.85002 -2.44249e-15
20 42 2.85002 -2.44249e-15

1 43 2.85002 -2.10942e-15
2 43 2.85002 -2.10942e-15
3 43 2.85002 -2.10942e-15
4 43 2.85002 -2.10942e-15
5 43 2.85002 -2.10942e-15
6 43 2.85002 -2.10942e-15
7 43 2.85002 -2.10942e-15
8 43 2.85002 -2.10942e-15
9 43 2.85002 -2.10942e-15
10 43 2.85002 -2.10942e-15
11 43 2.85002 -2.10942e-15
12 43 2.85002 -2.10942e-15
13 43 2.85002 -2.10942e-15
14 43 2.85002 -2.10942e-15
15 43 2.85002 -2.10942e-15
16 43 2.85002 -2.10942e-15
17 43 2.85002 -2.10942e-15
18 43 2.85002 -2.10942e-15
19 43 2.85002 -2.10942e-15
20 43 2.85002 -2.10942e-15

1 44 2.85002 1.66533e-15
2 44 2.85002 1.66533e-15
3 44 2.85002 1.66533e-15
4 44 2.85002 1.66533e-15
5 44 2.85002 1.66533e-15
6 44 2.85002 1.66533e-15
7 44 2.85002 1.66533e-15
8 44 2.85002 1.66533e-15
9 44 2.85002 1.66533e-15
10 44 2.85002 1.66533e-15
11 44 2.85002 1.66533e-15
12 44 2.85002 1.66533e-15
13 44 2.85002 1.66533e-15
14 44 2.85002 1.66533e-15
15 44 2.85002 1.66533e-15
16 44 2.85002 1.66533e-15
17 44 2.85002 1.66533e-15
18 44 2.85002 1.66533e-15
19 44 2.85002 1.66533e-15
20 44 2.85002 1.66533e-15

1 45 2.85002 1.9984e-15
2 45 2.85002 1.9984e-15
3 45 2.85002 1.9984e-15
4 45 2.85002 1.9984e-15
5 45 2.85002 1.9984e-15
6 45 2.85002 1.9984e-15
7 45 2.85002 1.9984e-15
8 45 2.85002 1.9984e-15
9 45 2.85002 1.9984e-15
10 45 2.85002 1.9984e-15
11 45 2.85002 1.9984e-15
12 45 2.85002 1.9984e-15
13 45 2.85002 1.9984e-15
14 45 2.85002 1.9984e-15
15 45 2.85002 1.9984e-15
16 45 2.85002 1.9984e-15
17 45 2.85002 1.9984e-15
18 45 2.85002 1.9984e-15
19 45 2.85002 1.9984e-15
20 45 2.85002 1.9984e-15

1 46 2.85002 3.55271e-15
2 46 2.85002 3.55271e-15
3 46 2.85002 3.55271e-15
4 46 2.85002 3.55271e-15
5 46 2.85002 3.55271e-15
6 46 2.85002 3.55271e-15
7 46 2.85002 3.55271e-15
8 46 2.85002 3.55271e-15
9 46 2.85002 3.55271e-15
10 46 2.85002 3.55271e-15
11 46 2.85002 3.55271e-15
12 46 2.85002 3.55271e-15
13 46 2.85002 3.55271e-15
14 46 2.85002 3.55271e-15
15 46 2.85002 3.55271e-15
16 46 2.85002 3.55271e-15
17 46 2.85002 3.55271e-15
18 46 2.85002 3.55271e-15
19 46 2.85002 3.55271e-15
20 46 2.85002 3.55271e-15

1 47 2.85002 2.22045e-16
2 47 2.85002 2.22045e-16
3 47 2.85002 2.22045e-16
4 47 2.85002 2.22045e-16
5 47 2.85002 2.22045e-16
6 47 2.85002 2.22045e-16
7 47 2.85002 2.22045e-16
8 47 2.85002 2.22045e-16
9 47 2.85002 2.22045e-16
10 47 2.85002 2.22045e-16
11 47 2.85002 2.22045e-16
12 47 2.85002 2.22045e-16
13 47 2.85002 2.22045e-16
14 47 2.85002 2.22045e-16
15 47 2.85002 2.22045e-16
16 47 2.85002 2.22045e-16
17 47 2.85002 2.22045e-16
18 47 2.85002 2.22045e-16
19 47 2.85002 2.22045e-16
20 47 2.85002 2.22045e-16

1 48 2.85002 8.88178e-16
2 48 2.85002 8.88178e-16
3 48 2.85002 8.88178e-16
4 48 2.85002 8.88178e-16
5 48 2.85002 8.88178e-16
6 48 2.85002 8.88178e-16
7 48 2.85002 8.88178e-16
8 48 2.85002 8.88178e-16
9 48 2.85002 8.88178e-16
10 48 2.85002 8.88178e-16
11 48 2.85002 8.88178e-16
12 48 2.85002 8.88178e-16
13 48 2.85002 8.88178e-16
14 48 2.85002 8.88178e-16
15 48 2.85002 8.88178e-16
16 48 2.85002 8.88178e-16
17 48 2.85002 8.88178e-16
18 48 2.85002 8.88178e-16
19 48 2.85002 8.88178e-16
20 48 2.85002 8.88178e-16

1 49 2.85002 0
2 49 2.85002 0
3 49 2.85002 0
4 49 2.85002 0
5 49 2.85002 0
6 49 2.85002 0
7 49 2.85002 0
8 49 2.85002 0
9 49 2.85002 0
10 49 2.85002 0
11 49 2.85002 0
12 49 2.85002 0
13 49 2.85002 0
14 49 2.85002 0
15 49 2.85002 0
16 49 2.85002 0
17 49 2.85002 0
18 49 2.85002 0
19 49 2.85002 0
20 49 2.85002 0

1 50 2.85002 2.44249e-15
2 50 2.85002 2.44249e-15
3 50 2.85002 2.44249e-15
4 50 2.85002 2.44249e-15
5 50 2.85002 2.44249e-15
6 50 2.85002 2.44249e-15
7 50 2.85002 2.44249e-15
8 50 2.85002 2.44249e-15
9 50 2.85002 2.44249e-15
10 50 2.85002 2.44249e-15
11 50 2.85002 2.44249e-15
12 50 2.85002 2.44249e-15
13 50 2.85002 2.44249e-15
14 50 2.85002 2.44249e-15
15 50 2.85002 2.44249e-15
16 50 2.85002 2.44249e-15
17 50 2.85002 2.44249e-15
18 50 2.85002 2.44249e-15
19 50 2.85002 2.44249e-15
20 50 2.85002 2.44249e-15

