1 1 2.02502 2.77556e-14
2 1 2.02502 2.77556e-14
3 1 2.02502 2.77556e-14
4 1 2.02502 2.77556e-14
5 1 2.02502 2.77556e-14
6 1 2.02502 2.77556e-14
7 1 2.02502 2.77556e-14
8 1 2.02502 2.77556e-14
9 1 2.02502 2.77556e-14
10 1 2.02502 2.77556e-14
11 1 2.02502 2.77556e-14
12 1 2.02502 2.77556e-14
13 1 2.02502 2.77556e-14
14 1 2.02502 2.77556e-14
15 1 2.02502 2.77556e-14
16 1 2.02502 2.77556e-14
17 1 2.02502 2.77556e-14
18 1 2.02502 2.77556e-14
19 1 2.02502 2.77556e-14
20 1 2.02502 2.77556e-14

1 2 2.02502 -3.80806e-14
2 2 2.02502 -3.80806e-14
3 2 2.02502 -3.80806e-14
4 2 2.02502 -3.80806e-14
5 2 2.02502 -3.80806e-14
6 2 2.02502 -3.80806e-14
7 2 2.02502 -3.80806e-14
8 2 2.02502 -3.80806e-14
9 2 2.02502 -3.80806e-14
10 2 2.02502 -3.80806e-14
11 2 2.02502 -3.80806e-14
12 2 2.02502 -3.80806e-14
13 2 2.02502 -3.80806e-14
14 2 2.02502 -3.80806e-14
15 2 2.02502 -3.80806e-14
16 2 2.02502 -3.80806e-14
17 2 2.02502 -3.80806e-14
18 2 2.02502 -3.80806e-14
19 2 2.02502 -3.80806e-14
20 2 2.02502 -3.80806e-14

1 3 2.02502 2.52021e-14
2 3 2.02502 2.52021e-14
3 3 2.02502 2.52021e-14
4 3 2.02502 2.52021e-14
5 3 2.02502 2.52021e-14
6 3 2.02502 2.52021e-14
7 3 2.02502 2.52021e-14
8 3 2.02502 2.52021e-14
9 3 2.02502 2.52021e-14
10 3 2.02502 2.52021e-14
11 3 2.02502 2.52021e-14
12 3 2.02502 2.52021e-14
13 3 2.02502 2.52021e-14
14 3 2.02502 2.52021e-14
15 3 2.02502 2.52021e-14
16 3 2.02502 2.52021e-14
17 3 2.02502 2.52021e-14
18 3 2.02502 2.52021e-14
19 3 2.02502 2.52021e-14
20 3 2.02502 2.52021e-14

1 4 2.02502 -3.93019e-14
2 4 2.02502 -3.93019e-14
3 4 2.02502 -3.93019e-14
4 4 2.02502 -3.93019e-14
5 4 2.02502 -3.93019e-14
6 4 2.02502 -3.93019e-14
7 4 2.02502 -3.93019e-14
8 4 2.02502 -3.93019e-14
9 4 2.02502 -3.93019e-14
10 4 2.02502 -3.93019e-14
11 4 2.02502 -3.93019e-14
12 4 2.02502 -3.93019e-14
13 4 2.02502 -3.93019e-14
14 4 2.02502 -3.93019e-14
15 4 2.02502 -3.93019e-14
16 4 2.02502 -3.93019e-14
17 4 2.02502 -3.93019e-14
18 4 2.02502 -3.93019e-14
19 4 2.02502 -3.93019e-14
20 4 2.02502 -3.93019e-14

1 5 2.02502 2.5091e-14
2 5 2.02502 2.5091e-14
3 5 2.02502 2.5091e-14
4 5 2.02502 2.5091e-14
5 5 2.02502 2.5091e-14
6 5 2.02502 2.5091e-14
7 5 2.02502 2.5091e-14
8 5 2.02502 2.5091e-14
9 5 2.02502 2.5091e-14
10 5 2.02502 2.5091e-14
11 5 2.02502 2.5091e-14
12 5 2.02502 2.5091e-14
13 5 2.02502 2.5091e-14
14 5 2.02502 2.5091e-14
15 5 2.02502 2.5091e-14
16 5 2.02502 2.5091e-14
17 5 2.02502 2.5091e-14
18 5 2.02502 2.5091e-14
19 5 2.02502 2.5091e-14
20 5 2.02502 2.5091e-14

1 6 2.02502 -3.91909e-14
2 6 2.02502 -3.91909e-14
3 6 2.02502 -3.91909e-14
4 6 2.02502 -3.91909e-14
5 6 2.02502 -3.91909e-14
6 6 2.02502 -3.91909e-14
7 6 2.02502 -3.91909e-14
8 6 2.02502 -3.91909e-14
9 6 2.02502 -3.91909e-14
10 6 2.02502 -3.91909e-14
11 6 2.02502 -3.91909e-14
12 6 2.02502 -3.91909e-14
13 6 2.02502 -3.91909e-14
14 6 2.02502 -3.91909e-14
15 6 2.02502 -3.91909e-14
16 6 2.02502 -3.91909e-14
17 6 2.02502 -3.91909e-14
18 6 2.02502 -3.91909e-14
19 6 2.02502 -3.91909e-14
20 6 2.02502 -3.91909e-14

1 7 2.02502 2.56462e-14
2 7 2.02502 2.56462e-14
3 7 2.02502 2.56462e-14
4 7 2.02502 2.56462e-14
5 7 2.02502 2.56462e-14
6 7 2.02502 2.56462e-14
7 7 2.02502 2.56462e-14
8 7 2.02502 2.56462e-14
9 7 2.02502 2.56462e-14
10 7 2.02502 2.56462e-14
11 7 2.02502 2.56462e-14
12 7 2.02502 2.56462e-14
13 7 2.02502 2.56462e-14
14 7 2.02502 2.56462e-14
15 7 2.02502 2.56462e-14
16 7 2.02502 2.56462e-14
17 7 2.02502 2.56462e-14
18 7 2.02502 2.56462e-14
19 7 2.02502 2.56462e-14
20 7 2.02502 2.56462e-14

1 8 2.02502 -3.9857e-14
2 8 2.02502 -3.9857e-14
3 8 2.02502 -3.9857e-14
4 8 2.02502 -3.9857e-14
5 8 2.02502 -3.9857e-14
6 8 2.02502 -3.9857e-14
7 8 2.02502 -3.9857e-14
8 8 2.02502 -3.9857e-14
9 8 2.02502 -3.9857e-14
10 8 2.02502 -3.9857e-14
11 8 2.02502 -3.9857e-14
12 8 2.02502 -3.9857e-14
13 8 2.02502 -3.9857e-14
14 8 2.02502 -3.9857e-14
15 8 2.02502 -3.9857e-14
16 8 2.02502 -3.9857e-14
17 8 2.02502 -3.9857e-14
18 8 2.02502 -3.9857e-14
19 8 2.02502 -3.9857e-14
20 8 2.02502 -3.9857e-14

1 9 2.02502 2.55351e-14
2 9 2.02502 2.55351e-14
3 9 2.02502 2.55351e-14
4 9 2.02502 2.55351e-14
5 9 2.02502 2.55351e-14
6 9 2.02502 2.55351e-14
7 9 2.02502 2.55351e-14
8 9 2.02502 2.55351e-14
9 9 2.02502 2.55351e-14
10 9 2.02502 2.55351e-14
11 9 2.02502 2.55351e-14
12 9 2.02502 2.55351e-14
13 9 2.02502 2.55351e-14
14 9 2.02502 2.55351e-14
15 9 2.02502 2.55351e-14
16 9 2.02502 2.55351e-14
17 9 2.02502 2.55351e-14
18 9 2.02502 2.55351e-14
19 9 2.02502 2.55351e-14
20 9 2.02502 2.55351e-14

1 10 2.02502 -4.16334e-14
2 10 2.02502 -4.16334e-14
3 10 2.02502 -4.16334e-14
4 10 2.02502 -4.16334e-14
5 10 2.02502 -4.16334e-14
6 10 2.02502 -4.16334e-14
7 10 2.02502 -4.16334e-14
8 10 2.02502 -4.16334e-14
9 10 2.02502 -4.16334e-14
10 10 2.02502 -4.16334e-14
11 10 2.02502 -4.16334e-14
12 10 2.02502 -4.16334e-14
13 10 2.02502 -4.16334e-14
14 10 2.02502 -4.16334e-14
15 10 2.02502 -4.16334e-14
16 10 2.02502 -4.16334e-14
17 10 2.02502 -4.16334e-14
18 10 2.02502 -4.16334e-14
19 10 2.02502 -4.16334e-14
20 10 2.02502 -4.16334e-14

1 11 2.02502 2.59792e-14
2 11 2.02502 2.59792e-14
3 11 2.02502 2.59792e-14
4 11 2.02502 2.59792e-14
5 11 2.02502 2.59792e-14
6 11 2.02502 2.59792e-14
7 11 2.02502 2.59792e-14
8 11 2.02502 2.59792e-14
9 11 2.02502 2.59792e-14
10 11 2.02502 2.59792e-14
11 11 2.02502 2.59792e-14
12 11 2.02502 2.59792e-14
13 11 2.02502 2.59792e-14
14 11 2.02502 2.59792e-14
15 11 2.02502 2.59792e-14
16 11 2.02502 2.59792e-14
17 11 2.02502 2.59792e-14
18 11 2.02502 2.59792e-14
19 11 2.02502 2.59792e-14
20 11 2.02502 2.59792e-14

1 12 2.02502 -4.03011e-14
2 12 2.02502 -4.03011e-14
3 12 2.02502 -4.03011e-14
4 12 2.02502 -4.03011e-14
5 12 2.02502 -4.03011e-14
6 12 2.02502 -4.03011e-14
7 12 2.02502 -4.03011e-14
8 12 2.02502 -4.03011e-14
9 12 2.02502 -4.03011e-14
10 12 2.02502 -4.03011e-14
11 12 2.02502 -4.03011e-14
12 12 2.02502 -4.03011e-14
13 12 2.02502 -4.03011e-14
14 12 2.02502 -4.03011e-14
15 12 2.02502 -4.03011e-14
16 12 2.02502 -4.03011e-14
17 12 2.02502 -4.03011e-14
18 12 2.02502 -4.03011e-14
19 12 2.02502 -4.03011e-14
20 12 2.02502 -4.03011e-14

1 13 2.02502 2.72005e-14
2 13 2.02502 2.72005e-14
3 13 2.02502 2.72005e-14
4 13 2.02502 2.72005e-14
5 13 2.02502 2.72005e-14
6 13 2.02502 2.72005e-14
7 13 2.02502 2.72005e-14
8 13 2.02502 2.72005e-14
9 13 2.02502 2.72005e-14
10 13 2.02502 2.72005e-14
11 13 2.02502 2.72005e-14
12 13 2.02502 2.72005e-14
13 13 2.02502 2.72005e-14
14 13 2.02502 2.72005e-14
15 13 2.02502 2.72005e-14
16 13 2.02502 2.72005e-14
17 13 2.02502 2.72005e-14
18 13 2.02502 2.72005e-14
19 13 2.02502 2.72005e-14
20 13 2.02502 2.72005e-14

1 14 2.02502 -3.90799e-14
2 14 2.02502 -3.90799e-14
3 14 2.02502 -3.90799e-14
4 14 2.02502 -3.90799e-14
5 14 2.02502 -3.90799e-14
6 14 2.02502 -3.90799e-14
7 14 2.02502 -3.90799e-14
8 14 2.02502 -3.90799e-14
9 14 2.02502 -3.90799e-14
10 14 2.02502 -3.90799e-14
11 14 2.02502 -3.90799e-14
12 14 2.02502 -3.90799e-14
13 14 2.02502 -3.90799e-14
14 14 2.02502 -3.90799e-14
15 14 2.02502 -3.90799e-14
16 14 2.02502 -3.90799e-14
17 14 2.02502 -3.90799e-14
18 14 2.02502 -3.90799e-14
19 14 2.02502 -3.90799e-14
20 14 2.02502 -3.90799e-14

1 15 2.02502 2.90878e-14
2 15 2.02502 2.90878e-14
3 15 2.02502 2.90878e-14
4 15 2.02502 2.90878e-14
5 15 2.02502 2.90878e-14
6 15 2.02502 2.90878e-14
7 15 2.02502 2.90878e-14
8 15 2.02502 2.90878e-14
9 15 2.02502 2.90878e-14
10 15 2.02502 2.90878e-14
11 15 2.02502 2.90878e-14
12 15 2.02502 2.90878e-14
13 15 2.02502 2.90878e-14
14 15 2.02502 2.90878e-14
15 15 2.02502 2.90878e-14
16 15 2.02502 2.90878e-14
17 15 2.02502 2.90878e-14
18 15 2.02502 2.90878e-14
19 15 2.02502 2.90878e-14
20 15 2.02502 2.90878e-14

1 16 2.02502 -3.80806e-14
2 16 2.02502 -3.80806e-14
3 16 2.02502 -3.80806e-14
4 16 2.02502 -3.80806e-14
5 16 2.02502 -3.80806e-14
6 16 2.02502 -3.80806e-14
7 16 2.02502 -3.80806e-14
8 16 2.02502 -3.80806e-14
9 16 2.02502 -3.80806e-14
10 16 2.02502 -3.80806e-14
11 16 2.02502 -3.80806e-14
12 16 2.02502 -3.80806e-14
13 16 2.02502 -3.80806e-14
14 16 2.02502 -3.80806e-14
15 16 2.02502 -3.80806e-14
16 16 2.02502 -3.80806e-14
17 16 2.02502 -3.80806e-14
18 16 2.02502 -3.80806e-14
19 16 2.02502 -3.80806e-14
20 16 2.02502 -3.80806e-14

1 17 2.02502 2.9976e-14
2 17 2.02502 2.9976e-14
3 17 2.02502 2.9976e-14
4 17 2.02502 2.9976e-14
5 17 2.02502 2.9976e-14
6 17 2.02502 2.9976e-14
7 17 2.02502 2.9976e-14
8 17 2.02502 2.9976e-14
9 17 2.02502 2.9976e-14
10 17 2.02502 2.9976e-14
11 17 2.02502 2.9976e-14
12 17 2.02502 2.9976e-14
13 17 2.02502 2.9976e-14
14 17 2.02502 2.9976e-14
15 17 2.02502 2.9976e-14
16 17 2.02502 2.9976e-14
17 17 2.02502 2.9976e-14
18 17 2.02502 2.9976e-14
19 17 2.02502 2.9976e-14
20 17 2.02502 2.9976e-14

1 18 2.02502 -3.76366e-14
2 18 2.02502 -3.76366e-14
3 18 2.02502 -3.76366e-14
4 18 2.02502 -3.76366e-14
5 18 2.02502 -3.76366e-14
6 18 2.02502 -3.76366e-14
7 18 2.02502 -3.76366e-14
8 18 2.02502 -3.76366e-14
9 18 2.02502 -3.76366e-14
10 18 2.02502 -3.76366e-14
11 18 2.02502 -3.76366e-14
12 18 2.02502 -3.76366e-14
13 18 2.02502 -3.76366e-14
14 18 2.02502 -3.76366e-14
15 18 2.02502 -3.76366e-14
16 18 2.02502 -3.76366e-14
17 18 2.02502 -3.76366e-14
18 18 2.02502 -3.76366e-14
19 18 2.02502 -3.76366e-14
20 18 2.02502 -3.76366e-14

1 19 2.02502 3.07532e-14
2 19 2.02502 3.07532e-14
3 19 2.02502 3.07532e-14
4 19 2.02502 3.07532e-14
5 19 2.02502 3.07532e-14
6 19 2.02502 3.07532e-14
7 19 2.02502 3.07532e-14
8 19 2.02502 3.07532e-14
9 19 2.02502 3.07532e-14
10 19 2.02502 3.07532e-14
11 19 2.02502 3.07532e-14
12 19 2.02502 3.07532e-14
13 19 2.02502 3.07532e-14
14 19 2.02502 3.07532e-14
15 19 2.02502 3.07532e-14
16 19 2.02502 3.07532e-14
17 19 2.02502 3.07532e-14
18 19 2.02502 3.07532e-14
19 19 2.02502 3.07532e-14
20 19 2.02502 3.07532e-14

1 20 2.02502 -3.89688e-14
2 20 2.02502 -3.89688e-14
3 20 2.02502 -3.89688e-14
4 20 2.02502 -3.89688e-14
5 20 2.02502 -3.89688e-14
6 20 2.02502 -3.89688e-14
7 20 2.02502 -3.89688e-14
8 20 2.02502 -3.89688e-14
9 20 2.02502 -3.89688e-14
10 20 2.02502 -3.89688e-14
11 20 2.02502 -3.89688e-14
12 20 2.02502 -3.89688e-14
13 20 2.02502 -3.89688e-14
14 20 2.02502 -3.89688e-14
15 20 2.02502 -3.89688e-14
16 20 2.02502 -3.89688e-14
17 20 2.02502 -3.89688e-14
18 20 2.02502 -3.89688e-14
19 20 2.02502 -3.89688e-14
20 20 2.02502 -3.89688e-14

1 21 2.02502 2.86438e-14
2 21 2.02502 2.86438e-14
3 21 2.02502 2.86438e-14
4 21 2.02502 2.86438e-14
5 21 2.02502 2.86438e-14
6 21 2.02502 2.86438e-14
7 21 2.02502 2.86438e-14
8 21 2.02502 2.86438e-14
9 21 2.02502 2.86438e-14
10 21 2.02502 2.86438e-14
11 21 2.02502 2.86438e-14
12 21 2.02502 2.86438e-14
13 21 2.02502 2.86438e-14
14 21 2.02502 2.86438e-14
15 21 2.02502 2.86438e-14
16 21 2.02502 2.86438e-14
17 21 2.02502 2.86438e-14
18 21 2.02502 2.86438e-14
19 21 2.02502 2.86438e-14
20 21 2.02502 2.86438e-14

1 22 2.02502 -3.85247e-14
2 22 2.02502 -3.85247e-14
3 22 2.02502 -3.85247e-14
4 22 2.02502 -3.85247e-14
5 22 2.02502 -3.85247e-14
6 22 2.02502 -3.85247e-14
7 22 2.02502 -3.85247e-14
8 22 2.02502 -3.85247e-14
9 22 2.02502 -3.85247e-14
10 22 2.02502 -3.85247e-14
11 22 2.02502 -3.85247e-14
12 22 2.02502 -3.85247e-14
13 22 2.02502 -3.85247e-14
14 22 2.02502 -3.85247e-14
15 22 2.02502 -3.85247e-14
16 22 2.02502 -3.85247e-14
17 22 2.02502 -3.85247e-14
18 22 2.02502 -3.85247e-14
19 22 2.02502 -3.85247e-14
20 22 2.02502 -3.85247e-14

1 23 2.02502 2.9643e-14
2 23 2.02502 2.9643e-14
3 23 2.02502 2.9643e-14
4 23 2.02502 2.9643e-14
5 23 2.02502 2.9643e-14
6 23 2.02502 2.9643e-14
7 23 2.02502 2.9643e-14
8 23 2.02502 2.9643e-14
9 23 2.02502 2.9643e-14
10 23 2.02502 2.9643e-14
11 23 2.02502 2.9643e-14
12 23 2.02502 2.9643e-14
13 23 2.02502 2.9643e-14
14 23 2.02502 2.9643e-14
15 23 2.02502 2.9643e-14
16 23 2.02502 2.9643e-14
17 23 2.02502 2.9643e-14
18 23 2.02502 2.9643e-14
19 23 2.02502 2.9643e-14
20 23 2.02502 2.9643e-14

1 24 2.02502 -3.77476e-14
2 24 2.02502 -3.77476e-14
3 24 2.02502 -3.77476e-14
4 24 2.02502 -3.77476e-14
5 24 2.02502 -3.77476e-14
6 24 2.02502 -3.77476e-14
7 24 2.02502 -3.77476e-14
8 24 2.02502 -3.77476e-14
9 24 2.02502 -3.77476e-14
10 24 2.02502 -3.77476e-14
11 24 2.02502 -3.77476e-14
12 24 2.02502 -3.77476e-14
13 24 2.02502 -3.77476e-14
14 24 2.02502 -3.77476e-14
15 24 2.02502 -3.77476e-14
16 24 2.02502 -3.77476e-14
17 24 2.02502 -3.77476e-14
18 24 2.02502 -3.77476e-14
19 24 2.02502 -3.77476e-14
20 24 2.02502 -3.77476e-14

1 25 2.02502 2.9643e-14
2 25 2.02502 2.9643e-14
3 25 2.02502 2.9643e-14
4 25 2.02502 2.9643e-14
5 25 2.02502 2.9643e-14
6 25 2.02502 2.9643e-14
7 25 2.02502 2.9643e-14
8 25 2.02502 2.9643e-14
9 25 2.02502 2.9643e-14
10 25 2.02502 2.9643e-14
11 25 2.02502 2.9643e-14
12 25 2.02502 2.9643e-14
13 25 2.02502 2.9643e-14
14 25 2.02502 2.9643e-14
15 25 2.02502 2.9643e-14
16 25 2.02502 2.9643e-14
17 25 2.02502 2.9643e-14
18 25 2.02502 2.9643e-14
19 25 2.02502 2.9643e-14
20 25 2.02502 2.9643e-14

1 26 2.02502 -3.64153e-14
2 26 2.02502 -3.64153e-14
3 26 2.02502 -3.64153e-14
4 26 2.02502 -3.64153e-14
5 26 2.02502 -3.64153e-14
6 26 2.02502 -3.64153e-14
7 26 2.02502 -3.64153e-14
8 26 2.02502 -3.64153e-14
9 26 2.02502 -3.64153e-14
10 26 2.02502 -3.64153e-14
11 26 2.02502 -3.64153e-14
12 26 2.02502 -3.64153e-14
13 26 2.02502 -3.64153e-14
14 26 2.02502 -3.64153e-14
15 26 2.02502 -3.64153e-14
16 26 2.02502 -3.64153e-14
17 26 2.02502 -3.64153e-14
18 26 2.02502 -3.64153e-14
19 26 2.02502 -3.64153e-14
20 26 2.02502 -3.64153e-14

1 27 2.02502 2.93099e-14
2 27 2.02502 2.93099e-14
3 27 2.02502 2.93099e-14
4 27 2.02502 2.93099e-14
5 27 2.02502 2.93099e-14
6 27 2.02502 2.93099e-14
7 27 2.02502 2.93099e-14
8 27 2.02502 2.93099e-14
9 27 2.02502 2.93099e-14
10 27 2.02502 2.93099e-14
11 27 2.02502 2.93099e-14
12 27 2.02502 2.93099e-14
13 27 2.02502 2.93099e-14
14 27 2.02502 2.93099e-14
15 27 2.02502 2.93099e-14
16 27 2.02502 2.93099e-14
17 27 2.02502 2.93099e-14
18 27 2.02502 2.93099e-14
19 27 2.02502 2.93099e-14
20 27 2.02502 2.93099e-14

1 28 2.02502 -3.71925e-14
2 28 2.02502 -3.71925e-14
3 28 2.02502 -3.71925e-14
4 28 2.02502 -3.71925e-14
5 28 2.02502 -3.71925e-14
6 28 2.02502 -3.71925e-14
7 28 2.02502 -3.71925e-14
8 28 2.02502 -3.71925e-14
9 28 2.02502 -3.71925e-14
10 28 2.02502 -3.71925e-14
11 28 2.02502 -3.71925e-14
12 28 2.02502 -3.71925e-14
13 28 2.02502 -3.71925e-14
14 28 2.02502 -3.71925e-14
15 28 2.02502 -3.71925e-14
16 28 2.02502 -3.71925e-14
17 28 2.02502 -3.71925e-14
18 28 2.02502 -3.71925e-14
19 28 2.02502 -3.71925e-14
20 28 2.02502 -3.71925e-14

1 29 2.02502 2.9643e-14
2 29 2.02502 2.9643e-14
3 29 2.02502 2.9643e-14
4 29 2.02502 2.9643e-14
5 29 2.02502 2.9643e-14
6 29 2.02502 2.9643e-14
7 29 2.02502 2.9643e-14
8 29 2.02502 2.9643e-14
9 29 2.02502 2.9643e-14
10 29 2.02502 2.9643e-14
11 29 2.02502 2.9643e-14
12 29 2.02502 2.9643e-14
13 29 2.02502 2.9643e-14
14 29 2.02502 2.9643e-14
15 29 2.02502 2.9643e-14
16 29 2.02502 2.9643e-14
17 29 2.02502 2.9643e-14
18 29 2.02502 2.9643e-14
19 29 2.02502 2.9643e-14
20 29 2.02502 2.9643e-14

1 30 2.02502 -3.80806e-14
2 30 2.02502 -3.80806e-14
3 30 2.02502 -3.80806e-14
4 30 2.02502 -3.80806e-14
5 30 2.02502 -3.80806e-14
6 30 2.02502 -3.80806e-14
7 30 2.02502 -3.80806e-14
8 30 2.02502 -3.80806e-14
9 30 2.02502 -3.80806e-14
10 30 2.02502 -3.80806e-14
11 30 2.02502 -3.80806e-14
12 30 2.02502 -3.80806e-14
13 30 2.02502 -3.80806e-14
14 30 2.02502 -3.80806e-14
15 30 2.02502 -3.80806e-14
16 30 2.02502 -3.80806e-14
17 30 2.02502 -3.80806e-14
18 30 2.02502 -3.80806e-14
19 30 2.02502 -3.80806e-14
20 30 2.02502 -3.80806e-14

1 31 2.02502 2.88658e-14
2 31 2.02502 2.88658e-14
3 31 2.02502 2.88658e-14
4 31 2.02502 2.88658e-14
5 31 2.02502 2.88658e-14
6 31 2.02502 2.88658e-14
7 31 2.02502 2.88658e-14
8 31 2.02502 2.88658e-14
9 31 2.02502 2.88658e-14
10 31 2.02502 2.88658e-14
11 31 2.02502 2.88658e-14
12 31 2.02502 2.88658e-14
13 31 2.02502 2.88658e-14
14 31 2.02502 2.88658e-14
15 31 2.02502 2.88658e-14
16 31 2.02502 2.88658e-14
17 31 2.02502 2.88658e-14
18 31 2.02502 2.88658e-14
19 31 2.02502 2.88658e-14
20 31 2.02502 2.88658e-14

1 32 2.02502 -3.78586e-14
2 32 2.02502 -3.78586e-14
3 32 2.02502 -3.78586e-14
4 32 2.02502 -3.78586e-14
5 32 2.02502 -3.78586e-14
6 32 2.02502 -3.78586e-14
7 32 2.02502 -3.78586e-14
8 32 2.02502 -3.78586e-14
9 32 2.02502 -3.78586e-14
10 32 2.02502 -3.78586e-14
11 32 2.02502 -3.78586e-14
12 32 2.02502 -3.78586e-14
13 32 2.02502 -3.78586e-14
14 32 2.02502 -3.78586e-14
15 32 2.02502 -3.78586e-14
16 32 2.02502 -3.78586e-14
17 32 2.02502 -3.78586e-14
18 32 2.02502 -3.78586e-14
19 32 2.02502 -3.78586e-14
20 32 2.02502 -3.78586e-14

1 33 2.02502 3.01981e-14
2 33 2.02502 3.01981e-14
3 33 2.02502 3.01981e-14
4 33 2.02502 3.01981e-14
5 33 2.02502 3.01981e-14
6 33 2.02502 3.01981e-14
7 33 2.02502 3.01981e-14
8 33 2.02502 3.01981e-14
9 33 2.02502 3.01981e-14
10 33 2.02502 3.01981e-14
11 33 2.02502 3.01981e-14
12 33 2.02502 3.01981e-14
13 33 2.02502 3.01981e-14
14 33 2.02502 3.01981e-14
15 33 2.02502 3.01981e-14
16 33 2.02502 3.01981e-14
17 33 2.02502 3.01981e-14
18 33 2.02502 3.01981e-14
19 33 2.02502 3.01981e-14
20 33 2.02502 3.01981e-14

1 34 2.02502 -3.67484e-14
2 34 2.02502 -3.67484e-14
3 34 2.02502 -3.67484e-14
4 34 2.02502 -3.67484e-14
5 34 2.02502 -3.67484e-14
6 34 2.02502 -3.67484e-14
7 34 2.02502 -3.67484e-14
8 34 2.02502 -3.67484e-14
9 34 2.02502 -3.67484e-14
10 34 2.02502 -3.67484e-14
11 34 2.02502 -3.67484e-14
12 34 2.02502 -3.67484e-14
13 34 2.02502 -3.67484e-14
14 34 2.02502 -3.67484e-14
15 34 2.02502 -3.67484e-14
16 34 2.02502 -3.67484e-14
17 34 2.02502 -3.67484e-14
18 34 2.02502 -3.67484e-14
19 34 2.02502 -3.67484e-14
20 34 2.02502 -3.67484e-14

1 35 2.02502 3.09752e-14
2 35 2.02502 3.09752e-14
3 35 2.02502 3.09752e-14
4 35 2.02502 3.09752e-14
5 35 2.02502 3.09752e-14
6 35 2.02502 3.09752e-14
7 35 2.02502 3.09752e-14
8 35 2.02502 3.09752e-14
9 35 2.02502 3.09752e-14
10 35 2.02502 3.09752e-14
11 35 2.02502 3.09752e-14
12 35 2.02502 3.09752e-14
13 35 2.02502 3.09752e-14
14 35 2.02502 3.09752e-14
15 35 2.02502 3.09752e-14
16 35 2.02502 3.09752e-14
17 35 2.02502 3.09752e-14
18 35 2.02502 3.09752e-14
19 35 2.02502 3.09752e-14
20 35 2.02502 3.09752e-14

1 36 2.02502 -3.65263e-14
2 36 2.02502 -3.65263e-14
3 36 2.02502 -3.65263e-14
4 36 2.02502 -3.65263e-14
5 36 2.02502 -3.65263e-14
6 36 2.02502 -3.65263e-14
7 36 2.02502 -3.65263e-14
8 36 2.02502 -3.65263e-14
9 36 2.02502 -3.65263e-14
10 36 2.02502 -3.65263e-14
11 36 2.02502 -3.65263e-14
12 36 2.02502 -3.65263e-14
13 36 2.02502 -3.65263e-14
14 36 2.02502 -3.65263e-14
15 36 2.02502 -3.65263e-14
16 36 2.02502 -3.65263e-14
17 36 2.02502 -3.65263e-14
18 36 2.02502 -3.65263e-14
19 36 2.02502 -3.65263e-14
20 36 2.02502 -3.65263e-14

1 37 2.02502 3.07532e-14
2 37 2.02502 3.07532e-14
3 37 2.02502 3.07532e-14
4 37 2.02502 3.07532e-14
5 37 2.02502 3.07532e-14
6 37 2.02502 3.07532e-14
7 37 2.02502 3.07532e-14
8 37 2.02502 3.07532e-14
9 37 2.02502 3.07532e-14
10 37 2.02502 3.07532e-14
11 37 2.02502 3.07532e-14
12 37 2.02502 3.07532e-14
13 37 2.02502 3.07532e-14
14 37 2.02502 3.07532e-14
15 37 2.02502 3.07532e-14
16 37 2.02502 3.07532e-14
17 37 2.02502 3.07532e-14
18 37 2.02502 3.07532e-14
19 37 2.02502 3.07532e-14
20 37 2.02502 3.07532e-14

1 38 2.02502 -3.69704e-14
2 38 2.02502 -3.69704e-14
3 38 2.02502 -3.69704e-14
4 38 2.02502 -3.69704e-14
5 38 2.02502 -3.69704e-14
6 38 2.02502 -3.69704e-14
7 38 2.02502 -3.69704e-14
8 38 2.02502 -3.69704e-14
9 38 2.02502 -3.69704e-14
10 38 2.02502 -3.69704e-14
11 38 2.02502 -3.69704e-14
12 38 2.02502 -3.69704e-14
13 38 2.02502 -3.69704e-14
14 38 2.02502 -3.69704e-14
15 38 2.02502 -3.69704e-14
16 38 2.02502 -3.69704e-14
17 38 2.02502 -3.69704e-14
18 38 2.02502 -3.69704e-14
19 38 2.02502 -3.69704e-14
20 38 2.02502 -3.69704e-14

1 39 2.02502 3.0087e-14
2 39 2.02502 3.0087e-14
3 39 2.02502 3.0087e-14
4 39 2.02502 3.0087e-14
5 39 2.02502 3.0087e-14
6 39 2.02502 3.0087e-14
7 39 2.02502 3.0087e-14
8 39 2.02502 3.0087e-14
9 39 2.02502 3.0087e-14
10 39 2.02502 3.0087e-14
11 39 2.02502 3.0087e-14
12 39 2.02502 3.0087e-14
13 39 2.02502 3.0087e-14
14 39 2.02502 3.0087e-14
15 39 2.02502 3.0087e-14
16 39 2.02502 3.0087e-14
17 39 2.02502 3.0087e-14
18 39 2.02502 3.0087e-14
19 39 2.02502 3.0087e-14
20 39 2.02502 3.0087e-14

1 40 2.02502 -3.61933e-14
2 40 2.02502 -3.61933e-14
3 40 2.02502 -3.61933e-14
4 40 2.02502 -3.61933e-14
5 40 2.02502 -3.61933e-14
6 40 2.02502 -3.61933e-14
7 40 2.02502 -3.61933e-14
8 40 2.02502 -3.61933e-14
9 40 2.02502 -3.61933e-14
10 40 2.02502 -3.61933e-14
11 40 2.02502 -3.61933e-14
12 40 2.02502 -3.61933e-14
13 40 2.02502 -3.61933e-14
14 40 2.02502 -3.61933e-14
15 40 2.02502 -3.61933e-14
16 40 2.02502 -3.61933e-14
17 40 2.02502 -3.61933e-14
18 40 2.02502 -3.61933e-14
19 40 2.02502 -3.61933e-14
20 40 2.02502 -3.61933e-14

1 41 2.02502 3.08642e-14
2 41 2.02502 3.08642e-14
3 41 2.02502 3.08642e-14
4 41 2.02502 3.08642e-14
5 41 2.02502 3.08642e-14
6 41 2.02502 3.08642e-14
7 41 2.02502 3.08642e-14
8 41 2.02502 3.08642e-14
9 41 2.02502 3.08642e-14
10 41 2.02502 3.08642e-14
11 41 2.02502 3.08642e-14
12 41 2.02502 3.08642e-14
13 41 2.02502 3.08642e-14
14 41 2.02502 3.08642e-14
15 41 2.02502 3.08642e-14
16 41 2.02502 3.08642e-14
17 41 2.02502 3.08642e-14
18 41 2.02502 3.08642e-14
19 41 2.02502 3.08642e-14
20 41 2.02502 3.08642e-14

1 42 2.02502 -3.69704e-14
2 42 2.02502 -3.69704e-14
3 42 2.02502 -3.69704e-14
4 42 2.02502 -3.69704e-14
5 42 2.02502 -3.69704e-14
6 42 2.02502 -3.69704e-14
7 42 2.02502 -3.69704e-14
8 42 2.02502 -3.69704e-14
9 42 2.02502 -3.69704e-14
10 42 2.02502 -3.69704e-14
11 42 2.02502 -3.69704e-14
12 42 2.02502 -3.69704e-14
13 42 2.02502 -3.69704e-14
14 42 2.02502 -3.69704e-14
15 42 2.02502 -3.69704e-14
16 42 2.02502 -3.69704e-14
17 42 2.02502 -3.69704e-14
18 42 2.02502 -3.69704e-14
19 42 2.02502 -3.69704e-14
20 42 2.02502 -3.69704e-14

1 43 2.02502 3.03091e-14
2 43 2.02502 3.03091e-14
3 43 2.02502 3.03091e-14
4 43 2.02502 3.03091e-14
5 43 2.02502 3.03091e-14
6 43 2.02502 3.03091e-14
7 43 2.02502 3.03091e-14
8 43 2.02502 3.03091e-14
9 43 2.02502 3.03091e-14
10 43 2.02502 3.03091e-14
11 43 2.02502 3.03091e-14
12 43 2.02502 3.03091e-14
13 43 2.02502 3.03091e-14
14 43 2.02502 3.03091e-14
15 43 2.02502 3.03091e-14
16 43 2.02502 3.03091e-14
17 43 2.02502 3.03091e-14
18 43 2.02502 3.03091e-14
19 43 2.02502 3.03091e-14
20 43 2.02502 3.03091e-14

1 44 2.02502 -3.56382e-14
2 44 2.02502 -3.56382e-14
3 44 2.02502 -3.56382e-14
4 44 2.02502 -3.56382e-14
5 44 2.02502 -3.56382e-14
6 44 2.02502 -3.56382e-14
7 44 2.02502 -3.56382e-14
8 44 2.02502 -3.56382e-14
9 44 2.02502 -3.56382e-14
10 44 2.02502 -3.56382e-14
11 44 2.02502 -3.56382e-14
12 44 2.02502 -3.56382e-14
13 44 2.02502 -3.56382e-14
14 44 2.02502 -3.56382e-14
15 44 2.02502 -3.56382e-14
16 44 2.02502 -3.56382e-14
17 44 2.02502 -3.56382e-14
18 44 2.02502 -3.56382e-14
19 44 2.02502 -3.56382e-14
20 44 2.02502 -3.56382e-14

1 45 2.02502 2.94209e-14
2 45 2.02502 2.94209e-14
3 45 2.02502 2.94209e-14
4 45 2.02502 2.94209e-14
5 45 2.02502 2.94209e-14
6 45 2.02502 2.94209e-14
7 45 2.02502 2.94209e-14
8 45 2.02502 2.94209e-14
9 45 2.02502 2.94209e-14
10 45 2.02502 2.94209e-14
11 45 2.02502 2.94209e-14
12 45 2.02502 2.94209e-14
13 45 2.02502 2.94209e-14
14 45 2.02502 2.94209e-14
15 45 2.02502 2.94209e-14
16 45 2.02502 2.94209e-14
17 45 2.02502 2.94209e-14
18 45 2.02502 2.94209e-14
19 45 2.02502 2.94209e-14
20 45 2.02502 2.94209e-14

1 46 2.02502 -3.56382e-14
2 46 2.02502 -3.56382e-14
3 46 2.02502 -3.56382e-14
4 46 2.02502 -3.56382e-14
5 46 2.02502 -3.56382e-14
6 46 2.02502 -3.56382e-14
7 46 2.02502 -3.56382e-14
8 46 2.02502 -3.56382e-14
9 46 2.02502 -3.56382e-14
10 46 2.02502 -3.56382e-14
11 46 2.02502 -3.56382e-14
12 46 2.02502 -3.56382e-14
13 46 2.02502 -3.56382e-14
14 46 2.02502 -3.56382e-14
15 46 2.02502 -3.56382e-14
16 46 2.02502 -3.56382e-14
17 46 2.02502 -3.56382e-14
18 46 2.02502 -3.56382e-14
19 46 2.02502 -3.56382e-14
20 46 2.02502 -3.56382e-14

1 47 2.02502 2.95319e-14
2 47 2.02502 2.95319e-14
3 47 2.02502 2.95319e-14
4 47 2.02502 2.95319e-14
5 47 2.02502 2.95319e-14
6 47 2.02502 2.95319e-14
7 47 2.02502 2.95319e-14
8 47 2.02502 2.95319e-14
9 47 2.02502 2.95319e-14
10 47 2.02502 2.95319e-14
11 47 2.02502 2.95319e-14
12 47 2.02502 2.95319e-14
13 47 2.02502 2.95319e-14
14 47 2.02502 2.95319e-14
15 47 2.02502 2.95319e-14
16 47 2.02502 2.95319e-14
17 47 2.02502 2.95319e-14
18 47 2.02502 2.95319e-14
19 47 2.02502 2.95319e-14
20 47 2.02502 2.95319e-14

1 48 2.02502 -3.5083e-14
2 48 2.02502 -3.5083e-14
3 48 2.02502 -3.5083e-14
4 48 2.02502 -3.5083e-14
5 48 2.02502 -3.5083e-14
6 48 2.02502 -3.5083e-14
7 48 2.02502 -3.5083e-14
8 48 2.02502 -3.5083e-14
9 48 2.02502 -3.5083e-14
10 48 2.02502 -3.5083e-14
11 48 2.02502 -3.5083e-14
12 48 2.02502 -3.5083e-14
13 48 2.02502 -3.5083e-14
14 48 2.02502 -3.5083e-14
15 48 2.02502 -3.5083e-14
16 48 2.02502 -3.5083e-14
17 48 2.02502 -3.5083e-14
18 48 2.02502 -3.5083e-14
19 48 2.02502 -3.5083e-14
20 48 2.02502 -3.5083e-14

1 49 2.02502 2.9643e-14
2 49 2.02502 2.9643e-14
3 49 2.02502 2.9643e-14
4 49 2.02502 2.9643e-14
5 49 2.02502 2.9643e-14
6 49 2.02502 2.9643e-14
7 49 2.02502 2.9643e-14
8 49 2.02502 2.9643e-14
9 49 2.02502 2.9643e-14
10 49 2.02502 2.9643e-14
11 49 2.02502 2.9643e-14
12 49 2.02502 2.9643e-14
13 49 2.02502 2.9643e-14
14 49 2.02502 2.9643e-14
15 49 2.02502 2.9643e-14
16 49 2.02502 2.9643e-14
17 49 2.02502 2.9643e-14
18 49 2.02502 2.9643e-14
19 49 2.02502 2.9643e-14
20 49 2.02502 2.9643e-14

1 50 2.02502 -3.65263e-14
2 50 2.02502 -3.65263e-14
3 50 2.02502 -3.65263e-14
4 50 2.02502 -3.65263e-14
5 50 2.02502 -3.65263e-14
6 50 2.02502 -3.65263e-14
7 50 2.02502 -3.65263e-14
8 50 2.02502 -3.65263e-14
9 50 2.02502 -3.65263e-14
10 50 2.02502 -3.65263e-14
11 50 2.02502 -3.65263e-14
12 50 2.02502 -3.65263e-14
13 50 2.02502 -3.65263e-14
14 50 2.02502 -3.65263e-14
15 50 2.02502 -3.65263e-14
16 50 2.02502 -3.65263e-14
17 50 2.02502 -3.65263e-14
18 50 2.02502 -3.65263e-14
19 50 2.02502 -3.65263e-14
20 50 2.02502 -3.65263e-14

