1 1 0.0125583 -2.42861e-17
2 1 0.0125583 -2.42861e-17
3 1 0.0125583 -2.42861e-17
4 1 0.0125583 -2.42861e-17
5 1 0.0125583 -2.42861e-17
6 1 0.0125583 -2.42861e-17
7 1 0.0125583 -2.42861e-17
8 1 0.0125583 -2.42861e-17
9 1 0.0125583 -2.42861e-17
10 1 0.0125583 -2.42861e-17
11 1 0.0125583 -2.42861e-17
12 1 0.0125583 -2.42861e-17
13 1 0.0125583 -2.42861e-17
14 1 0.0125583 -2.42861e-17
15 1 0.0125583 -2.42861e-17
16 1 0.0125583 -2.42861e-17
17 1 0.0125583 -2.42861e-17
18 1 0.0125583 -2.42861e-17
19 1 0.0125583 -2.42861e-17
20 1 0.0125583 -2.42861e-17

1 2 0.024894 -3.46945e-18
2 2 0.024894 -3.46945e-18
3 2 0.024894 -3.46945e-18
4 2 0.024894 -3.46945e-18
5 2 0.024894 -3.46945e-18
6 2 0.024894 -3.46945e-18
7 2 0.024894 -3.46945e-18
8 2 0.024894 -3.46945e-18
9 2 0.024894 -3.46945e-18
10 2 0.024894 -3.46945e-18
11 2 0.024894 -3.46945e-18
12 2 0.024894 -3.46945e-18
13 2 0.024894 -3.46945e-18
14 2 0.024894 -3.46945e-18
15 2 0.024894 -3.46945e-18
16 2 0.024894 -3.46945e-18
17 2 0.024894 -3.46945e-18
18 2 0.024894 -3.46945e-18
19 2 0.024894 -3.46945e-18
20 2 0.024894 -3.46945e-18

1 3 0.0368374 0
2 3 0.0368374 0
3 3 0.0368374 0
4 3 0.0368374 0
5 3 0.0368374 0
6 3 0.0368374 0
7 3 0.0368374 0
8 3 0.0368374 0
9 3 0.0368374 0
10 3 0.0368374 0
11 3 0.0368374 0
12 3 0.0368374 0
13 3 0.0368374 0
14 3 0.0368374 0
15 3 0.0368374 0
16 3 0.0368374 0
17 3 0.0368374 0
18 3 0.0368374 0
19 3 0.0368374 0
20 3 0.0368374 0

1 4 0.0482004 6.93889e-18
2 4 0.0482004 6.93889e-18
3 4 0.0482004 6.93889e-18
4 4 0.0482004 6.93889e-18
5 4 0.0482004 6.93889e-18
6 4 0.0482004 6.93889e-18
7 4 0.0482004 6.93889e-18
8 4 0.0482004 6.93889e-18
9 4 0.0482004 6.93889e-18
10 4 0.0482004 6.93889e-18
11 4 0.0482004 6.93889e-18
12 4 0.0482004 6.93889e-18
13 4 0.0482004 6.93889e-18
14 4 0.0482004 6.93889e-18
15 4 0.0482004 6.93889e-18
16 4 0.0482004 6.93889e-18
17 4 0.0482004 6.93889e-18
18 4 0.0482004 6.93889e-18
19 4 0.0482004 6.93889e-18
20 4 0.0482004 6.93889e-18

1 5 0.0588035 0
2 5 0.0588035 0
3 5 0.0588035 0
4 5 0.0588035 0
5 5 0.0588035 0
6 5 0.0588035 0
7 5 0.0588035 0
8 5 0.0588035 0
9 5 0.0588035 0
10 5 0.0588035 0
11 5 0.0588035 0
12 5 0.0588035 0
13 5 0.0588035 0
14 5 0.0588035 0
15 5 0.0588035 0
16 5 0.0588035 0
17 5 0.0588035 0
18 5 0.0588035 0
19 5 0.0588035 0
20 5 0.0588035 0

1 6 0.0684797 -2.77556e-17
2 6 0.0684797 -2.77556e-17
3 6 0.0684797 -2.77556e-17
4 6 0.0684797 -2.77556e-17
5 6 0.0684797 -2.77556e-17
6 6 0.0684797 -2.77556e-17
7 6 0.0684797 -2.77556e-17
8 6 0.0684797 -2.77556e-17
9 6 0.0684797 -2.77556e-17
10 6 0.0684797 -2.77556e-17
11 6 0.0684797 -2.77556e-17
12 6 0.0684797 -2.77556e-17
13 6 0.0684797 -2.77556e-17
14 6 0.0684797 -2.77556e-17
15 6 0.0684797 -2.77556e-17
16 6 0.0684797 -2.77556e-17
17 6 0.0684797 -2.77556e-17
18 6 0.0684797 -2.77556e-17
19 6 0.0684797 -2.77556e-17
20 6 0.0684797 -2.77556e-17

1 7 0.0770763 -6.93889e-18
2 7 0.0770763 -6.93889e-18
3 7 0.0770763 -6.93889e-18
4 7 0.0770763 -6.93889e-18
5 7 0.0770763 -6.93889e-18
6 7 0.0770763 -6.93889e-18
7 7 0.0770763 -6.93889e-18
8 7 0.0770763 -6.93889e-18
9 7 0.0770763 -6.93889e-18
10 7 0.0770763 -6.93889e-18
11 7 0.0770763 -6.93889e-18
12 7 0.0770763 -6.93889e-18
13 7 0.0770763 -6.93889e-18
14 7 0.0770763 -6.93889e-18
15 7 0.0770763 -6.93889e-18
16 7 0.0770763 -6.93889e-18
17 7 0.0770763 -6.93889e-18
18 7 0.0770763 -6.93889e-18
19 7 0.0770763 -6.93889e-18
20 7 0.0770763 -6.93889e-18

1 8 0.0844578 0
2 8 0.0844578 0
3 8 0.0844578 0
4 8 0.0844578 0
5 8 0.0844578 0
6 8 0.0844578 0
7 8 0.0844578 0
8 8 0.0844578 0
9 8 0.0844578 0
10 8 0.0844578 0
11 8 0.0844578 0
12 8 0.0844578 0
13 8 0.0844578 0
14 8 0.0844578 0
15 8 0.0844578 0
16 8 0.0844578 0
17 8 0.0844578 0
18 8 0.0844578 0
19 8 0.0844578 0
20 8 0.0844578 0

1 9 0.0905077 6.93889e-18
2 9 0.0905077 6.93889e-18
3 9 0.0905077 6.93889e-18
4 9 0.0905077 6.93889e-18
5 9 0.0905077 6.93889e-18
6 9 0.0905077 6.93889e-18
7 9 0.0905077 6.93889e-18
8 9 0.0905077 6.93889e-18
9 9 0.0905077 6.93889e-18
10 9 0.0905077 6.93889e-18
11 9 0.0905077 6.93889e-18
12 9 0.0905077 6.93889e-18
13 9 0.0905077 6.93889e-18
14 9 0.0905077 6.93889e-18
15 9 0.0905077 6.93889e-18
16 9 0.0905077 6.93889e-18
17 9 0.0905077 6.93889e-18
18 9 0.0905077 6.93889e-18
19 9 0.0905077 6.93889e-18
20 9 0.0905077 6.93889e-18

1 10 0.0951306 2.08167e-17
2 10 0.0951306 2.08167e-17
3 10 0.0951306 2.08167e-17
4 10 0.0951306 2.08167e-17
5 10 0.0951306 2.08167e-17
6 10 0.0951306 2.08167e-17
7 10 0.0951306 2.08167e-17
8 10 0.0951306 2.08167e-17
9 10 0.0951306 2.08167e-17
10 10 0.0951306 2.08167e-17
11 10 0.0951306 2.08167e-17
12 10 0.0951306 2.08167e-17
13 10 0.0951306 2.08167e-17
14 10 0.0951306 2.08167e-17
15 10 0.0951306 2.08167e-17
16 10 0.0951306 2.08167e-17
17 10 0.0951306 2.08167e-17
18 10 0.0951306 2.08167e-17
19 10 0.0951306 2.08167e-17
20 10 0.0951306 2.08167e-17

1 11 0.0982537 0
2 11 0.0982537 0
3 11 0.0982537 0
4 11 0.0982537 0
5 11 0.0982537 0
6 11 0.0982537 0
7 11 0.0982537 0
8 11 0.0982537 0
9 11 0.0982537 0
10 11 0.0982537 0
11 11 0.0982537 0
12 11 0.0982537 0
13 11 0.0982537 0
14 11 0.0982537 0
15 11 0.0982537 0
16 11 0.0982537 0
17 11 0.0982537 0
18 11 0.0982537 0
19 11 0.0982537 0
20 11 0.0982537 0

1 12 0.0998277 -6.93889e-18
2 12 0.0998277 -6.93889e-18
3 12 0.0998277 -6.93889e-18
4 12 0.0998277 -6.93889e-18
5 12 0.0998277 -6.93889e-18
6 12 0.0998277 -6.93889e-18
7 12 0.0998277 -6.93889e-18
8 12 0.0998277 -6.93889e-18
9 12 0.0998277 -6.93889e-18
10 12 0.0998277 -6.93889e-18
11 12 0.0998277 -6.93889e-18
12 12 0.0998277 -6.93889e-18
13 12 0.0998277 -6.93889e-18
14 12 0.0998277 -6.93889e-18
15 12 0.0998277 -6.93889e-18
16 12 0.0998277 -6.93889e-18
17 12 0.0998277 -6.93889e-18
18 12 0.0998277 -6.93889e-18
19 12 0.0998277 -6.93889e-18
20 12 0.0998277 -6.93889e-18

1 13 0.0998277 2.08167e-17
2 13 0.0998277 2.08167e-17
3 13 0.0998277 2.08167e-17
4 13 0.0998277 2.08167e-17
5 13 0.0998277 2.08167e-17
6 13 0.0998277 2.08167e-17
7 13 0.0998277 2.08167e-17
8 13 0.0998277 2.08167e-17
9 13 0.0998277 2.08167e-17
10 13 0.0998277 2.08167e-17
11 13 0.0998277 2.08167e-17
12 13 0.0998277 2.08167e-17
13 13 0.0998277 2.08167e-17
14 13 0.0998277 2.08167e-17
15 13 0.0998277 2.08167e-17
16 13 0.0998277 2.08167e-17
17 13 0.0998277 2.08167e-17
18 13 0.0998277 2.08167e-17
19 13 0.0998277 2.08167e-17
20 13 0.0998277 2.08167e-17

1 14 0.0982537 2.08167e-17
2 14 0.0982537 2.08167e-17
3 14 0.0982537 2.08167e-17
4 14 0.0982537 2.08167e-17
5 14 0.0982537 2.08167e-17
6 14 0.0982537 2.08167e-17
7 14 0.0982537 2.08167e-17
8 14 0.0982537 2.08167e-17
9 14 0.0982537 2.08167e-17
10 14 0.0982537 2.08167e-17
11 14 0.0982537 2.08167e-17
12 14 0.0982537 2.08167e-17
13 14 0.0982537 2.08167e-17
14 14 0.0982537 2.08167e-17
15 14 0.0982537 2.08167e-17
16 14 0.0982537 2.08167e-17
17 14 0.0982537 2.08167e-17
18 14 0.0982537 2.08167e-17
19 14 0.0982537 2.08167e-17
20 14 0.0982537 2.08167e-17

1 15 0.0951307 -6.93889e-18
2 15 0.0951307 -6.93889e-18
3 15 0.0951307 -6.93889e-18
4 15 0.0951307 -6.93889e-18
5 15 0.0951307 -6.93889e-18
6 15 0.0951307 -6.93889e-18
7 15 0.0951307 -6.93889e-18
8 15 0.0951307 -6.93889e-18
9 15 0.0951307 -6.93889e-18
10 15 0.0951307 -6.93889e-18
11 15 0.0951307 -6.93889e-18
12 15 0.0951307 -6.93889e-18
13 15 0.0951307 -6.93889e-18
14 15 0.0951307 -6.93889e-18
15 15 0.0951307 -6.93889e-18
16 15 0.0951307 -6.93889e-18
17 15 0.0951307 -6.93889e-18
18 15 0.0951307 -6.93889e-18
19 15 0.0951307 -6.93889e-18
20 15 0.0951307 -6.93889e-18

1 16 0.0905077 -1.38778e-17
2 16 0.0905077 -1.38778e-17
3 16 0.0905077 -1.38778e-17
4 16 0.0905077 -1.38778e-17
5 16 0.0905077 -1.38778e-17
6 16 0.0905077 -1.38778e-17
7 16 0.0905077 -1.38778e-17
8 16 0.0905077 -1.38778e-17
9 16 0.0905077 -1.38778e-17
10 16 0.0905077 -1.38778e-17
11 16 0.0905077 -1.38778e-17
12 16 0.0905077 -1.38778e-17
13 16 0.0905077 -1.38778e-17
14 16 0.0905077 -1.38778e-17
15 16 0.0905077 -1.38778e-17
16 16 0.0905077 -1.38778e-17
17 16 0.0905077 -1.38778e-17
18 16 0.0905077 -1.38778e-17
19 16 0.0905077 -1.38778e-17
20 16 0.0905077 -1.38778e-17

1 17 0.0844578 -6.93889e-18
2 17 0.0844578 -6.93889e-18
3 17 0.0844578 -6.93889e-18
4 17 0.0844578 -6.93889e-18
5 17 0.0844578 -6.93889e-18
6 17 0.0844578 -6.93889e-18
7 17 0.0844578 -6.93889e-18
8 17 0.0844578 -6.93889e-18
9 17 0.0844578 -6.93889e-18
10 17 0.0844578 -6.93889e-18
11 17 0.0844578 -6.93889e-18
12 17 0.0844578 -6.93889e-18
13 17 0.0844578 -6.93889e-18
14 17 0.0844578 -6.93889e-18
15 17 0.0844578 -6.93889e-18
16 17 0.0844578 -6.93889e-18
17 17 0.0844578 -6.93889e-18
18 17 0.0844578 -6.93889e-18
19 17 0.0844578 -6.93889e-18
20 17 0.0844578 -6.93889e-18

1 18 0.0770764 0
2 18 0.0770764 0
3 18 0.0770764 0
4 18 0.0770764 0
5 18 0.0770764 0
6 18 0.0770764 0
7 18 0.0770764 0
8 18 0.0770764 0
9 18 0.0770764 0
10 18 0.0770764 0
11 18 0.0770764 0
12 18 0.0770764 0
13 18 0.0770764 0
14 18 0.0770764 0
15 18 0.0770764 0
16 18 0.0770764 0
17 18 0.0770764 0
18 18 0.0770764 0
19 18 0.0770764 0
20 18 0.0770764 0

1 19 0.0684797 6.93889e-18
2 19 0.0684797 6.93889e-18
3 19 0.0684797 6.93889e-18
4 19 0.0684797 6.93889e-18
5 19 0.0684797 6.93889e-18
6 19 0.0684797 6.93889e-18
7 19 0.0684797 6.93889e-18
8 19 0.0684797 6.93889e-18
9 19 0.0684797 6.93889e-18
10 19 0.0684797 6.93889e-18
11 19 0.0684797 6.93889e-18
12 19 0.0684797 6.93889e-18
13 19 0.0684797 6.93889e-18
14 19 0.0684797 6.93889e-18
15 19 0.0684797 6.93889e-18
16 19 0.0684797 6.93889e-18
17 19 0.0684797 6.93889e-18
18 19 0.0684797 6.93889e-18
19 19 0.0684797 6.93889e-18
20 19 0.0684797 6.93889e-18

1 20 0.0588036 6.93889e-18
2 20 0.0588036 6.93889e-18
3 20 0.0588036 6.93889e-18
4 20 0.0588036 6.93889e-18
5 20 0.0588036 6.93889e-18
6 20 0.0588036 6.93889e-18
7 20 0.0588036 6.93889e-18
8 20 0.0588036 6.93889e-18
9 20 0.0588036 6.93889e-18
10 20 0.0588036 6.93889e-18
11 20 0.0588036 6.93889e-18
12 20 0.0588036 6.93889e-18
13 20 0.0588036 6.93889e-18
14 20 0.0588036 6.93889e-18
15 20 0.0588036 6.93889e-18
16 20 0.0588036 6.93889e-18
17 20 0.0588036 6.93889e-18
18 20 0.0588036 6.93889e-18
19 20 0.0588036 6.93889e-18
20 20 0.0588036 6.93889e-18

1 21 0.0482004 -6.93889e-18
2 21 0.0482004 -6.93889e-18
3 21 0.0482004 -6.93889e-18
4 21 0.0482004 -6.93889e-18
5 21 0.0482004 -6.93889e-18
6 21 0.0482004 -6.93889e-18
7 21 0.0482004 -6.93889e-18
8 21 0.0482004 -6.93889e-18
9 21 0.0482004 -6.93889e-18
10 21 0.0482004 -6.93889e-18
11 21 0.0482004 -6.93889e-18
12 21 0.0482004 -6.93889e-18
13 21 0.0482004 -6.93889e-18
14 21 0.0482004 -6.93889e-18
15 21 0.0482004 -6.93889e-18
16 21 0.0482004 -6.93889e-18
17 21 0.0482004 -6.93889e-18
18 21 0.0482004 -6.93889e-18
19 21 0.0482004 -6.93889e-18
20 21 0.0482004 -6.93889e-18

1 22 0.0368375 2.08167e-17
2 22 0.0368375 2.08167e-17
3 22 0.0368375 2.08167e-17
4 22 0.0368375 2.08167e-17
5 22 0.0368375 2.08167e-17
6 22 0.0368375 2.08167e-17
7 22 0.0368375 2.08167e-17
8 22 0.0368375 2.08167e-17
9 22 0.0368375 2.08167e-17
10 22 0.0368375 2.08167e-17
11 22 0.0368375 2.08167e-17
12 22 0.0368375 2.08167e-17
13 22 0.0368375 2.08167e-17
14 22 0.0368375 2.08167e-17
15 22 0.0368375 2.08167e-17
16 22 0.0368375 2.08167e-17
17 22 0.0368375 2.08167e-17
18 22 0.0368375 2.08167e-17
19 22 0.0368375 2.08167e-17
20 22 0.0368375 2.08167e-17

1 23 0.024894 2.42861e-17
2 23 0.024894 2.42861e-17
3 23 0.024894 2.42861e-17
4 23 0.024894 2.42861e-17
5 23 0.024894 2.42861e-17
6 23 0.024894 2.42861e-17
7 23 0.024894 2.42861e-17
8 23 0.024894 2.42861e-17
9 23 0.024894 2.42861e-17
10 23 0.024894 2.42861e-17
11 23 0.024894 2.42861e-17
12 23 0.024894 2.42861e-17
13 23 0.024894 2.42861e-17
14 23 0.024894 2.42861e-17
15 23 0.024894 2.42861e-17
16 23 0.024894 2.42861e-17
17 23 0.024894 2.42861e-17
18 23 0.024894 2.42861e-17
19 23 0.024894 2.42861e-17
20 23 0.024894 2.42861e-17

1 24 0.0125584 0
2 24 0.0125584 0
3 24 0.0125584 0
4 24 0.0125584 0
5 24 0.0125584 0
6 24 0.0125584 0
7 24 0.0125584 0
8 24 0.0125584 0
9 24 0.0125584 0
10 24 0.0125584 0
11 24 0.0125584 0
12 24 0.0125584 0
13 24 0.0125584 0
14 24 0.0125584 0
15 24 0.0125584 0
16 24 0.0125584 0
17 24 0.0125584 0
18 24 0.0125584 0
19 24 0.0125584 0
20 24 0.0125584 0

1 25 2.50654e-05 3.46945e-18
2 25 2.50654e-05 3.46945e-18
3 25 2.50654e-05 3.46945e-18
4 25 2.50654e-05 3.46945e-18
5 25 2.50654e-05 3.46945e-18
6 25 2.50654e-05 3.46945e-18
7 25 2.50654e-05 3.46945e-18
8 25 2.50654e-05 3.46945e-18
9 25 2.50654e-05 3.46945e-18
10 25 2.50654e-05 3.46945e-18
11 25 2.50654e-05 3.46945e-18
12 25 2.50654e-05 3.46945e-18
13 25 2.50654e-05 3.46945e-18
14 25 2.50654e-05 3.46945e-18
15 25 2.50654e-05 3.46945e-18
16 25 2.50654e-05 3.46945e-18
17 25 2.50654e-05 3.46945e-18
18 25 2.50654e-05 3.46945e-18
19 25 2.50654e-05 3.46945e-18
20 25 2.50654e-05 3.46945e-18

1 26 -0.0125083 3.46945e-18
2 26 -0.0125083 3.46945e-18
3 26 -0.0125083 3.46945e-18
4 26 -0.0125083 3.46945e-18
5 26 -0.0125083 3.46945e-18
6 26 -0.0125083 3.46945e-18
7 26 -0.0125083 3.46945e-18
8 26 -0.0125083 3.46945e-18
9 26 -0.0125083 3.46945e-18
10 26 -0.0125083 3.46945e-18
11 26 -0.0125083 3.46945e-18
12 26 -0.0125083 3.46945e-18
13 26 -0.0125083 3.46945e-18
14 26 -0.0125083 3.46945e-18
15 26 -0.0125083 3.46945e-18
16 26 -0.0125083 3.46945e-18
17 26 -0.0125083 3.46945e-18
18 26 -0.0125083 3.46945e-18
19 26 -0.0125083 3.46945e-18
20 26 -0.0125083 3.46945e-18

1 27 -0.0248439 3.46945e-18
2 27 -0.0248439 3.46945e-18
3 27 -0.0248439 3.46945e-18
4 27 -0.0248439 3.46945e-18
5 27 -0.0248439 3.46945e-18
6 27 -0.0248439 3.46945e-18
7 27 -0.0248439 3.46945e-18
8 27 -0.0248439 3.46945e-18
9 27 -0.0248439 3.46945e-18
10 27 -0.0248439 3.46945e-18
11 27 -0.0248439 3.46945e-18
12 27 -0.0248439 3.46945e-18
13 27 -0.0248439 3.46945e-18
14 27 -0.0248439 3.46945e-18
15 27 -0.0248439 3.46945e-18
16 27 -0.0248439 3.46945e-18
17 27 -0.0248439 3.46945e-18
18 27 -0.0248439 3.46945e-18
19 27 -0.0248439 3.46945e-18
20 27 -0.0248439 3.46945e-18

1 28 -0.0367874 3.46945e-18
2 28 -0.0367874 3.46945e-18
3 28 -0.0367874 3.46945e-18
4 28 -0.0367874 3.46945e-18
5 28 -0.0367874 3.46945e-18
6 28 -0.0367874 3.46945e-18
7 28 -0.0367874 3.46945e-18
8 28 -0.0367874 3.46945e-18
9 28 -0.0367874 3.46945e-18
10 28 -0.0367874 3.46945e-18
11 28 -0.0367874 3.46945e-18
12 28 -0.0367874 3.46945e-18
13 28 -0.0367874 3.46945e-18
14 28 -0.0367874 3.46945e-18
15 28 -0.0367874 3.46945e-18
16 28 -0.0367874 3.46945e-18
17 28 -0.0367874 3.46945e-18
18 28 -0.0367874 3.46945e-18
19 28 -0.0367874 3.46945e-18
20 28 -0.0367874 3.46945e-18

1 29 -0.0481503 3.46945e-18
2 29 -0.0481503 3.46945e-18
3 29 -0.0481503 3.46945e-18
4 29 -0.0481503 3.46945e-18
5 29 -0.0481503 3.46945e-18
6 29 -0.0481503 3.46945e-18
7 29 -0.0481503 3.46945e-18
8 29 -0.0481503 3.46945e-18
9 29 -0.0481503 3.46945e-18
10 29 -0.0481503 3.46945e-18
11 29 -0.0481503 3.46945e-18
12 29 -0.0481503 3.46945e-18
13 29 -0.0481503 3.46945e-18
14 29 -0.0481503 3.46945e-18
15 29 -0.0481503 3.46945e-18
16 29 -0.0481503 3.46945e-18
17 29 -0.0481503 3.46945e-18
18 29 -0.0481503 3.46945e-18
19 29 -0.0481503 3.46945e-18
20 29 -0.0481503 3.46945e-18

1 30 -0.0587535 -3.46945e-18
2 30 -0.0587535 -3.46945e-18
3 30 -0.0587535 -3.46945e-18
4 30 -0.0587535 -3.46945e-18
5 30 -0.0587535 -3.46945e-18
6 30 -0.0587535 -3.46945e-18
7 30 -0.0587535 -3.46945e-18
8 30 -0.0587535 -3.46945e-18
9 30 -0.0587535 -3.46945e-18
10 30 -0.0587535 -3.46945e-18
11 30 -0.0587535 -3.46945e-18
12 30 -0.0587535 -3.46945e-18
13 30 -0.0587535 -3.46945e-18
14 30 -0.0587535 -3.46945e-18
15 30 -0.0587535 -3.46945e-18
16 30 -0.0587535 -3.46945e-18
17 30 -0.0587535 -3.46945e-18
18 30 -0.0587535 -3.46945e-18
19 30 -0.0587535 -3.46945e-18
20 30 -0.0587535 -3.46945e-18

1 31 -0.0684297 2.42861e-17
2 31 -0.0684297 2.42861e-17
3 31 -0.0684297 2.42861e-17
4 31 -0.0684297 2.42861e-17
5 31 -0.0684297 2.42861e-17
6 31 -0.0684297 2.42861e-17
7 31 -0.0684297 2.42861e-17
8 31 -0.0684297 2.42861e-17
9 31 -0.0684297 2.42861e-17
10 31 -0.0684297 2.42861e-17
11 31 -0.0684297 2.42861e-17
12 31 -0.0684297 2.42861e-17
13 31 -0.0684297 2.42861e-17
14 31 -0.0684297 2.42861e-17
15 31 -0.0684297 2.42861e-17
16 31 -0.0684297 2.42861e-17
17 31 -0.0684297 2.42861e-17
18 31 -0.0684297 2.42861e-17
19 31 -0.0684297 2.42861e-17
20 31 -0.0684297 2.42861e-17

1 32 -0.0770263 0
2 32 -0.0770263 0
3 32 -0.0770263 0
4 32 -0.0770263 0
5 32 -0.0770263 0
6 32 -0.0770263 0
7 32 -0.0770263 0
8 32 -0.0770263 0
9 32 -0.0770263 0
10 32 -0.0770263 0
11 32 -0.0770263 0
12 32 -0.0770263 0
13 32 -0.0770263 0
14 32 -0.0770263 0
15 32 -0.0770263 0
16 32 -0.0770263 0
17 32 -0.0770263 0
18 32 -0.0770263 0
19 32 -0.0770263 0
20 32 -0.0770263 0

1 33 -0.0844077 -6.93889e-18
2 33 -0.0844077 -6.93889e-18
3 33 -0.0844077 -6.93889e-18
4 33 -0.0844077 -6.93889e-18
5 33 -0.0844077 -6.93889e-18
6 33 -0.0844077 -6.93889e-18
7 33 -0.0844077 -6.93889e-18
8 33 -0.0844077 -6.93889e-18
9 33 -0.0844077 -6.93889e-18
10 33 -0.0844077 -6.93889e-18
11 33 -0.0844077 -6.93889e-18
12 33 -0.0844077 -6.93889e-18
13 33 -0.0844077 -6.93889e-18
14 33 -0.0844077 -6.93889e-18
15 33 -0.0844077 -6.93889e-18
16 33 -0.0844077 -6.93889e-18
17 33 -0.0844077 -6.93889e-18
18 33 -0.0844077 -6.93889e-18
19 33 -0.0844077 -6.93889e-18
20 33 -0.0844077 -6.93889e-18

1 34 -0.0904577 -3.46945e-18
2 34 -0.0904577 -3.46945e-18
3 34 -0.0904577 -3.46945e-18
4 34 -0.0904577 -3.46945e-18
5 34 -0.0904577 -3.46945e-18
6 34 -0.0904577 -3.46945e-18
7 34 -0.0904577 -3.46945e-18
8 34 -0.0904577 -3.46945e-18
9 34 -0.0904577 -3.46945e-18
10 34 -0.0904577 -3.46945e-18
11 34 -0.0904577 -3.46945e-18
12 34 -0.0904577 -3.46945e-18
13 34 -0.0904577 -3.46945e-18
14 34 -0.0904577 -3.46945e-18
15 34 -0.0904577 -3.46945e-18
16 34 -0.0904577 -3.46945e-18
17 34 -0.0904577 -3.46945e-18
18 34 -0.0904577 -3.46945e-18
19 34 -0.0904577 -3.46945e-18
20 34 -0.0904577 -3.46945e-18

1 35 -0.0950806 3.46945e-18
2 35 -0.0950806 3.46945e-18
3 35 -0.0950806 3.46945e-18
4 35 -0.0950806 3.46945e-18
5 35 -0.0950806 3.46945e-18
6 35 -0.0950806 3.46945e-18
7 35 -0.0950806 3.46945e-18
8 35 -0.0950806 3.46945e-18
9 35 -0.0950806 3.46945e-18
10 35 -0.0950806 3.46945e-18
11 35 -0.0950806 3.46945e-18
12 35 -0.0950806 3.46945e-18
13 35 -0.0950806 3.46945e-18
14 35 -0.0950806 3.46945e-18
15 35 -0.0950806 3.46945e-18
16 35 -0.0950806 3.46945e-18
17 35 -0.0950806 3.46945e-18
18 35 -0.0950806 3.46945e-18
19 35 -0.0950806 3.46945e-18
20 35 -0.0950806 3.46945e-18

1 36 -0.0982037 2.42861e-17
2 36 -0.0982037 2.42861e-17
3 36 -0.0982037 2.42861e-17
4 36 -0.0982037 2.42861e-17
5 36 -0.0982037 2.42861e-17
6 36 -0.0982037 2.42861e-17
7 36 -0.0982037 2.42861e-17
8 36 -0.0982037 2.42861e-17
9 36 -0.0982037 2.42861e-17
10 36 -0.0982037 2.42861e-17
11 36 -0.0982037 2.42861e-17
12 36 -0.0982037 2.42861e-17
13 36 -0.0982037 2.42861e-17
14 36 -0.0982037 2.42861e-17
15 36 -0.0982037 2.42861e-17
16 36 -0.0982037 2.42861e-17
17 36 -0.0982037 2.42861e-17
18 36 -0.0982037 2.42861e-17
19 36 -0.0982037 2.42861e-17
20 36 -0.0982037 2.42861e-17

1 37 -0.0997777 0
2 37 -0.0997777 0
3 37 -0.0997777 0
4 37 -0.0997777 0
5 37 -0.0997777 0
6 37 -0.0997777 0
7 37 -0.0997777 0
8 37 -0.0997777 0
9 37 -0.0997777 0
10 37 -0.0997777 0
11 37 -0.0997777 0
12 37 -0.0997777 0
13 37 -0.0997777 0
14 37 -0.0997777 0
15 37 -0.0997777 0
16 37 -0.0997777 0
17 37 -0.0997777 0
18 37 -0.0997777 0
19 37 -0.0997777 0
20 37 -0.0997777 0

1 38 -0.0997777 0
2 38 -0.0997777 0
3 38 -0.0997777 0
4 38 -0.0997777 0
5 38 -0.0997777 0
6 38 -0.0997777 0
7 38 -0.0997777 0
8 38 -0.0997777 0
9 38 -0.0997777 0
10 38 -0.0997777 0
11 38 -0.0997777 0
12 38 -0.0997777 0
13 38 -0.0997777 0
14 38 -0.0997777 0
15 38 -0.0997777 0
16 38 -0.0997777 0
17 38 -0.0997777 0
18 38 -0.0997777 0
19 38 -0.0997777 0
20 38 -0.0997777 0

1 39 -0.0982037 -3.46945e-18
2 39 -0.0982037 -3.46945e-18
3 39 -0.0982037 -3.46945e-18
4 39 -0.0982037 -3.46945e-18
5 39 -0.0982037 -3.46945e-18
6 39 -0.0982037 -3.46945e-18
7 39 -0.0982037 -3.46945e-18
8 39 -0.0982037 -3.46945e-18
9 39 -0.0982037 -3.46945e-18
10 39 -0.0982037 -3.46945e-18
11 39 -0.0982037 -3.46945e-18
12 39 -0.0982037 -3.46945e-18
13 39 -0.0982037 -3.46945e-18
14 39 -0.0982037 -3.46945e-18
15 39 -0.0982037 -3.46945e-18
16 39 -0.0982037 -3.46945e-18
17 39 -0.0982037 -3.46945e-18
18 39 -0.0982037 -3.46945e-18
19 39 -0.0982037 -3.46945e-18
20 39 -0.0982037 -3.46945e-18

1 40 -0.0950807 1.04083e-17
2 40 -0.0950807 1.04083e-17
3 40 -0.0950807 1.04083e-17
4 40 -0.0950807 1.04083e-17
5 40 -0.0950807 1.04083e-17
6 40 -0.0950807 1.04083e-17
7 40 -0.0950807 1.04083e-17
8 40 -0.0950807 1.04083e-17
9 40 -0.0950807 1.04083e-17
10 40 -0.0950807 1.04083e-17
11 40 -0.0950807 1.04083e-17
12 40 -0.0950807 1.04083e-17
13 40 -0.0950807 1.04083e-17
14 40 -0.0950807 1.04083e-17
15 40 -0.0950807 1.04083e-17
16 40 -0.0950807 1.04083e-17
17 40 -0.0950807 1.04083e-17
18 40 -0.0950807 1.04083e-17
19 40 -0.0950807 1.04083e-17
20 40 -0.0950807 1.04083e-17

1 41 -0.0904578 2.08167e-17
2 41 -0.0904578 2.08167e-17
3 41 -0.0904578 2.08167e-17
4 41 -0.0904578 2.08167e-17
5 41 -0.0904578 2.08167e-17
6 41 -0.0904578 2.08167e-17
7 41 -0.0904578 2.08167e-17
8 41 -0.0904578 2.08167e-17
9 41 -0.0904578 2.08167e-17
10 41 -0.0904578 2.08167e-17
11 41 -0.0904578 2.08167e-17
12 41 -0.0904578 2.08167e-17
13 41 -0.0904578 2.08167e-17
14 41 -0.0904578 2.08167e-17
15 41 -0.0904578 2.08167e-17
16 41 -0.0904578 2.08167e-17
17 41 -0.0904578 2.08167e-17
18 41 -0.0904578 2.08167e-17
19 41 -0.0904578 2.08167e-17
20 41 -0.0904578 2.08167e-17

1 42 -0.0844079 0
2 42 -0.0844079 0
3 42 -0.0844079 0
4 42 -0.0844079 0
5 42 -0.0844079 0
6 42 -0.0844079 0
7 42 -0.0844079 0
8 42 -0.0844079 0
9 42 -0.0844079 0
10 42 -0.0844079 0
11 42 -0.0844079 0
12 42 -0.0844079 0
13 42 -0.0844079 0
14 42 -0.0844079 0
15 42 -0.0844079 0
16 42 -0.0844079 0
17 42 -0.0844079 0
18 42 -0.0844079 0
19 42 -0.0844079 0
20 42 -0.0844079 0

1 43 -0.0770264 -3.46945e-18
2 43 -0.0770264 -3.46945e-18
3 43 -0.0770264 -3.46945e-18
4 43 -0.0770264 -3.46945e-18
5 43 -0.0770264 -3.46945e-18
6 43 -0.0770264 -3.46945e-18
7 43 -0.0770264 -3.46945e-18
8 43 -0.0770264 -3.46945e-18
9 43 -0.0770264 -3.46945e-18
10 43 -0.0770264 -3.46945e-18
11 43 -0.0770264 -3.46945e-18
12 43 -0.0770264 -3.46945e-18
13 43 -0.0770264 -3.46945e-18
14 43 -0.0770264 -3.46945e-18
15 43 -0.0770264 -3.46945e-18
16 43 -0.0770264 -3.46945e-18
17 43 -0.0770264 -3.46945e-18
18 43 -0.0770264 -3.46945e-18
19 43 -0.0770264 -3.46945e-18
20 43 -0.0770264 -3.46945e-18

1 44 -0.0684298 -2.42861e-17
2 44 -0.0684298 -2.42861e-17
3 44 -0.0684298 -2.42861e-17
4 44 -0.0684298 -2.42861e-17
5 44 -0.0684298 -2.42861e-17
6 44 -0.0684298 -2.42861e-17
7 44 -0.0684298 -2.42861e-17
8 44 -0.0684298 -2.42861e-17
9 44 -0.0684298 -2.42861e-17
10 44 -0.0684298 -2.42861e-17
11 44 -0.0684298 -2.42861e-17
12 44 -0.0684298 -2.42861e-17
13 44 -0.0684298 -2.42861e-17
14 44 -0.0684298 -2.42861e-17
15 44 -0.0684298 -2.42861e-17
16 44 -0.0684298 -2.42861e-17
17 44 -0.0684298 -2.42861e-17
18 44 -0.0684298 -2.42861e-17
19 44 -0.0684298 -2.42861e-17
20 44 -0.0684298 -2.42861e-17

1 45 -0.0587536 3.46945e-18
2 45 -0.0587536 3.46945e-18
3 45 -0.0587536 3.46945e-18
4 45 -0.0587536 3.46945e-18
5 45 -0.0587536 3.46945e-18
6 45 -0.0587536 3.46945e-18
7 45 -0.0587536 3.46945e-18
8 45 -0.0587536 3.46945e-18
9 45 -0.0587536 3.46945e-18
10 45 -0.0587536 3.46945e-18
11 45 -0.0587536 3.46945e-18
12 45 -0.0587536 3.46945e-18
13 45 -0.0587536 3.46945e-18
14 45 -0.0587536 3.46945e-18
15 45 -0.0587536 3.46945e-18
16 45 -0.0587536 3.46945e-18
17 45 -0.0587536 3.46945e-18
18 45 -0.0587536 3.46945e-18
19 45 -0.0587536 3.46945e-18
20 45 -0.0587536 3.46945e-18

1 46 -0.0481505 -3.46945e-18
2 46 -0.0481505 -3.46945e-18
3 46 -0.0481505 -3.46945e-18
4 46 -0.0481505 -3.46945e-18
5 46 -0.0481505 -3.46945e-18
6 46 -0.0481505 -3.46945e-18
7 46 -0.0481505 -3.46945e-18
8 46 -0.0481505 -3.46945e-18
9 46 -0.0481505 -3.46945e-18
10 46 -0.0481505 -3.46945e-18
11 46 -0.0481505 -3.46945e-18
12 46 -0.0481505 -3.46945e-18
13 46 -0.0481505 -3.46945e-18
14 46 -0.0481505 -3.46945e-18
15 46 -0.0481505 -3.46945e-18
16 46 -0.0481505 -3.46945e-18
17 46 -0.0481505 -3.46945e-18
18 46 -0.0481505 -3.46945e-18
19 46 -0.0481505 -3.46945e-18
20 46 -0.0481505 -3.46945e-18

1 47 -0.0367876 0
2 47 -0.0367876 0
3 47 -0.0367876 0
4 47 -0.0367876 0
5 47 -0.0367876 0
6 47 -0.0367876 0
7 47 -0.0367876 0
8 47 -0.0367876 0
9 47 -0.0367876 0
10 47 -0.0367876 0
11 47 -0.0367876 0
12 47 -0.0367876 0
13 47 -0.0367876 0
14 47 -0.0367876 0
15 47 -0.0367876 0
16 47 -0.0367876 0
17 47 -0.0367876 0
18 47 -0.0367876 0
19 47 -0.0367876 0
20 47 -0.0367876 0

1 48 -0.0248441 0
2 48 -0.0248441 0
3 48 -0.0248441 0
4 48 -0.0248441 0
5 48 -0.0248441 0
6 48 -0.0248441 0
7 48 -0.0248441 0
8 48 -0.0248441 0
9 48 -0.0248441 0
10 48 -0.0248441 0
11 48 -0.0248441 0
12 48 -0.0248441 0
13 48 -0.0248441 0
14 48 -0.0248441 0
15 48 -0.0248441 0
16 48 -0.0248441 0
17 48 -0.0248441 0
18 48 -0.0248441 0
19 48 -0.0248441 0
20 48 -0.0248441 0

1 49 -0.0125085 0
2 49 -0.0125085 0
3 49 -0.0125085 0
4 49 -0.0125085 0
5 49 -0.0125085 0
6 49 -0.0125085 0
7 49 -0.0125085 0
8 49 -0.0125085 0
9 49 -0.0125085 0
10 49 -0.0125085 0
11 49 -0.0125085 0
12 49 -0.0125085 0
13 49 -0.0125085 0
14 49 -0.0125085 0
15 49 -0.0125085 0
16 49 -0.0125085 0
17 49 -0.0125085 0
18 49 -0.0125085 0
19 49 -0.0125085 0
20 49 -0.0125085 0

1 50 2.48693e-05 -3.46945e-18
2 50 2.48693e-05 -3.46945e-18
3 50 2.48693e-05 -3.46945e-18
4 50 2.48693e-05 -3.46945e-18
5 50 2.48693e-05 -3.46945e-18
6 50 2.48693e-05 -3.46945e-18
7 50 2.48693e-05 -3.46945e-18
8 50 2.48693e-05 -3.46945e-18
9 50 2.48693e-05 -3.46945e-18
10 50 2.48693e-05 -3.46945e-18
11 50 2.48693e-05 -3.46945e-18
12 50 2.48693e-05 -3.46945e-18
13 50 2.48693e-05 -3.46945e-18
14 50 2.48693e-05 -3.46945e-18
15 50 2.48693e-05 -3.46945e-18
16 50 2.48693e-05 -3.46945e-18
17 50 2.48693e-05 -3.46945e-18
18 50 2.48693e-05 -3.46945e-18
19 50 2.48693e-05 -3.46945e-18
20 50 2.48693e-05 -3.46945e-18

