1 1 2.15002 0
2 1 2.15002 0
3 1 2.15002 0
4 1 2.15002 0
5 1 2.15002 0
6 1 2.15002 0
7 1 2.15002 0
8 1 2.15002 0
9 1 2.15002 0
10 1 2.15002 0
11 1 2.15002 0
12 1 2.15002 0
13 1 2.15002 0
14 1 2.15002 0
15 1 2.15002 0
16 1 2.15002 0
17 1 2.15002 0
18 1 2.15002 0
19 1 2.15002 0
20 1 2.15002 0

1 2 2.15002 0
2 2 2.15002 0
3 2 2.15002 0
4 2 2.15002 0
5 2 2.15002 0
6 2 2.15002 0
7 2 2.15002 0
8 2 2.15002 0
9 2 2.15002 0
10 2 2.15002 0
11 2 2.15002 0
12 2 2.15002 0
13 2 2.15002 0
14 2 2.15002 0
15 2 2.15002 0
16 2 2.15002 0
17 2 2.15002 0
18 2 2.15002 0
19 2 2.15002 0
20 2 2.15002 0

1 3 2.15002 -1.11022e-16
2 3 2.15002 -1.11022e-16
3 3 2.15002 -1.11022e-16
4 3 2.15002 -1.11022e-16
5 3 2.15002 -1.11022e-16
6 3 2.15002 -1.11022e-16
7 3 2.15002 -1.11022e-16
8 3 2.15002 -1.11022e-16
9 3 2.15002 -1.11022e-16
10 3 2.15002 -1.11022e-16
11 3 2.15002 -1.11022e-16
12 3 2.15002 -1.11022e-16
13 3 2.15002 -1.11022e-16
14 3 2.15002 -1.11022e-16
15 3 2.15002 -1.11022e-16
16 3 2.15002 -1.11022e-16
17 3 2.15002 -1.11022e-16
18 3 2.15002 -1.11022e-16
19 3 2.15002 -1.11022e-16
20 3 2.15002 -1.11022e-16

1 4 2.15002 -1.11022e-16
2 4 2.15002 -1.11022e-16
3 4 2.15002 -1.11022e-16
4 4 2.15002 -1.11022e-16
5 4 2.15002 -1.11022e-16
6 4 2.15002 -1.11022e-16
7 4 2.15002 -1.11022e-16
8 4 2.15002 -1.11022e-16
9 4 2.15002 -1.11022e-16
10 4 2.15002 -1.11022e-16
11 4 2.15002 -1.11022e-16
12 4 2.15002 -1.11022e-16
13 4 2.15002 -1.11022e-16
14 4 2.15002 -1.11022e-16
15 4 2.15002 -1.11022e-16
16 4 2.15002 -1.11022e-16
17 4 2.15002 -1.11022e-16
18 4 2.15002 -1.11022e-16
19 4 2.15002 -1.11022e-16
20 4 2.15002 -1.11022e-16

1 5 2.15002 1.11022e-15
2 5 2.15002 1.11022e-15
3 5 2.15002 1.11022e-15
4 5 2.15002 1.11022e-15
5 5 2.15002 1.11022e-15
6 5 2.15002 1.11022e-15
7 5 2.15002 1.11022e-15
8 5 2.15002 1.11022e-15
9 5 2.15002 1.11022e-15
10 5 2.15002 1.11022e-15
11 5 2.15002 1.11022e-15
12 5 2.15002 1.11022e-15
13 5 2.15002 1.11022e-15
14 5 2.15002 1.11022e-15
15 5 2.15002 1.11022e-15
16 5 2.15002 1.11022e-15
17 5 2.15002 1.11022e-15
18 5 2.15002 1.11022e-15
19 5 2.15002 1.11022e-15
20 5 2.15002 1.11022e-15

1 6 2.15002 2.22045e-16
2 6 2.15002 2.22045e-16
3 6 2.15002 2.22045e-16
4 6 2.15002 2.22045e-16
5 6 2.15002 2.22045e-16
6 6 2.15002 2.22045e-16
7 6 2.15002 2.22045e-16
8 6 2.15002 2.22045e-16
9 6 2.15002 2.22045e-16
10 6 2.15002 2.22045e-16
11 6 2.15002 2.22045e-16
12 6 2.15002 2.22045e-16
13 6 2.15002 2.22045e-16
14 6 2.15002 2.22045e-16
15 6 2.15002 2.22045e-16
16 6 2.15002 2.22045e-16
17 6 2.15002 2.22045e-16
18 6 2.15002 2.22045e-16
19 6 2.15002 2.22045e-16
20 6 2.15002 2.22045e-16

1 7 2.15002 2.22045e-16
2 7 2.15002 2.22045e-16
3 7 2.15002 2.22045e-16
4 7 2.15002 2.22045e-16
5 7 2.15002 2.22045e-16
6 7 2.15002 2.22045e-16
7 7 2.15002 2.22045e-16
8 7 2.15002 2.22045e-16
9 7 2.15002 2.22045e-16
10 7 2.15002 2.22045e-16
11 7 2.15002 2.22045e-16
12 7 2.15002 2.22045e-16
13 7 2.15002 2.22045e-16
14 7 2.15002 2.22045e-16
15 7 2.15002 2.22045e-16
16 7 2.15002 2.22045e-16
17 7 2.15002 2.22045e-16
18 7 2.15002 2.22045e-16
19 7 2.15002 2.22045e-16
20 7 2.15002 2.22045e-16

1 8 2.15002 -3.33067e-16
2 8 2.15002 -3.33067e-16
3 8 2.15002 -3.33067e-16
4 8 2.15002 -3.33067e-16
5 8 2.15002 -3.33067e-16
6 8 2.15002 -3.33067e-16
7 8 2.15002 -3.33067e-16
8 8 2.15002 -3.33067e-16
9 8 2.15002 -3.33067e-16
10 8 2.15002 -3.33067e-16
11 8 2.15002 -3.33067e-16
12 8 2.15002 -3.33067e-16
13 8 2.15002 -3.33067e-16
14 8 2.15002 -3.33067e-16
15 8 2.15002 -3.33067e-16
16 8 2.15002 -3.33067e-16
17 8 2.15002 -3.33067e-16
18 8 2.15002 -3.33067e-16
19 8 2.15002 -3.33067e-16
20 8 2.15002 -3.33067e-16

1 9 2.15002 -7.77156e-16
2 9 2.15002 -7.77156e-16
3 9 2.15002 -7.77156e-16
4 9 2.15002 -7.77156e-16
5 9 2.15002 -7.77156e-16
6 9 2.15002 -7.77156e-16
7 9 2.15002 -7.77156e-16
8 9 2.15002 -7.77156e-16
9 9 2.15002 -7.77156e-16
10 9 2.15002 -7.77156e-16
11 9 2.15002 -7.77156e-16
12 9 2.15002 -7.77156e-16
13 9 2.15002 -7.77156e-16
14 9 2.15002 -7.77156e-16
15 9 2.15002 -7.77156e-16
16 9 2.15002 -7.77156e-16
17 9 2.15002 -7.77156e-16
18 9 2.15002 -7.77156e-16
19 9 2.15002 -7.77156e-16
20 9 2.15002 -7.77156e-16

1 10 2.15002 -1.33227e-15
2 10 2.15002 -1.33227e-15
3 10 2.15002 -1.33227e-15
4 10 2.15002 -1.33227e-15
5 10 2.15002 -1.33227e-15
6 10 2.15002 -1.33227e-15
7 10 2.15002 -1.33227e-15
8 10 2.15002 -1.33227e-15
9 10 2.15002 -1.33227e-15
10 10 2.15002 -1.33227e-15
11 10 2.15002 -1.33227e-15
12 10 2.15002 -1.33227e-15
13 10 2.15002 -1.33227e-15
14 10 2.15002 -1.33227e-15
15 10 2.15002 -1.33227e-15
16 10 2.15002 -1.33227e-15
17 10 2.15002 -1.33227e-15
18 10 2.15002 -1.33227e-15
19 10 2.15002 -1.33227e-15
20 10 2.15002 -1.33227e-15

1 11 2.15002 -1.44329e-15
2 11 2.15002 -1.44329e-15
3 11 2.15002 -1.44329e-15
4 11 2.15002 -1.44329e-15
5 11 2.15002 -1.44329e-15
6 11 2.15002 -1.44329e-15
7 11 2.15002 -1.44329e-15
8 11 2.15002 -1.44329e-15
9 11 2.15002 -1.44329e-15
10 11 2.15002 -1.44329e-15
11 11 2.15002 -1.44329e-15
12 11 2.15002 -1.44329e-15
13 11 2.15002 -1.44329e-15
14 11 2.15002 -1.44329e-15
15 11 2.15002 -1.44329e-15
16 11 2.15002 -1.44329e-15
17 11 2.15002 -1.44329e-15
18 11 2.15002 -1.44329e-15
19 11 2.15002 -1.44329e-15
20 11 2.15002 -1.44329e-15

1 12 2.15002 -1.11022e-15
2 12 2.15002 -1.11022e-15
3 12 2.15002 -1.11022e-15
4 12 2.15002 -1.11022e-15
5 12 2.15002 -1.11022e-15
6 12 2.15002 -1.11022e-15
7 12 2.15002 -1.11022e-15
8 12 2.15002 -1.11022e-15
9 12 2.15002 -1.11022e-15
10 12 2.15002 -1.11022e-15
11 12 2.15002 -1.11022e-15
12 12 2.15002 -1.11022e-15
13 12 2.15002 -1.11022e-15
14 12 2.15002 -1.11022e-15
15 12 2.15002 -1.11022e-15
16 12 2.15002 -1.11022e-15
17 12 2.15002 -1.11022e-15
18 12 2.15002 -1.11022e-15
19 12 2.15002 -1.11022e-15
20 12 2.15002 -1.11022e-15

1 13 2.15002 -8.88178e-16
2 13 2.15002 -8.88178e-16
3 13 2.15002 -8.88178e-16
4 13 2.15002 -8.88178e-16
5 13 2.15002 -8.88178e-16
6 13 2.15002 -8.88178e-16
7 13 2.15002 -8.88178e-16
8 13 2.15002 -8.88178e-16
9 13 2.15002 -8.88178e-16
10 13 2.15002 -8.88178e-16
11 13 2.15002 -8.88178e-16
12 13 2.15002 -8.88178e-16
13 13 2.15002 -8.88178e-16
14 13 2.15002 -8.88178e-16
15 13 2.15002 -8.88178e-16
16 13 2.15002 -8.88178e-16
17 13 2.15002 -8.88178e-16
18 13 2.15002 -8.88178e-16
19 13 2.15002 -8.88178e-16
20 13 2.15002 -8.88178e-16

1 14 2.15002 -1.11022e-15
2 14 2.15002 -1.11022e-15
3 14 2.15002 -1.11022e-15
4 14 2.15002 -1.11022e-15
5 14 2.15002 -1.11022e-15
6 14 2.15002 -1.11022e-15
7 14 2.15002 -1.11022e-15
8 14 2.15002 -1.11022e-15
9 14 2.15002 -1.11022e-15
10 14 2.15002 -1.11022e-15
11 14 2.15002 -1.11022e-15
12 14 2.15002 -1.11022e-15
13 14 2.15002 -1.11022e-15
14 14 2.15002 -1.11022e-15
15 14 2.15002 -1.11022e-15
16 14 2.15002 -1.11022e-15
17 14 2.15002 -1.11022e-15
18 14 2.15002 -1.11022e-15
19 14 2.15002 -1.11022e-15
20 14 2.15002 -1.11022e-15

1 15 2.15002 -5.55112e-16
2 15 2.15002 -5.55112e-16
3 15 2.15002 -5.55112e-16
4 15 2.15002 -5.55112e-16
5 15 2.15002 -5.55112e-16
6 15 2.15002 -5.55112e-16
7 15 2.15002 -5.55112e-16
8 15 2.15002 -5.55112e-16
9 15 2.15002 -5.55112e-16
10 15 2.15002 -5.55112e-16
11 15 2.15002 -5.55112e-16
12 15 2.15002 -5.55112e-16
13 15 2.15002 -5.55112e-16
14 15 2.15002 -5.55112e-16
15 15 2.15002 -5.55112e-16
16 15 2.15002 -5.55112e-16
17 15 2.15002 -5.55112e-16
18 15 2.15002 -5.55112e-16
19 15 2.15002 -5.55112e-16
20 15 2.15002 -5.55112e-16

1 16 2.15002 -7.77156e-16
2 16 2.15002 -7.77156e-16
3 16 2.15002 -7.77156e-16
4 16 2.15002 -7.77156e-16
5 16 2.15002 -7.77156e-16
6 16 2.15002 -7.77156e-16
7 16 2.15002 -7.77156e-16
8 16 2.15002 -7.77156e-16
9 16 2.15002 -7.77156e-16
10 16 2.15002 -7.77156e-16
11 16 2.15002 -7.77156e-16
12 16 2.15002 -7.77156e-16
13 16 2.15002 -7.77156e-16
14 16 2.15002 -7.77156e-16
15 16 2.15002 -7.77156e-16
16 16 2.15002 -7.77156e-16
17 16 2.15002 -7.77156e-16
18 16 2.15002 -7.77156e-16
19 16 2.15002 -7.77156e-16
20 16 2.15002 -7.77156e-16

1 17 2.15002 8.88178e-16
2 17 2.15002 8.88178e-16
3 17 2.15002 8.88178e-16
4 17 2.15002 8.88178e-16
5 17 2.15002 8.88178e-16
6 17 2.15002 8.88178e-16
7 17 2.15002 8.88178e-16
8 17 2.15002 8.88178e-16
9 17 2.15002 8.88178e-16
10 17 2.15002 8.88178e-16
11 17 2.15002 8.88178e-16
12 17 2.15002 8.88178e-16
13 17 2.15002 8.88178e-16
14 17 2.15002 8.88178e-16
15 17 2.15002 8.88178e-16
16 17 2.15002 8.88178e-16
17 17 2.15002 8.88178e-16
18 17 2.15002 8.88178e-16
19 17 2.15002 8.88178e-16
20 17 2.15002 8.88178e-16

1 18 2.15002 2.22045e-16
2 18 2.15002 2.22045e-16
3 18 2.15002 2.22045e-16
4 18 2.15002 2.22045e-16
5 18 2.15002 2.22045e-16
6 18 2.15002 2.22045e-16
7 18 2.15002 2.22045e-16
8 18 2.15002 2.22045e-16
9 18 2.15002 2.22045e-16
10 18 2.15002 2.22045e-16
11 18 2.15002 2.22045e-16
12 18 2.15002 2.22045e-16
13 18 2.15002 2.22045e-16
14 18 2.15002 2.22045e-16
15 18 2.15002 2.22045e-16
16 18 2.15002 2.22045e-16
17 18 2.15002 2.22045e-16
18 18 2.15002 2.22045e-16
19 18 2.15002 2.22045e-16
20 18 2.15002 2.22045e-16

1 19 2.15002 6.66134e-16
2 19 2.15002 6.66134e-16
3 19 2.15002 6.66134e-16
4 19 2.15002 6.66134e-16
5 19 2.15002 6.66134e-16
6 19 2.15002 6.66134e-16
7 19 2.15002 6.66134e-16
8 19 2.15002 6.66134e-16
9 19 2.15002 6.66134e-16
10 19 2.15002 6.66134e-16
11 19 2.15002 6.66134e-16
12 19 2.15002 6.66134e-16
13 19 2.15002 6.66134e-16
14 19 2.15002 6.66134e-16
15 19 2.15002 6.66134e-16
16 19 2.15002 6.66134e-16
17 19 2.15002 6.66134e-16
18 19 2.15002 6.66134e-16
19 19 2.15002 6.66134e-16
20 19 2.15002 6.66134e-16

1 20 2.15002 4.44089e-16
2 20 2.15002 4.44089e-16
3 20 2.15002 4.44089e-16
4 20 2.15002 4.44089e-16
5 20 2.15002 4.44089e-16
6 20 2.15002 4.44089e-16
7 20 2.15002 4.44089e-16
8 20 2.15002 4.44089e-16
9 20 2.15002 4.44089e-16
10 20 2.15002 4.44089e-16
11 20 2.15002 4.44089e-16
12 20 2.15002 4.44089e-16
13 20 2.15002 4.44089e-16
14 20 2.15002 4.44089e-16
15 20 2.15002 4.44089e-16
16 20 2.15002 4.44089e-16
17 20 2.15002 4.44089e-16
18 20 2.15002 4.44089e-16
19 20 2.15002 4.44089e-16
20 20 2.15002 4.44089e-16

1 21 2.15002 -1.11022e-16
2 21 2.15002 -1.11022e-16
3 21 2.15002 -1.11022e-16
4 21 2.15002 -1.11022e-16
5 21 2.15002 -1.11022e-16
6 21 2.15002 -1.11022e-16
7 21 2.15002 -1.11022e-16
8 21 2.15002 -1.11022e-16
9 21 2.15002 -1.11022e-16
10 21 2.15002 -1.11022e-16
11 21 2.15002 -1.11022e-16
12 21 2.15002 -1.11022e-16
13 21 2.15002 -1.11022e-16
14 21 2.15002 -1.11022e-16
15 21 2.15002 -1.11022e-16
16 21 2.15002 -1.11022e-16
17 21 2.15002 -1.11022e-16
18 21 2.15002 -1.11022e-16
19 21 2.15002 -1.11022e-16
20 21 2.15002 -1.11022e-16

1 22 2.15002 6.66134e-16
2 22 2.15002 6.66134e-16
3 22 2.15002 6.66134e-16
4 22 2.15002 6.66134e-16
5 22 2.15002 6.66134e-16
6 22 2.15002 6.66134e-16
7 22 2.15002 6.66134e-16
8 22 2.15002 6.66134e-16
9 22 2.15002 6.66134e-16
10 22 2.15002 6.66134e-16
11 22 2.15002 6.66134e-16
12 22 2.15002 6.66134e-16
13 22 2.15002 6.66134e-16
14 22 2.15002 6.66134e-16
15 22 2.15002 6.66134e-16
16 22 2.15002 6.66134e-16
17 22 2.15002 6.66134e-16
18 22 2.15002 6.66134e-16
19 22 2.15002 6.66134e-16
20 22 2.15002 6.66134e-16

1 23 2.15002 -4.44089e-16
2 23 2.15002 -4.44089e-16
3 23 2.15002 -4.44089e-16
4 23 2.15002 -4.44089e-16
5 23 2.15002 -4.44089e-16
6 23 2.15002 -4.44089e-16
7 23 2.15002 -4.44089e-16
8 23 2.15002 -4.44089e-16
9 23 2.15002 -4.44089e-16
10 23 2.15002 -4.44089e-16
11 23 2.15002 -4.44089e-16
12 23 2.15002 -4.44089e-16
13 23 2.15002 -4.44089e-16
14 23 2.15002 -4.44089e-16
15 23 2.15002 -4.44089e-16
16 23 2.15002 -4.44089e-16
17 23 2.15002 -4.44089e-16
18 23 2.15002 -4.44089e-16
19 23 2.15002 -4.44089e-16
20 23 2.15002 -4.44089e-16

1 24 2.15002 1.11022e-16
2 24 2.15002 1.11022e-16
3 24 2.15002 1.11022e-16
4 24 2.15002 1.11022e-16
5 24 2.15002 1.11022e-16
6 24 2.15002 1.11022e-16
7 24 2.15002 1.11022e-16
8 24 2.15002 1.11022e-16
9 24 2.15002 1.11022e-16
10 24 2.15002 1.11022e-16
11 24 2.15002 1.11022e-16
12 24 2.15002 1.11022e-16
13 24 2.15002 1.11022e-16
14 24 2.15002 1.11022e-16
15 24 2.15002 1.11022e-16
16 24 2.15002 1.11022e-16
17 24 2.15002 1.11022e-16
18 24 2.15002 1.11022e-16
19 24 2.15002 1.11022e-16
20 24 2.15002 1.11022e-16

1 25 2.15002 -7.77156e-16
2 25 2.15002 -7.77156e-16
3 25 2.15002 -7.77156e-16
4 25 2.15002 -7.77156e-16
5 25 2.15002 -7.77156e-16
6 25 2.15002 -7.77156e-16
7 25 2.15002 -7.77156e-16
8 25 2.15002 -7.77156e-16
9 25 2.15002 -7.77156e-16
10 25 2.15002 -7.77156e-16
11 25 2.15002 -7.77156e-16
12 25 2.15002 -7.77156e-16
13 25 2.15002 -7.77156e-16
14 25 2.15002 -7.77156e-16
15 25 2.15002 -7.77156e-16
16 25 2.15002 -7.77156e-16
17 25 2.15002 -7.77156e-16
18 25 2.15002 -7.77156e-16
19 25 2.15002 -7.77156e-16
20 25 2.15002 -7.77156e-16

1 26 2.15002 -2.22045e-16
2 26 2.15002 -2.22045e-16
3 26 2.15002 -2.22045e-16
4 26 2.15002 -2.22045e-16
5 26 2.15002 -2.22045e-16
6 26 2.15002 -2.22045e-16
7 26 2.15002 -2.22045e-16
8 26 2.15002 -2.22045e-16
9 26 2.15002 -2.22045e-16
10 26 2.15002 -2.22045e-16
11 26 2.15002 -2.22045e-16
12 26 2.15002 -2.22045e-16
13 26 2.15002 -2.22045e-16
14 26 2.15002 -2.22045e-16
15 26 2.15002 -2.22045e-16
16 26 2.15002 -2.22045e-16
17 26 2.15002 -2.22045e-16
18 26 2.15002 -2.22045e-16
19 26 2.15002 -2.22045e-16
20 26 2.15002 -2.22045e-16

1 27 2.15002 -8.88178e-16
2 27 2.15002 -8.88178e-16
3 27 2.15002 -8.88178e-16
4 27 2.15002 -8.88178e-16
5 27 2.15002 -8.88178e-16
6 27 2.15002 -8.88178e-16
7 27 2.15002 -8.88178e-16
8 27 2.15002 -8.88178e-16
9 27 2.15002 -8.88178e-16
10 27 2.15002 -8.88178e-16
11 27 2.15002 -8.88178e-16
12 27 2.15002 -8.88178e-16
13 27 2.15002 -8.88178e-16
14 27 2.15002 -8.88178e-16
15 27 2.15002 -8.88178e-16
16 27 2.15002 -8.88178e-16
17 27 2.15002 -8.88178e-16
18 27 2.15002 -8.88178e-16
19 27 2.15002 -8.88178e-16
20 27 2.15002 -8.88178e-16

1 28 2.15002 0
2 28 2.15002 0
3 28 2.15002 0
4 28 2.15002 0
5 28 2.15002 0
6 28 2.15002 0
7 28 2.15002 0
8 28 2.15002 0
9 28 2.15002 0
10 28 2.15002 0
11 28 2.15002 0
12 28 2.15002 0
13 28 2.15002 0
14 28 2.15002 0
15 28 2.15002 0
16 28 2.15002 0
17 28 2.15002 0
18 28 2.15002 0
19 28 2.15002 0
20 28 2.15002 0

1 29 2.15002 3.33067e-16
2 29 2.15002 3.33067e-16
3 29 2.15002 3.33067e-16
4 29 2.15002 3.33067e-16
5 29 2.15002 3.33067e-16
6 29 2.15002 3.33067e-16
7 29 2.15002 3.33067e-16
8 29 2.15002 3.33067e-16
9 29 2.15002 3.33067e-16
10 29 2.15002 3.33067e-16
11 29 2.15002 3.33067e-16
12 29 2.15002 3.33067e-16
13 29 2.15002 3.33067e-16
14 29 2.15002 3.33067e-16
15 29 2.15002 3.33067e-16
16 29 2.15002 3.33067e-16
17 29 2.15002 3.33067e-16
18 29 2.15002 3.33067e-16
19 29 2.15002 3.33067e-16
20 29 2.15002 3.33067e-16

1 30 2.15002 1.11022e-16
2 30 2.15002 1.11022e-16
3 30 2.15002 1.11022e-16
4 30 2.15002 1.11022e-16
5 30 2.15002 1.11022e-16
6 30 2.15002 1.11022e-16
7 30 2.15002 1.11022e-16
8 30 2.15002 1.11022e-16
9 30 2.15002 1.11022e-16
10 30 2.15002 1.11022e-16
11 30 2.15002 1.11022e-16
12 30 2.15002 1.11022e-16
13 30 2.15002 1.11022e-16
14 30 2.15002 1.11022e-16
15 30 2.15002 1.11022e-16
16 30 2.15002 1.11022e-16
17 30 2.15002 1.11022e-16
18 30 2.15002 1.11022e-16
19 30 2.15002 1.11022e-16
20 30 2.15002 1.11022e-16

1 31 2.15002 1.11022e-15
2 31 2.15002 1.11022e-15
3 31 2.15002 1.11022e-15
4 31 2.15002 1.11022e-15
5 31 2.15002 1.11022e-15
6 31 2.15002 1.11022e-15
7 31 2.15002 1.11022e-15
8 31 2.15002 1.11022e-15
9 31 2.15002 1.11022e-15
10 31 2.15002 1.11022e-15
11 31 2.15002 1.11022e-15
12 31 2.15002 1.11022e-15
13 31 2.15002 1.11022e-15
14 31 2.15002 1.11022e-15
15 31 2.15002 1.11022e-15
16 31 2.15002 1.11022e-15
17 31 2.15002 1.11022e-15
18 31 2.15002 1.11022e-15
19 31 2.15002 1.11022e-15
20 31 2.15002 1.11022e-15

1 32 2.15002 0
2 32 2.15002 0
3 32 2.15002 0
4 32 2.15002 0
5 32 2.15002 0
6 32 2.15002 0
7 32 2.15002 0
8 32 2.15002 0
9 32 2.15002 0
10 32 2.15002 0
11 32 2.15002 0
12 32 2.15002 0
13 32 2.15002 0
14 32 2.15002 0
15 32 2.15002 0
16 32 2.15002 0
17 32 2.15002 0
18 32 2.15002 0
19 32 2.15002 0
20 32 2.15002 0

1 33 2.15002 -1.22125e-15
2 33 2.15002 -1.22125e-15
3 33 2.15002 -1.22125e-15
4 33 2.15002 -1.22125e-15
5 33 2.15002 -1.22125e-15
6 33 2.15002 -1.22125e-15
7 33 2.15002 -1.22125e-15
8 33 2.15002 -1.22125e-15
9 33 2.15002 -1.22125e-15
10 33 2.15002 -1.22125e-15
11 33 2.15002 -1.22125e-15
12 33 2.15002 -1.22125e-15
13 33 2.15002 -1.22125e-15
14 33 2.15002 -1.22125e-15
15 33 2.15002 -1.22125e-15
16 33 2.15002 -1.22125e-15
17 33 2.15002 -1.22125e-15
18 33 2.15002 -1.22125e-15
19 33 2.15002 -1.22125e-15
20 33 2.15002 -1.22125e-15

1 34 2.15002 -1.44329e-15
2 34 2.15002 -1.44329e-15
3 34 2.15002 -1.44329e-15
4 34 2.15002 -1.44329e-15
5 34 2.15002 -1.44329e-15
6 34 2.15002 -1.44329e-15
7 34 2.15002 -1.44329e-15
8 34 2.15002 -1.44329e-15
9 34 2.15002 -1.44329e-15
10 34 2.15002 -1.44329e-15
11 34 2.15002 -1.44329e-15
12 34 2.15002 -1.44329e-15
13 34 2.15002 -1.44329e-15
14 34 2.15002 -1.44329e-15
15 34 2.15002 -1.44329e-15
16 34 2.15002 -1.44329e-15
17 34 2.15002 -1.44329e-15
18 34 2.15002 -1.44329e-15
19 34 2.15002 -1.44329e-15
20 34 2.15002 -1.44329e-15

1 35 2.15002 -6.66134e-16
2 35 2.15002 -6.66134e-16
3 35 2.15002 -6.66134e-16
4 35 2.15002 -6.66134e-16
5 35 2.15002 -6.66134e-16
6 35 2.15002 -6.66134e-16
7 35 2.15002 -6.66134e-16
8 35 2.15002 -6.66134e-16
9 35 2.15002 -6.66134e-16
10 35 2.15002 -6.66134e-16
11 35 2.15002 -6.66134e-16
12 35 2.15002 -6.66134e-16
13 35 2.15002 -6.66134e-16
14 35 2.15002 -6.66134e-16
15 35 2.15002 -6.66134e-16
16 35 2.15002 -6.66134e-16
17 35 2.15002 -6.66134e-16
18 35 2.15002 -6.66134e-16
19 35 2.15002 -6.66134e-16
20 35 2.15002 -6.66134e-16

1 36 2.15002 6.66134e-16
2 36 2.15002 6.66134e-16
3 36 2.15002 6.66134e-16
4 36 2.15002 6.66134e-16
5 36 2.15002 6.66134e-16
6 36 2.15002 6.66134e-16
7 36 2.15002 6.66134e-16
8 36 2.15002 6.66134e-16
9 36 2.15002 6.66134e-16
10 36 2.15002 6.66134e-16
11 36 2.15002 6.66134e-16
12 36 2.15002 6.66134e-16
13 36 2.15002 6.66134e-16
14 36 2.15002 6.66134e-16
15 36 2.15002 6.66134e-16
16 36 2.15002 6.66134e-16
17 36 2.15002 6.66134e-16
18 36 2.15002 6.66134e-16
19 36 2.15002 6.66134e-16
20 36 2.15002 6.66134e-16

1 37 2.15002 4.44089e-16
2 37 2.15002 4.44089e-16
3 37 2.15002 4.44089e-16
4 37 2.15002 4.44089e-16
5 37 2.15002 4.44089e-16
6 37 2.15002 4.44089e-16
7 37 2.15002 4.44089e-16
8 37 2.15002 4.44089e-16
9 37 2.15002 4.44089e-16
10 37 2.15002 4.44089e-16
11 37 2.15002 4.44089e-16
12 37 2.15002 4.44089e-16
13 37 2.15002 4.44089e-16
14 37 2.15002 4.44089e-16
15 37 2.15002 4.44089e-16
16 37 2.15002 4.44089e-16
17 37 2.15002 4.44089e-16
18 37 2.15002 4.44089e-16
19 37 2.15002 4.44089e-16
20 37 2.15002 4.44089e-16

1 38 2.15002 9.99201e-16
2 38 2.15002 9.99201e-16
3 38 2.15002 9.99201e-16
4 38 2.15002 9.99201e-16
5 38 2.15002 9.99201e-16
6 38 2.15002 9.99201e-16
7 38 2.15002 9.99201e-16
8 38 2.15002 9.99201e-16
9 38 2.15002 9.99201e-16
10 38 2.15002 9.99201e-16
11 38 2.15002 9.99201e-16
12 38 2.15002 9.99201e-16
13 38 2.15002 9.99201e-16
14 38 2.15002 9.99201e-16
15 38 2.15002 9.99201e-16
16 38 2.15002 9.99201e-16
17 38 2.15002 9.99201e-16
18 38 2.15002 9.99201e-16
19 38 2.15002 9.99201e-16
20 38 2.15002 9.99201e-16

1 39 2.15002 -2.22045e-16
2 39 2.15002 -2.22045e-16
3 39 2.15002 -2.22045e-16
4 39 2.15002 -2.22045e-16
5 39 2.15002 -2.22045e-16
6 39 2.15002 -2.22045e-16
7 39 2.15002 -2.22045e-16
8 39 2.15002 -2.22045e-16
9 39 2.15002 -2.22045e-16
10 39 2.15002 -2.22045e-16
11 39 2.15002 -2.22045e-16
12 39 2.15002 -2.22045e-16
13 39 2.15002 -2.22045e-16
14 39 2.15002 -2.22045e-16
15 39 2.15002 -2.22045e-16
16 39 2.15002 -2.22045e-16
17 39 2.15002 -2.22045e-16
18 39 2.15002 -2.22045e-16
19 39 2.15002 -2.22045e-16
20 39 2.15002 -2.22045e-16

1 40 2.15002 -2.22045e-16
2 40 2.15002 -2.22045e-16
3 40 2.15002 -2.22045e-16
4 40 2.15002 -2.22045e-16
5 40 2.15002 -2.22045e-16
6 40 2.15002 -2.22045e-16
7 40 2.15002 -2.22045e-16
8 40 2.15002 -2.22045e-16
9 40 2.15002 -2.22045e-16
10 40 2.15002 -2.22045e-16
11 40 2.15002 -2.22045e-16
12 40 2.15002 -2.22045e-16
13 40 2.15002 -2.22045e-16
14 40 2.15002 -2.22045e-16
15 40 2.15002 -2.22045e-16
16 40 2.15002 -2.22045e-16
17 40 2.15002 -2.22045e-16
18 40 2.15002 -2.22045e-16
19 40 2.15002 -2.22045e-16
20 40 2.15002 -2.22045e-16

1 41 2.15002 -4.44089e-16
2 41 2.15002 -4.44089e-16
3 41 2.15002 -4.44089e-16
4 41 2.15002 -4.44089e-16
5 41 2.15002 -4.44089e-16
6 41 2.15002 -4.44089e-16
7 41 2.15002 -4.44089e-16
8 41 2.15002 -4.44089e-16
9 41 2.15002 -4.44089e-16
10 41 2.15002 -4.44089e-16
11 41 2.15002 -4.44089e-16
12 41 2.15002 -4.44089e-16
13 41 2.15002 -4.44089e-16
14 41 2.15002 -4.44089e-16
15 41 2.15002 -4.44089e-16
16 41 2.15002 -4.44089e-16
17 41 2.15002 -4.44089e-16
18 41 2.15002 -4.44089e-16
19 41 2.15002 -4.44089e-16
20 41 2.15002 -4.44089e-16

1 42 2.15002 1.11022e-16
2 42 2.15002 1.11022e-16
3 42 2.15002 1.11022e-16
4 42 2.15002 1.11022e-16
5 42 2.15002 1.11022e-16
6 42 2.15002 1.11022e-16
7 42 2.15002 1.11022e-16
8 42 2.15002 1.11022e-16
9 42 2.15002 1.11022e-16
10 42 2.15002 1.11022e-16
11 42 2.15002 1.11022e-16
12 42 2.15002 1.11022e-16
13 42 2.15002 1.11022e-16
14 42 2.15002 1.11022e-16
15 42 2.15002 1.11022e-16
16 42 2.15002 1.11022e-16
17 42 2.15002 1.11022e-16
18 42 2.15002 1.11022e-16
19 42 2.15002 1.11022e-16
20 42 2.15002 1.11022e-16

1 43 2.15002 1.11022e-16
2 43 2.15002 1.11022e-16
3 43 2.15002 1.11022e-16
4 43 2.15002 1.11022e-16
5 43 2.15002 1.11022e-16
6 43 2.15002 1.11022e-16
7 43 2.15002 1.11022e-16
8 43 2.15002 1.11022e-16
9 43 2.15002 1.11022e-16
10 43 2.15002 1.11022e-16
11 43 2.15002 1.11022e-16
12 43 2.15002 1.11022e-16
13 43 2.15002 1.11022e-16
14 43 2.15002 1.11022e-16
15 43 2.15002 1.11022e-16
16 43 2.15002 1.11022e-16
17 43 2.15002 1.11022e-16
18 43 2.15002 1.11022e-16
19 43 2.15002 1.11022e-16
20 43 2.15002 1.11022e-16

1 44 2.15002 1.22125e-15
2 44 2.15002 1.22125e-15
3 44 2.15002 1.22125e-15
4 44 2.15002 1.22125e-15
5 44 2.15002 1.22125e-15
6 44 2.15002 1.22125e-15
7 44 2.15002 1.22125e-15
8 44 2.15002 1.22125e-15
9 44 2.15002 1.22125e-15
10 44 2.15002 1.22125e-15
11 44 2.15002 1.22125e-15
12 44 2.15002 1.22125e-15
13 44 2.15002 1.22125e-15
14 44 2.15002 1.22125e-15
15 44 2.15002 1.22125e-15
16 44 2.15002 1.22125e-15
17 44 2.15002 1.22125e-15
18 44 2.15002 1.22125e-15
19 44 2.15002 1.22125e-15
20 44 2.15002 1.22125e-15

1 45 2.15002 9.99201e-16
2 45 2.15002 9.99201e-16
3 45 2.15002 9.99201e-16
4 45 2.15002 9.99201e-16
5 45 2.15002 9.99201e-16
6 45 2.15002 9.99201e-16
7 45 2.15002 9.99201e-16
8 45 2.15002 9.99201e-16
9 45 2.15002 9.99201e-16
10 45 2.15002 9.99201e-16
11 45 2.15002 9.99201e-16
12 45 2.15002 9.99201e-16
13 45 2.15002 9.99201e-16
14 45 2.15002 9.99201e-16
15 45 2.15002 9.99201e-16
16 45 2.15002 9.99201e-16
17 45 2.15002 9.99201e-16
18 45 2.15002 9.99201e-16
19 45 2.15002 9.99201e-16
20 45 2.15002 9.99201e-16

1 46 2.15002 5.55112e-16
2 46 2.15002 5.55112e-16
3 46 2.15002 5.55112e-16
4 46 2.15002 5.55112e-16
5 46 2.15002 5.55112e-16
6 46 2.15002 5.55112e-16
7 46 2.15002 5.55112e-16
8 46 2.15002 5.55112e-16
9 46 2.15002 5.55112e-16
10 46 2.15002 5.55112e-16
11 46 2.15002 5.55112e-16
12 46 2.15002 5.55112e-16
13 46 2.15002 5.55112e-16
14 46 2.15002 5.55112e-16
15 46 2.15002 5.55112e-16
16 46 2.15002 5.55112e-16
17 46 2.15002 5.55112e-16
18 46 2.15002 5.55112e-16
19 46 2.15002 5.55112e-16
20 46 2.15002 5.55112e-16

1 47 2.15002 8.88178e-16
2 47 2.15002 8.88178e-16
3 47 2.15002 8.88178e-16
4 47 2.15002 8.88178e-16
5 47 2.15002 8.88178e-16
6 47 2.15002 8.88178e-16
7 47 2.15002 8.88178e-16
8 47 2.15002 8.88178e-16
9 47 2.15002 8.88178e-16
10 47 2.15002 8.88178e-16
11 47 2.15002 8.88178e-16
12 47 2.15002 8.88178e-16
13 47 2.15002 8.88178e-16
14 47 2.15002 8.88178e-16
15 47 2.15002 8.88178e-16
16 47 2.15002 8.88178e-16
17 47 2.15002 8.88178e-16
18 47 2.15002 8.88178e-16
19 47 2.15002 8.88178e-16
20 47 2.15002 8.88178e-16

1 48 2.15002 8.88178e-16
2 48 2.15002 8.88178e-16
3 48 2.15002 8.88178e-16
4 48 2.15002 8.88178e-16
5 48 2.15002 8.88178e-16
6 48 2.15002 8.88178e-16
7 48 2.15002 8.88178e-16
8 48 2.15002 8.88178e-16
9 48 2.15002 8.88178e-16
10 48 2.15002 8.88178e-16
11 48 2.15002 8.88178e-16
12 48 2.15002 8.88178e-16
13 48 2.15002 8.88178e-16
14 48 2.15002 8.88178e-16
15 48 2.15002 8.88178e-16
16 48 2.15002 8.88178e-16
17 48 2.15002 8.88178e-16
18 48 2.15002 8.88178e-16
19 48 2.15002 8.88178e-16
20 48 2.15002 8.88178e-16

1 49 2.15002 1.11022e-16
2 49 2.15002 1.11022e-16
3 49 2.15002 1.11022e-16
4 49 2.15002 1.11022e-16
5 49 2.15002 1.11022e-16
6 49 2.15002 1.11022e-16
7 49 2.15002 1.11022e-16
8 49 2.15002 1.11022e-16
9 49 2.15002 1.11022e-16
10 49 2.15002 1.11022e-16
11 49 2.15002 1.11022e-16
12 49 2.15002 1.11022e-16
13 49 2.15002 1.11022e-16
14 49 2.15002 1.11022e-16
15 49 2.15002 1.11022e-16
16 49 2.15002 1.11022e-16
17 49 2.15002 1.11022e-16
18 49 2.15002 1.11022e-16
19 49 2.15002 1.11022e-16
20 49 2.15002 1.11022e-16

1 50 2.15002 2.22045e-16
2 50 2.15002 2.22045e-16
3 50 2.15002 2.22045e-16
4 50 2.15002 2.22045e-16
5 50 2.15002 2.22045e-16
6 50 2.15002 2.22045e-16
7 50 2.15002 2.22045e-16
8 50 2.15002 2.22045e-16
9 50 2.15002 2.22045e-16
10 50 2.15002 2.22045e-16
11 50 2.15002 2.22045e-16
12 50 2.15002 2.22045e-16
13 50 2.15002 2.22045e-16
14 50 2.15002 2.22045e-16
15 50 2.15002 2.22045e-16
16 50 2.15002 2.22045e-16
17 50 2.15002 2.22045e-16
18 50 2.15002 2.22045e-16
19 50 2.15002 2.22045e-16
20 50 2.15002 2.22045e-16

