1 1 3.12502 -6.66134e-16
2 1 3.12502 -6.66134e-16
3 1 3.12502 -6.66134e-16
4 1 3.12502 -6.66134e-16
5 1 3.12502 -6.66134e-16
6 1 3.12502 -6.66134e-16
7 1 3.12502 -6.66134e-16
8 1 3.12502 -6.66134e-16
9 1 3.12502 -6.66134e-16
10 1 3.12502 -6.66134e-16
11 1 3.12502 -6.66134e-16
12 1 3.12502 -6.66134e-16
13 1 3.12502 -6.66134e-16
14 1 3.12502 -6.66134e-16
15 1 3.12502 -6.66134e-16
16 1 3.12502 -6.66134e-16
17 1 3.12502 -6.66134e-16
18 1 3.12502 -6.66134e-16
19 1 3.12502 -6.66134e-16
20 1 3.12502 -6.66134e-16

1 2 3.12502 0
2 2 3.12502 0
3 2 3.12502 0
4 2 3.12502 0
5 2 3.12502 0
6 2 3.12502 0
7 2 3.12502 0
8 2 3.12502 0
9 2 3.12502 0
10 2 3.12502 0
11 2 3.12502 0
12 2 3.12502 0
13 2 3.12502 0
14 2 3.12502 0
15 2 3.12502 0
16 2 3.12502 0
17 2 3.12502 0
18 2 3.12502 0
19 2 3.12502 0
20 2 3.12502 0

1 3 3.12502 -1.9984e-15
2 3 3.12502 -1.9984e-15
3 3 3.12502 -1.9984e-15
4 3 3.12502 -1.9984e-15
5 3 3.12502 -1.9984e-15
6 3 3.12502 -1.9984e-15
7 3 3.12502 -1.9984e-15
8 3 3.12502 -1.9984e-15
9 3 3.12502 -1.9984e-15
10 3 3.12502 -1.9984e-15
11 3 3.12502 -1.9984e-15
12 3 3.12502 -1.9984e-15
13 3 3.12502 -1.9984e-15
14 3 3.12502 -1.9984e-15
15 3 3.12502 -1.9984e-15
16 3 3.12502 -1.9984e-15
17 3 3.12502 -1.9984e-15
18 3 3.12502 -1.9984e-15
19 3 3.12502 -1.9984e-15
20 3 3.12502 -1.9984e-15

1 4 3.12502 6.66134e-16
2 4 3.12502 6.66134e-16
3 4 3.12502 6.66134e-16
4 4 3.12502 6.66134e-16
5 4 3.12502 6.66134e-16
6 4 3.12502 6.66134e-16
7 4 3.12502 6.66134e-16
8 4 3.12502 6.66134e-16
9 4 3.12502 6.66134e-16
10 4 3.12502 6.66134e-16
11 4 3.12502 6.66134e-16
12 4 3.12502 6.66134e-16
13 4 3.12502 6.66134e-16
14 4 3.12502 6.66134e-16
15 4 3.12502 6.66134e-16
16 4 3.12502 6.66134e-16
17 4 3.12502 6.66134e-16
18 4 3.12502 6.66134e-16
19 4 3.12502 6.66134e-16
20 4 3.12502 6.66134e-16

1 5 3.12502 -6.66134e-16
2 5 3.12502 -6.66134e-16
3 5 3.12502 -6.66134e-16
4 5 3.12502 -6.66134e-16
5 5 3.12502 -6.66134e-16
6 5 3.12502 -6.66134e-16
7 5 3.12502 -6.66134e-16
8 5 3.12502 -6.66134e-16
9 5 3.12502 -6.66134e-16
10 5 3.12502 -6.66134e-16
11 5 3.12502 -6.66134e-16
12 5 3.12502 -6.66134e-16
13 5 3.12502 -6.66134e-16
14 5 3.12502 -6.66134e-16
15 5 3.12502 -6.66134e-16
16 5 3.12502 -6.66134e-16
17 5 3.12502 -6.66134e-16
18 5 3.12502 -6.66134e-16
19 5 3.12502 -6.66134e-16
20 5 3.12502 -6.66134e-16

1 6 3.12502 2.22045e-16
2 6 3.12502 2.22045e-16
3 6 3.12502 2.22045e-16
4 6 3.12502 2.22045e-16
5 6 3.12502 2.22045e-16
6 6 3.12502 2.22045e-16
7 6 3.12502 2.22045e-16
8 6 3.12502 2.22045e-16
9 6 3.12502 2.22045e-16
10 6 3.12502 2.22045e-16
11 6 3.12502 2.22045e-16
12 6 3.12502 2.22045e-16
13 6 3.12502 2.22045e-16
14 6 3.12502 2.22045e-16
15 6 3.12502 2.22045e-16
16 6 3.12502 2.22045e-16
17 6 3.12502 2.22045e-16
18 6 3.12502 2.22045e-16
19 6 3.12502 2.22045e-16
20 6 3.12502 2.22045e-16

1 7 3.12502 -4.44089e-16
2 7 3.12502 -4.44089e-16
3 7 3.12502 -4.44089e-16
4 7 3.12502 -4.44089e-16
5 7 3.12502 -4.44089e-16
6 7 3.12502 -4.44089e-16
7 7 3.12502 -4.44089e-16
8 7 3.12502 -4.44089e-16
9 7 3.12502 -4.44089e-16
10 7 3.12502 -4.44089e-16
11 7 3.12502 -4.44089e-16
12 7 3.12502 -4.44089e-16
13 7 3.12502 -4.44089e-16
14 7 3.12502 -4.44089e-16
15 7 3.12502 -4.44089e-16
16 7 3.12502 -4.44089e-16
17 7 3.12502 -4.44089e-16
18 7 3.12502 -4.44089e-16
19 7 3.12502 -4.44089e-16
20 7 3.12502 -4.44089e-16

1 8 3.12502 1.33227e-15
2 8 3.12502 1.33227e-15
3 8 3.12502 1.33227e-15
4 8 3.12502 1.33227e-15
5 8 3.12502 1.33227e-15
6 8 3.12502 1.33227e-15
7 8 3.12502 1.33227e-15
8 8 3.12502 1.33227e-15
9 8 3.12502 1.33227e-15
10 8 3.12502 1.33227e-15
11 8 3.12502 1.33227e-15
12 8 3.12502 1.33227e-15
13 8 3.12502 1.33227e-15
14 8 3.12502 1.33227e-15
15 8 3.12502 1.33227e-15
16 8 3.12502 1.33227e-15
17 8 3.12502 1.33227e-15
18 8 3.12502 1.33227e-15
19 8 3.12502 1.33227e-15
20 8 3.12502 1.33227e-15

1 9 3.12502 1.77636e-15
2 9 3.12502 1.77636e-15
3 9 3.12502 1.77636e-15
4 9 3.12502 1.77636e-15
5 9 3.12502 1.77636e-15
6 9 3.12502 1.77636e-15
7 9 3.12502 1.77636e-15
8 9 3.12502 1.77636e-15
9 9 3.12502 1.77636e-15
10 9 3.12502 1.77636e-15
11 9 3.12502 1.77636e-15
12 9 3.12502 1.77636e-15
13 9 3.12502 1.77636e-15
14 9 3.12502 1.77636e-15
15 9 3.12502 1.77636e-15
16 9 3.12502 1.77636e-15
17 9 3.12502 1.77636e-15
18 9 3.12502 1.77636e-15
19 9 3.12502 1.77636e-15
20 9 3.12502 1.77636e-15

1 10 3.12502 1.11022e-15
2 10 3.12502 1.11022e-15
3 10 3.12502 1.11022e-15
4 10 3.12502 1.11022e-15
5 10 3.12502 1.11022e-15
6 10 3.12502 1.11022e-15
7 10 3.12502 1.11022e-15
8 10 3.12502 1.11022e-15
9 10 3.12502 1.11022e-15
10 10 3.12502 1.11022e-15
11 10 3.12502 1.11022e-15
12 10 3.12502 1.11022e-15
13 10 3.12502 1.11022e-15
14 10 3.12502 1.11022e-15
15 10 3.12502 1.11022e-15
16 10 3.12502 1.11022e-15
17 10 3.12502 1.11022e-15
18 10 3.12502 1.11022e-15
19 10 3.12502 1.11022e-15
20 10 3.12502 1.11022e-15

1 11 3.12502 8.88178e-16
2 11 3.12502 8.88178e-16
3 11 3.12502 8.88178e-16
4 11 3.12502 8.88178e-16
5 11 3.12502 8.88178e-16
6 11 3.12502 8.88178e-16
7 11 3.12502 8.88178e-16
8 11 3.12502 8.88178e-16
9 11 3.12502 8.88178e-16
10 11 3.12502 8.88178e-16
11 11 3.12502 8.88178e-16
12 11 3.12502 8.88178e-16
13 11 3.12502 8.88178e-16
14 11 3.12502 8.88178e-16
15 11 3.12502 8.88178e-16
16 11 3.12502 8.88178e-16
17 11 3.12502 8.88178e-16
18 11 3.12502 8.88178e-16
19 11 3.12502 8.88178e-16
20 11 3.12502 8.88178e-16

1 12 3.12502 1.11022e-15
2 12 3.12502 1.11022e-15
3 12 3.12502 1.11022e-15
4 12 3.12502 1.11022e-15
5 12 3.12502 1.11022e-15
6 12 3.12502 1.11022e-15
7 12 3.12502 1.11022e-15
8 12 3.12502 1.11022e-15
9 12 3.12502 1.11022e-15
10 12 3.12502 1.11022e-15
11 12 3.12502 1.11022e-15
12 12 3.12502 1.11022e-15
13 12 3.12502 1.11022e-15
14 12 3.12502 1.11022e-15
15 12 3.12502 1.11022e-15
16 12 3.12502 1.11022e-15
17 12 3.12502 1.11022e-15
18 12 3.12502 1.11022e-15
19 12 3.12502 1.11022e-15
20 12 3.12502 1.11022e-15

1 13 3.12502 4.44089e-16
2 13 3.12502 4.44089e-16
3 13 3.12502 4.44089e-16
4 13 3.12502 4.44089e-16
5 13 3.12502 4.44089e-16
6 13 3.12502 4.44089e-16
7 13 3.12502 4.44089e-16
8 13 3.12502 4.44089e-16
9 13 3.12502 4.44089e-16
10 13 3.12502 4.44089e-16
11 13 3.12502 4.44089e-16
12 13 3.12502 4.44089e-16
13 13 3.12502 4.44089e-16
14 13 3.12502 4.44089e-16
15 13 3.12502 4.44089e-16
16 13 3.12502 4.44089e-16
17 13 3.12502 4.44089e-16
18 13 3.12502 4.44089e-16
19 13 3.12502 4.44089e-16
20 13 3.12502 4.44089e-16

1 14 3.12502 -2.22045e-16
2 14 3.12502 -2.22045e-16
3 14 3.12502 -2.22045e-16
4 14 3.12502 -2.22045e-16
5 14 3.12502 -2.22045e-16
6 14 3.12502 -2.22045e-16
7 14 3.12502 -2.22045e-16
8 14 3.12502 -2.22045e-16
9 14 3.12502 -2.22045e-16
10 14 3.12502 -2.22045e-16
11 14 3.12502 -2.22045e-16
12 14 3.12502 -2.22045e-16
13 14 3.12502 -2.22045e-16
14 14 3.12502 -2.22045e-16
15 14 3.12502 -2.22045e-16
16 14 3.12502 -2.22045e-16
17 14 3.12502 -2.22045e-16
18 14 3.12502 -2.22045e-16
19 14 3.12502 -2.22045e-16
20 14 3.12502 -2.22045e-16

1 15 3.12502 4.44089e-16
2 15 3.12502 4.44089e-16
3 15 3.12502 4.44089e-16
4 15 3.12502 4.44089e-16
5 15 3.12502 4.44089e-16
6 15 3.12502 4.44089e-16
7 15 3.12502 4.44089e-16
8 15 3.12502 4.44089e-16
9 15 3.12502 4.44089e-16
10 15 3.12502 4.44089e-16
11 15 3.12502 4.44089e-16
12 15 3.12502 4.44089e-16
13 15 3.12502 4.44089e-16
14 15 3.12502 4.44089e-16
15 15 3.12502 4.44089e-16
16 15 3.12502 4.44089e-16
17 15 3.12502 4.44089e-16
18 15 3.12502 4.44089e-16
19 15 3.12502 4.44089e-16
20 15 3.12502 4.44089e-16

1 16 3.12502 2.22045e-16
2 16 3.12502 2.22045e-16
3 16 3.12502 2.22045e-16
4 16 3.12502 2.22045e-16
5 16 3.12502 2.22045e-16
6 16 3.12502 2.22045e-16
7 16 3.12502 2.22045e-16
8 16 3.12502 2.22045e-16
9 16 3.12502 2.22045e-16
10 16 3.12502 2.22045e-16
11 16 3.12502 2.22045e-16
12 16 3.12502 2.22045e-16
13 16 3.12502 2.22045e-16
14 16 3.12502 2.22045e-16
15 16 3.12502 2.22045e-16
16 16 3.12502 2.22045e-16
17 16 3.12502 2.22045e-16
18 16 3.12502 2.22045e-16
19 16 3.12502 2.22045e-16
20 16 3.12502 2.22045e-16

1 17 3.12502 -4.44089e-16
2 17 3.12502 -4.44089e-16
3 17 3.12502 -4.44089e-16
4 17 3.12502 -4.44089e-16
5 17 3.12502 -4.44089e-16
6 17 3.12502 -4.44089e-16
7 17 3.12502 -4.44089e-16
8 17 3.12502 -4.44089e-16
9 17 3.12502 -4.44089e-16
10 17 3.12502 -4.44089e-16
11 17 3.12502 -4.44089e-16
12 17 3.12502 -4.44089e-16
13 17 3.12502 -4.44089e-16
14 17 3.12502 -4.44089e-16
15 17 3.12502 -4.44089e-16
16 17 3.12502 -4.44089e-16
17 17 3.12502 -4.44089e-16
18 17 3.12502 -4.44089e-16
19 17 3.12502 -4.44089e-16
20 17 3.12502 -4.44089e-16

1 18 3.12502 -1.11022e-15
2 18 3.12502 -1.11022e-15
3 18 3.12502 -1.11022e-15
4 18 3.12502 -1.11022e-15
5 18 3.12502 -1.11022e-15
6 18 3.12502 -1.11022e-15
7 18 3.12502 -1.11022e-15
8 18 3.12502 -1.11022e-15
9 18 3.12502 -1.11022e-15
10 18 3.12502 -1.11022e-15
11 18 3.12502 -1.11022e-15
12 18 3.12502 -1.11022e-15
13 18 3.12502 -1.11022e-15
14 18 3.12502 -1.11022e-15
15 18 3.12502 -1.11022e-15
16 18 3.12502 -1.11022e-15
17 18 3.12502 -1.11022e-15
18 18 3.12502 -1.11022e-15
19 18 3.12502 -1.11022e-15
20 18 3.12502 -1.11022e-15

1 19 3.12502 -6.66134e-16
2 19 3.12502 -6.66134e-16
3 19 3.12502 -6.66134e-16
4 19 3.12502 -6.66134e-16
5 19 3.12502 -6.66134e-16
6 19 3.12502 -6.66134e-16
7 19 3.12502 -6.66134e-16
8 19 3.12502 -6.66134e-16
9 19 3.12502 -6.66134e-16
10 19 3.12502 -6.66134e-16
11 19 3.12502 -6.66134e-16
12 19 3.12502 -6.66134e-16
13 19 3.12502 -6.66134e-16
14 19 3.12502 -6.66134e-16
15 19 3.12502 -6.66134e-16
16 19 3.12502 -6.66134e-16
17 19 3.12502 -6.66134e-16
18 19 3.12502 -6.66134e-16
19 19 3.12502 -6.66134e-16
20 19 3.12502 -6.66134e-16

1 20 3.12502 2.22045e-16
2 20 3.12502 2.22045e-16
3 20 3.12502 2.22045e-16
4 20 3.12502 2.22045e-16
5 20 3.12502 2.22045e-16
6 20 3.12502 2.22045e-16
7 20 3.12502 2.22045e-16
8 20 3.12502 2.22045e-16
9 20 3.12502 2.22045e-16
10 20 3.12502 2.22045e-16
11 20 3.12502 2.22045e-16
12 20 3.12502 2.22045e-16
13 20 3.12502 2.22045e-16
14 20 3.12502 2.22045e-16
15 20 3.12502 2.22045e-16
16 20 3.12502 2.22045e-16
17 20 3.12502 2.22045e-16
18 20 3.12502 2.22045e-16
19 20 3.12502 2.22045e-16
20 20 3.12502 2.22045e-16

1 21 3.12502 -1.11022e-15
2 21 3.12502 -1.11022e-15
3 21 3.12502 -1.11022e-15
4 21 3.12502 -1.11022e-15
5 21 3.12502 -1.11022e-15
6 21 3.12502 -1.11022e-15
7 21 3.12502 -1.11022e-15
8 21 3.12502 -1.11022e-15
9 21 3.12502 -1.11022e-15
10 21 3.12502 -1.11022e-15
11 21 3.12502 -1.11022e-15
12 21 3.12502 -1.11022e-15
13 21 3.12502 -1.11022e-15
14 21 3.12502 -1.11022e-15
15 21 3.12502 -1.11022e-15
16 21 3.12502 -1.11022e-15
17 21 3.12502 -1.11022e-15
18 21 3.12502 -1.11022e-15
19 21 3.12502 -1.11022e-15
20 21 3.12502 -1.11022e-15

1 22 3.12502 -2.22045e-15
2 22 3.12502 -2.22045e-15
3 22 3.12502 -2.22045e-15
4 22 3.12502 -2.22045e-15
5 22 3.12502 -2.22045e-15
6 22 3.12502 -2.22045e-15
7 22 3.12502 -2.22045e-15
8 22 3.12502 -2.22045e-15
9 22 3.12502 -2.22045e-15
10 22 3.12502 -2.22045e-15
11 22 3.12502 -2.22045e-15
12 22 3.12502 -2.22045e-15
13 22 3.12502 -2.22045e-15
14 22 3.12502 -2.22045e-15
15 22 3.12502 -2.22045e-15
16 22 3.12502 -2.22045e-15
17 22 3.12502 -2.22045e-15
18 22 3.12502 -2.22045e-15
19 22 3.12502 -2.22045e-15
20 22 3.12502 -2.22045e-15

1 23 3.12502 -1.11022e-15
2 23 3.12502 -1.11022e-15
3 23 3.12502 -1.11022e-15
4 23 3.12502 -1.11022e-15
5 23 3.12502 -1.11022e-15
6 23 3.12502 -1.11022e-15
7 23 3.12502 -1.11022e-15
8 23 3.12502 -1.11022e-15
9 23 3.12502 -1.11022e-15
10 23 3.12502 -1.11022e-15
11 23 3.12502 -1.11022e-15
12 23 3.12502 -1.11022e-15
13 23 3.12502 -1.11022e-15
14 23 3.12502 -1.11022e-15
15 23 3.12502 -1.11022e-15
16 23 3.12502 -1.11022e-15
17 23 3.12502 -1.11022e-15
18 23 3.12502 -1.11022e-15
19 23 3.12502 -1.11022e-15
20 23 3.12502 -1.11022e-15

1 24 3.12502 -2.22045e-16
2 24 3.12502 -2.22045e-16
3 24 3.12502 -2.22045e-16
4 24 3.12502 -2.22045e-16
5 24 3.12502 -2.22045e-16
6 24 3.12502 -2.22045e-16
7 24 3.12502 -2.22045e-16
8 24 3.12502 -2.22045e-16
9 24 3.12502 -2.22045e-16
10 24 3.12502 -2.22045e-16
11 24 3.12502 -2.22045e-16
12 24 3.12502 -2.22045e-16
13 24 3.12502 -2.22045e-16
14 24 3.12502 -2.22045e-16
15 24 3.12502 -2.22045e-16
16 24 3.12502 -2.22045e-16
17 24 3.12502 -2.22045e-16
18 24 3.12502 -2.22045e-16
19 24 3.12502 -2.22045e-16
20 24 3.12502 -2.22045e-16

1 25 3.12502 0
2 25 3.12502 0
3 25 3.12502 0
4 25 3.12502 0
5 25 3.12502 0
6 25 3.12502 0
7 25 3.12502 0
8 25 3.12502 0
9 25 3.12502 0
10 25 3.12502 0
11 25 3.12502 0
12 25 3.12502 0
13 25 3.12502 0
14 25 3.12502 0
15 25 3.12502 0
16 25 3.12502 0
17 25 3.12502 0
18 25 3.12502 0
19 25 3.12502 0
20 25 3.12502 0

1 26 3.12502 6.66134e-16
2 26 3.12502 6.66134e-16
3 26 3.12502 6.66134e-16
4 26 3.12502 6.66134e-16
5 26 3.12502 6.66134e-16
6 26 3.12502 6.66134e-16
7 26 3.12502 6.66134e-16
8 26 3.12502 6.66134e-16
9 26 3.12502 6.66134e-16
10 26 3.12502 6.66134e-16
11 26 3.12502 6.66134e-16
12 26 3.12502 6.66134e-16
13 26 3.12502 6.66134e-16
14 26 3.12502 6.66134e-16
15 26 3.12502 6.66134e-16
16 26 3.12502 6.66134e-16
17 26 3.12502 6.66134e-16
18 26 3.12502 6.66134e-16
19 26 3.12502 6.66134e-16
20 26 3.12502 6.66134e-16

1 27 3.12502 4.44089e-16
2 27 3.12502 4.44089e-16
3 27 3.12502 4.44089e-16
4 27 3.12502 4.44089e-16
5 27 3.12502 4.44089e-16
6 27 3.12502 4.44089e-16
7 27 3.12502 4.44089e-16
8 27 3.12502 4.44089e-16
9 27 3.12502 4.44089e-16
10 27 3.12502 4.44089e-16
11 27 3.12502 4.44089e-16
12 27 3.12502 4.44089e-16
13 27 3.12502 4.44089e-16
14 27 3.12502 4.44089e-16
15 27 3.12502 4.44089e-16
16 27 3.12502 4.44089e-16
17 27 3.12502 4.44089e-16
18 27 3.12502 4.44089e-16
19 27 3.12502 4.44089e-16
20 27 3.12502 4.44089e-16

1 28 3.12502 8.88178e-16
2 28 3.12502 8.88178e-16
3 28 3.12502 8.88178e-16
4 28 3.12502 8.88178e-16
5 28 3.12502 8.88178e-16
6 28 3.12502 8.88178e-16
7 28 3.12502 8.88178e-16
8 28 3.12502 8.88178e-16
9 28 3.12502 8.88178e-16
10 28 3.12502 8.88178e-16
11 28 3.12502 8.88178e-16
12 28 3.12502 8.88178e-16
13 28 3.12502 8.88178e-16
14 28 3.12502 8.88178e-16
15 28 3.12502 8.88178e-16
16 28 3.12502 8.88178e-16
17 28 3.12502 8.88178e-16
18 28 3.12502 8.88178e-16
19 28 3.12502 8.88178e-16
20 28 3.12502 8.88178e-16

1 29 3.12502 1.55431e-15
2 29 3.12502 1.55431e-15
3 29 3.12502 1.55431e-15
4 29 3.12502 1.55431e-15
5 29 3.12502 1.55431e-15
6 29 3.12502 1.55431e-15
7 29 3.12502 1.55431e-15
8 29 3.12502 1.55431e-15
9 29 3.12502 1.55431e-15
10 29 3.12502 1.55431e-15
11 29 3.12502 1.55431e-15
12 29 3.12502 1.55431e-15
13 29 3.12502 1.55431e-15
14 29 3.12502 1.55431e-15
15 29 3.12502 1.55431e-15
16 29 3.12502 1.55431e-15
17 29 3.12502 1.55431e-15
18 29 3.12502 1.55431e-15
19 29 3.12502 1.55431e-15
20 29 3.12502 1.55431e-15

1 30 3.12502 8.88178e-16
2 30 3.12502 8.88178e-16
3 30 3.12502 8.88178e-16
4 30 3.12502 8.88178e-16
5 30 3.12502 8.88178e-16
6 30 3.12502 8.88178e-16
7 30 3.12502 8.88178e-16
8 30 3.12502 8.88178e-16
9 30 3.12502 8.88178e-16
10 30 3.12502 8.88178e-16
11 30 3.12502 8.88178e-16
12 30 3.12502 8.88178e-16
13 30 3.12502 8.88178e-16
14 30 3.12502 8.88178e-16
15 30 3.12502 8.88178e-16
16 30 3.12502 8.88178e-16
17 30 3.12502 8.88178e-16
18 30 3.12502 8.88178e-16
19 30 3.12502 8.88178e-16
20 30 3.12502 8.88178e-16

1 31 3.12502 4.44089e-16
2 31 3.12502 4.44089e-16
3 31 3.12502 4.44089e-16
4 31 3.12502 4.44089e-16
5 31 3.12502 4.44089e-16
6 31 3.12502 4.44089e-16
7 31 3.12502 4.44089e-16
8 31 3.12502 4.44089e-16
9 31 3.12502 4.44089e-16
10 31 3.12502 4.44089e-16
11 31 3.12502 4.44089e-16
12 31 3.12502 4.44089e-16
13 31 3.12502 4.44089e-16
14 31 3.12502 4.44089e-16
15 31 3.12502 4.44089e-16
16 31 3.12502 4.44089e-16
17 31 3.12502 4.44089e-16
18 31 3.12502 4.44089e-16
19 31 3.12502 4.44089e-16
20 31 3.12502 4.44089e-16

1 32 3.12502 2.44249e-15
2 32 3.12502 2.44249e-15
3 32 3.12502 2.44249e-15
4 32 3.12502 2.44249e-15
5 32 3.12502 2.44249e-15
6 32 3.12502 2.44249e-15
7 32 3.12502 2.44249e-15
8 32 3.12502 2.44249e-15
9 32 3.12502 2.44249e-15
10 32 3.12502 2.44249e-15
11 32 3.12502 2.44249e-15
12 32 3.12502 2.44249e-15
13 32 3.12502 2.44249e-15
14 32 3.12502 2.44249e-15
15 32 3.12502 2.44249e-15
16 32 3.12502 2.44249e-15
17 32 3.12502 2.44249e-15
18 32 3.12502 2.44249e-15
19 32 3.12502 2.44249e-15
20 32 3.12502 2.44249e-15

1 33 3.12502 1.11022e-15
2 33 3.12502 1.11022e-15
3 33 3.12502 1.11022e-15
4 33 3.12502 1.11022e-15
5 33 3.12502 1.11022e-15
6 33 3.12502 1.11022e-15
7 33 3.12502 1.11022e-15
8 33 3.12502 1.11022e-15
9 33 3.12502 1.11022e-15
10 33 3.12502 1.11022e-15
11 33 3.12502 1.11022e-15
12 33 3.12502 1.11022e-15
13 33 3.12502 1.11022e-15
14 33 3.12502 1.11022e-15
15 33 3.12502 1.11022e-15
16 33 3.12502 1.11022e-15
17 33 3.12502 1.11022e-15
18 33 3.12502 1.11022e-15
19 33 3.12502 1.11022e-15
20 33 3.12502 1.11022e-15

1 34 3.12502 -8.88178e-16
2 34 3.12502 -8.88178e-16
3 34 3.12502 -8.88178e-16
4 34 3.12502 -8.88178e-16
5 34 3.12502 -8.88178e-16
6 34 3.12502 -8.88178e-16
7 34 3.12502 -8.88178e-16
8 34 3.12502 -8.88178e-16
9 34 3.12502 -8.88178e-16
10 34 3.12502 -8.88178e-16
11 34 3.12502 -8.88178e-16
12 34 3.12502 -8.88178e-16
13 34 3.12502 -8.88178e-16
14 34 3.12502 -8.88178e-16
15 34 3.12502 -8.88178e-16
16 34 3.12502 -8.88178e-16
17 34 3.12502 -8.88178e-16
18 34 3.12502 -8.88178e-16
19 34 3.12502 -8.88178e-16
20 34 3.12502 -8.88178e-16

1 35 3.12502 -2.44249e-15
2 35 3.12502 -2.44249e-15
3 35 3.12502 -2.44249e-15
4 35 3.12502 -2.44249e-15
5 35 3.12502 -2.44249e-15
6 35 3.12502 -2.44249e-15
7 35 3.12502 -2.44249e-15
8 35 3.12502 -2.44249e-15
9 35 3.12502 -2.44249e-15
10 35 3.12502 -2.44249e-15
11 35 3.12502 -2.44249e-15
12 35 3.12502 -2.44249e-15
13 35 3.12502 -2.44249e-15
14 35 3.12502 -2.44249e-15
15 35 3.12502 -2.44249e-15
16 35 3.12502 -2.44249e-15
17 35 3.12502 -2.44249e-15
18 35 3.12502 -2.44249e-15
19 35 3.12502 -2.44249e-15
20 35 3.12502 -2.44249e-15

1 36 3.12502 -1.33227e-15
2 36 3.12502 -1.33227e-15
3 36 3.12502 -1.33227e-15
4 36 3.12502 -1.33227e-15
5 36 3.12502 -1.33227e-15
6 36 3.12502 -1.33227e-15
7 36 3.12502 -1.33227e-15
8 36 3.12502 -1.33227e-15
9 36 3.12502 -1.33227e-15
10 36 3.12502 -1.33227e-15
11 36 3.12502 -1.33227e-15
12 36 3.12502 -1.33227e-15
13 36 3.12502 -1.33227e-15
14 36 3.12502 -1.33227e-15
15 36 3.12502 -1.33227e-15
16 36 3.12502 -1.33227e-15
17 36 3.12502 -1.33227e-15
18 36 3.12502 -1.33227e-15
19 36 3.12502 -1.33227e-15
20 36 3.12502 -1.33227e-15

1 37 3.12502 0
2 37 3.12502 0
3 37 3.12502 0
4 37 3.12502 0
5 37 3.12502 0
6 37 3.12502 0
7 37 3.12502 0
8 37 3.12502 0
9 37 3.12502 0
10 37 3.12502 0
11 37 3.12502 0
12 37 3.12502 0
13 37 3.12502 0
14 37 3.12502 0
15 37 3.12502 0
16 37 3.12502 0
17 37 3.12502 0
18 37 3.12502 0
19 37 3.12502 0
20 37 3.12502 0

1 38 3.12502 6.66134e-16
2 38 3.12502 6.66134e-16
3 38 3.12502 6.66134e-16
4 38 3.12502 6.66134e-16
5 38 3.12502 6.66134e-16
6 38 3.12502 6.66134e-16
7 38 3.12502 6.66134e-16
8 38 3.12502 6.66134e-16
9 38 3.12502 6.66134e-16
10 38 3.12502 6.66134e-16
11 38 3.12502 6.66134e-16
12 38 3.12502 6.66134e-16
13 38 3.12502 6.66134e-16
14 38 3.12502 6.66134e-16
15 38 3.12502 6.66134e-16
16 38 3.12502 6.66134e-16
17 38 3.12502 6.66134e-16
18 38 3.12502 6.66134e-16
19 38 3.12502 6.66134e-16
20 38 3.12502 6.66134e-16

1 39 3.12502 1.9984e-15
2 39 3.12502 1.9984e-15
3 39 3.12502 1.9984e-15
4 39 3.12502 1.9984e-15
5 39 3.12502 1.9984e-15
6 39 3.12502 1.9984e-15
7 39 3.12502 1.9984e-15
8 39 3.12502 1.9984e-15
9 39 3.12502 1.9984e-15
10 39 3.12502 1.9984e-15
11 39 3.12502 1.9984e-15
12 39 3.12502 1.9984e-15
13 39 3.12502 1.9984e-15
14 39 3.12502 1.9984e-15
15 39 3.12502 1.9984e-15
16 39 3.12502 1.9984e-15
17 39 3.12502 1.9984e-15
18 39 3.12502 1.9984e-15
19 39 3.12502 1.9984e-15
20 39 3.12502 1.9984e-15

1 40 3.12502 1.55431e-15
2 40 3.12502 1.55431e-15
3 40 3.12502 1.55431e-15
4 40 3.12502 1.55431e-15
5 40 3.12502 1.55431e-15
6 40 3.12502 1.55431e-15
7 40 3.12502 1.55431e-15
8 40 3.12502 1.55431e-15
9 40 3.12502 1.55431e-15
10 40 3.12502 1.55431e-15
11 40 3.12502 1.55431e-15
12 40 3.12502 1.55431e-15
13 40 3.12502 1.55431e-15
14 40 3.12502 1.55431e-15
15 40 3.12502 1.55431e-15
16 40 3.12502 1.55431e-15
17 40 3.12502 1.55431e-15
18 40 3.12502 1.55431e-15
19 40 3.12502 1.55431e-15
20 40 3.12502 1.55431e-15

1 41 3.12502 -4.44089e-16
2 41 3.12502 -4.44089e-16
3 41 3.12502 -4.44089e-16
4 41 3.12502 -4.44089e-16
5 41 3.12502 -4.44089e-16
6 41 3.12502 -4.44089e-16
7 41 3.12502 -4.44089e-16
8 41 3.12502 -4.44089e-16
9 41 3.12502 -4.44089e-16
10 41 3.12502 -4.44089e-16
11 41 3.12502 -4.44089e-16
12 41 3.12502 -4.44089e-16
13 41 3.12502 -4.44089e-16
14 41 3.12502 -4.44089e-16
15 41 3.12502 -4.44089e-16
16 41 3.12502 -4.44089e-16
17 41 3.12502 -4.44089e-16
18 41 3.12502 -4.44089e-16
19 41 3.12502 -4.44089e-16
20 41 3.12502 -4.44089e-16

1 42 3.12502 -1.11022e-15
2 42 3.12502 -1.11022e-15
3 42 3.12502 -1.11022e-15
4 42 3.12502 -1.11022e-15
5 42 3.12502 -1.11022e-15
6 42 3.12502 -1.11022e-15
7 42 3.12502 -1.11022e-15
8 42 3.12502 -1.11022e-15
9 42 3.12502 -1.11022e-15
10 42 3.12502 -1.11022e-15
11 42 3.12502 -1.11022e-15
12 42 3.12502 -1.11022e-15
13 42 3.12502 -1.11022e-15
14 42 3.12502 -1.11022e-15
15 42 3.12502 -1.11022e-15
16 42 3.12502 -1.11022e-15
17 42 3.12502 -1.11022e-15
18 42 3.12502 -1.11022e-15
19 42 3.12502 -1.11022e-15
20 42 3.12502 -1.11022e-15

1 43 3.12502 -6.66134e-16
2 43 3.12502 -6.66134e-16
3 43 3.12502 -6.66134e-16
4 43 3.12502 -6.66134e-16
5 43 3.12502 -6.66134e-16
6 43 3.12502 -6.66134e-16
7 43 3.12502 -6.66134e-16
8 43 3.12502 -6.66134e-16
9 43 3.12502 -6.66134e-16
10 43 3.12502 -6.66134e-16
11 43 3.12502 -6.66134e-16
12 43 3.12502 -6.66134e-16
13 43 3.12502 -6.66134e-16
14 43 3.12502 -6.66134e-16
15 43 3.12502 -6.66134e-16
16 43 3.12502 -6.66134e-16
17 43 3.12502 -6.66134e-16
18 43 3.12502 -6.66134e-16
19 43 3.12502 -6.66134e-16
20 43 3.12502 -6.66134e-16

1 44 3.12502 -2.88658e-15
2 44 3.12502 -2.88658e-15
3 44 3.12502 -2.88658e-15
4 44 3.12502 -2.88658e-15
5 44 3.12502 -2.88658e-15
6 44 3.12502 -2.88658e-15
7 44 3.12502 -2.88658e-15
8 44 3.12502 -2.88658e-15
9 44 3.12502 -2.88658e-15
10 44 3.12502 -2.88658e-15
11 44 3.12502 -2.88658e-15
12 44 3.12502 -2.88658e-15
13 44 3.12502 -2.88658e-15
14 44 3.12502 -2.88658e-15
15 44 3.12502 -2.88658e-15
16 44 3.12502 -2.88658e-15
17 44 3.12502 -2.88658e-15
18 44 3.12502 -2.88658e-15
19 44 3.12502 -2.88658e-15
20 44 3.12502 -2.88658e-15

1 45 3.12502 -6.66134e-16
2 45 3.12502 -6.66134e-16
3 45 3.12502 -6.66134e-16
4 45 3.12502 -6.66134e-16
5 45 3.12502 -6.66134e-16
6 45 3.12502 -6.66134e-16
7 45 3.12502 -6.66134e-16
8 45 3.12502 -6.66134e-16
9 45 3.12502 -6.66134e-16
10 45 3.12502 -6.66134e-16
11 45 3.12502 -6.66134e-16
12 45 3.12502 -6.66134e-16
13 45 3.12502 -6.66134e-16
14 45 3.12502 -6.66134e-16
15 45 3.12502 -6.66134e-16
16 45 3.12502 -6.66134e-16
17 45 3.12502 -6.66134e-16
18 45 3.12502 -6.66134e-16
19 45 3.12502 -6.66134e-16
20 45 3.12502 -6.66134e-16

1 46 3.12502 8.88178e-16
2 46 3.12502 8.88178e-16
3 46 3.12502 8.88178e-16
4 46 3.12502 8.88178e-16
5 46 3.12502 8.88178e-16
6 46 3.12502 8.88178e-16
7 46 3.12502 8.88178e-16
8 46 3.12502 8.88178e-16
9 46 3.12502 8.88178e-16
10 46 3.12502 8.88178e-16
11 46 3.12502 8.88178e-16
12 46 3.12502 8.88178e-16
13 46 3.12502 8.88178e-16
14 46 3.12502 8.88178e-16
15 46 3.12502 8.88178e-16
16 46 3.12502 8.88178e-16
17 46 3.12502 8.88178e-16
18 46 3.12502 8.88178e-16
19 46 3.12502 8.88178e-16
20 46 3.12502 8.88178e-16

1 47 3.12502 2.22045e-16
2 47 3.12502 2.22045e-16
3 47 3.12502 2.22045e-16
4 47 3.12502 2.22045e-16
5 47 3.12502 2.22045e-16
6 47 3.12502 2.22045e-16
7 47 3.12502 2.22045e-16
8 47 3.12502 2.22045e-16
9 47 3.12502 2.22045e-16
10 47 3.12502 2.22045e-16
11 47 3.12502 2.22045e-16
12 47 3.12502 2.22045e-16
13 47 3.12502 2.22045e-16
14 47 3.12502 2.22045e-16
15 47 3.12502 2.22045e-16
16 47 3.12502 2.22045e-16
17 47 3.12502 2.22045e-16
18 47 3.12502 2.22045e-16
19 47 3.12502 2.22045e-16
20 47 3.12502 2.22045e-16

1 48 3.12502 4.44089e-16
2 48 3.12502 4.44089e-16
3 48 3.12502 4.44089e-16
4 48 3.12502 4.44089e-16
5 48 3.12502 4.44089e-16
6 48 3.12502 4.44089e-16
7 48 3.12502 4.44089e-16
8 48 3.12502 4.44089e-16
9 48 3.12502 4.44089e-16
10 48 3.12502 4.44089e-16
11 48 3.12502 4.44089e-16
12 48 3.12502 4.44089e-16
13 48 3.12502 4.44089e-16
14 48 3.12502 4.44089e-16
15 48 3.12502 4.44089e-16
16 48 3.12502 4.44089e-16
17 48 3.12502 4.44089e-16
18 48 3.12502 4.44089e-16
19 48 3.12502 4.44089e-16
20 48 3.12502 4.44089e-16

1 49 3.12502 2.22045e-16
2 49 3.12502 2.22045e-16
3 49 3.12502 2.22045e-16
4 49 3.12502 2.22045e-16
5 49 3.12502 2.22045e-16
6 49 3.12502 2.22045e-16
7 49 3.12502 2.22045e-16
8 49 3.12502 2.22045e-16
9 49 3.12502 2.22045e-16
10 49 3.12502 2.22045e-16
11 49 3.12502 2.22045e-16
12 49 3.12502 2.22045e-16
13 49 3.12502 2.22045e-16
14 49 3.12502 2.22045e-16
15 49 3.12502 2.22045e-16
16 49 3.12502 2.22045e-16
17 49 3.12502 2.22045e-16
18 49 3.12502 2.22045e-16
19 49 3.12502 2.22045e-16
20 49 3.12502 2.22045e-16

1 50 3.12502 -4.44089e-16
2 50 3.12502 -4.44089e-16
3 50 3.12502 -4.44089e-16
4 50 3.12502 -4.44089e-16
5 50 3.12502 -4.44089e-16
6 50 3.12502 -4.44089e-16
7 50 3.12502 -4.44089e-16
8 50 3.12502 -4.44089e-16
9 50 3.12502 -4.44089e-16
10 50 3.12502 -4.44089e-16
11 50 3.12502 -4.44089e-16
12 50 3.12502 -4.44089e-16
13 50 3.12502 -4.44089e-16
14 50 3.12502 -4.44089e-16
15 50 3.12502 -4.44089e-16
16 50 3.12502 -4.44089e-16
17 50 3.12502 -4.44089e-16
18 50 3.12502 -4.44089e-16
19 50 3.12502 -4.44089e-16
20 50 3.12502 -4.44089e-16

