1 1 4.15002 4.44089e-15
2 1 4.15002 4.44089e-15
3 1 4.15002 4.44089e-15
4 1 4.15002 4.44089e-15
5 1 4.15002 4.44089e-15
6 1 4.15002 4.44089e-15
7 1 4.15002 4.44089e-15
8 1 4.15002 4.44089e-15
9 1 4.15002 4.44089e-15
10 1 4.15002 4.44089e-15
11 1 4.15002 4.44089e-15
12 1 4.15002 4.44089e-15
13 1 4.15002 4.44089e-15
14 1 4.15002 4.44089e-15
15 1 4.15002 4.44089e-15
16 1 4.15002 4.44089e-15
17 1 4.15002 4.44089e-15
18 1 4.15002 4.44089e-15
19 1 4.15002 4.44089e-15
20 1 4.15002 4.44089e-15

1 2 4.15002 4.66294e-15
2 2 4.15002 4.66294e-15
3 2 4.15002 4.66294e-15
4 2 4.15002 4.66294e-15
5 2 4.15002 4.66294e-15
6 2 4.15002 4.66294e-15
7 2 4.15002 4.66294e-15
8 2 4.15002 4.66294e-15
9 2 4.15002 4.66294e-15
10 2 4.15002 4.66294e-15
11 2 4.15002 4.66294e-15
12 2 4.15002 4.66294e-15
13 2 4.15002 4.66294e-15
14 2 4.15002 4.66294e-15
15 2 4.15002 4.66294e-15
16 2 4.15002 4.66294e-15
17 2 4.15002 4.66294e-15
18 2 4.15002 4.66294e-15
19 2 4.15002 4.66294e-15
20 2 4.15002 4.66294e-15

1 3 4.15002 1.02141e-14
2 3 4.15002 1.02141e-14
3 3 4.15002 1.02141e-14
4 3 4.15002 1.02141e-14
5 3 4.15002 1.02141e-14
6 3 4.15002 1.02141e-14
7 3 4.15002 1.02141e-14
8 3 4.15002 1.02141e-14
9 3 4.15002 1.02141e-14
10 3 4.15002 1.02141e-14
11 3 4.15002 1.02141e-14
12 3 4.15002 1.02141e-14
13 3 4.15002 1.02141e-14
14 3 4.15002 1.02141e-14
15 3 4.15002 1.02141e-14
16 3 4.15002 1.02141e-14
17 3 4.15002 1.02141e-14
18 3 4.15002 1.02141e-14
19 3 4.15002 1.02141e-14
20 3 4.15002 1.02141e-14

1 4 4.15002 4.21885e-15
2 4 4.15002 4.21885e-15
3 4 4.15002 4.21885e-15
4 4 4.15002 4.21885e-15
5 4 4.15002 4.21885e-15
6 4 4.15002 4.21885e-15
7 4 4.15002 4.21885e-15
8 4 4.15002 4.21885e-15
9 4 4.15002 4.21885e-15
10 4 4.15002 4.21885e-15
11 4 4.15002 4.21885e-15
12 4 4.15002 4.21885e-15
13 4 4.15002 4.21885e-15
14 4 4.15002 4.21885e-15
15 4 4.15002 4.21885e-15
16 4 4.15002 4.21885e-15
17 4 4.15002 4.21885e-15
18 4 4.15002 4.21885e-15
19 4 4.15002 4.21885e-15
20 4 4.15002 4.21885e-15

1 5 4.15002 7.54952e-15
2 5 4.15002 7.54952e-15
3 5 4.15002 7.54952e-15
4 5 4.15002 7.54952e-15
5 5 4.15002 7.54952e-15
6 5 4.15002 7.54952e-15
7 5 4.15002 7.54952e-15
8 5 4.15002 7.54952e-15
9 5 4.15002 7.54952e-15
10 5 4.15002 7.54952e-15
11 5 4.15002 7.54952e-15
12 5 4.15002 7.54952e-15
13 5 4.15002 7.54952e-15
14 5 4.15002 7.54952e-15
15 5 4.15002 7.54952e-15
16 5 4.15002 7.54952e-15
17 5 4.15002 7.54952e-15
18 5 4.15002 7.54952e-15
19 5 4.15002 7.54952e-15
20 5 4.15002 7.54952e-15

1 6 4.15002 3.77476e-15
2 6 4.15002 3.77476e-15
3 6 4.15002 3.77476e-15
4 6 4.15002 3.77476e-15
5 6 4.15002 3.77476e-15
6 6 4.15002 3.77476e-15
7 6 4.15002 3.77476e-15
8 6 4.15002 3.77476e-15
9 6 4.15002 3.77476e-15
10 6 4.15002 3.77476e-15
11 6 4.15002 3.77476e-15
12 6 4.15002 3.77476e-15
13 6 4.15002 3.77476e-15
14 6 4.15002 3.77476e-15
15 6 4.15002 3.77476e-15
16 6 4.15002 3.77476e-15
17 6 4.15002 3.77476e-15
18 6 4.15002 3.77476e-15
19 6 4.15002 3.77476e-15
20 6 4.15002 3.77476e-15

1 7 4.15002 3.77476e-15
2 7 4.15002 3.77476e-15
3 7 4.15002 3.77476e-15
4 7 4.15002 3.77476e-15
5 7 4.15002 3.77476e-15
6 7 4.15002 3.77476e-15
7 7 4.15002 3.77476e-15
8 7 4.15002 3.77476e-15
9 7 4.15002 3.77476e-15
10 7 4.15002 3.77476e-15
11 7 4.15002 3.77476e-15
12 7 4.15002 3.77476e-15
13 7 4.15002 3.77476e-15
14 7 4.15002 3.77476e-15
15 7 4.15002 3.77476e-15
16 7 4.15002 3.77476e-15
17 7 4.15002 3.77476e-15
18 7 4.15002 3.77476e-15
19 7 4.15002 3.77476e-15
20 7 4.15002 3.77476e-15

1 8 4.15002 4.21885e-15
2 8 4.15002 4.21885e-15
3 8 4.15002 4.21885e-15
4 8 4.15002 4.21885e-15
5 8 4.15002 4.21885e-15
6 8 4.15002 4.21885e-15
7 8 4.15002 4.21885e-15
8 8 4.15002 4.21885e-15
9 8 4.15002 4.21885e-15
10 8 4.15002 4.21885e-15
11 8 4.15002 4.21885e-15
12 8 4.15002 4.21885e-15
13 8 4.15002 4.21885e-15
14 8 4.15002 4.21885e-15
15 8 4.15002 4.21885e-15
16 8 4.15002 4.21885e-15
17 8 4.15002 4.21885e-15
18 8 4.15002 4.21885e-15
19 8 4.15002 4.21885e-15
20 8 4.15002 4.21885e-15

1 9 4.15002 8.88178e-15
2 9 4.15002 8.88178e-15
3 9 4.15002 8.88178e-15
4 9 4.15002 8.88178e-15
5 9 4.15002 8.88178e-15
6 9 4.15002 8.88178e-15
7 9 4.15002 8.88178e-15
8 9 4.15002 8.88178e-15
9 9 4.15002 8.88178e-15
10 9 4.15002 8.88178e-15
11 9 4.15002 8.88178e-15
12 9 4.15002 8.88178e-15
13 9 4.15002 8.88178e-15
14 9 4.15002 8.88178e-15
15 9 4.15002 8.88178e-15
16 9 4.15002 8.88178e-15
17 9 4.15002 8.88178e-15
18 9 4.15002 8.88178e-15
19 9 4.15002 8.88178e-15
20 9 4.15002 8.88178e-15

1 10 4.15002 3.9968e-15
2 10 4.15002 3.9968e-15
3 10 4.15002 3.9968e-15
4 10 4.15002 3.9968e-15
5 10 4.15002 3.9968e-15
6 10 4.15002 3.9968e-15
7 10 4.15002 3.9968e-15
8 10 4.15002 3.9968e-15
9 10 4.15002 3.9968e-15
10 10 4.15002 3.9968e-15
11 10 4.15002 3.9968e-15
12 10 4.15002 3.9968e-15
13 10 4.15002 3.9968e-15
14 10 4.15002 3.9968e-15
15 10 4.15002 3.9968e-15
16 10 4.15002 3.9968e-15
17 10 4.15002 3.9968e-15
18 10 4.15002 3.9968e-15
19 10 4.15002 3.9968e-15
20 10 4.15002 3.9968e-15

1 11 4.15002 4.21885e-15
2 11 4.15002 4.21885e-15
3 11 4.15002 4.21885e-15
4 11 4.15002 4.21885e-15
5 11 4.15002 4.21885e-15
6 11 4.15002 4.21885e-15
7 11 4.15002 4.21885e-15
8 11 4.15002 4.21885e-15
9 11 4.15002 4.21885e-15
10 11 4.15002 4.21885e-15
11 11 4.15002 4.21885e-15
12 11 4.15002 4.21885e-15
13 11 4.15002 4.21885e-15
14 11 4.15002 4.21885e-15
15 11 4.15002 4.21885e-15
16 11 4.15002 4.21885e-15
17 11 4.15002 4.21885e-15
18 11 4.15002 4.21885e-15
19 11 4.15002 4.21885e-15
20 11 4.15002 4.21885e-15

1 12 4.15002 0
2 12 4.15002 0
3 12 4.15002 0
4 12 4.15002 0
5 12 4.15002 0
6 12 4.15002 0
7 12 4.15002 0
8 12 4.15002 0
9 12 4.15002 0
10 12 4.15002 0
11 12 4.15002 0
12 12 4.15002 0
13 12 4.15002 0
14 12 4.15002 0
15 12 4.15002 0
16 12 4.15002 0
17 12 4.15002 0
18 12 4.15002 0
19 12 4.15002 0
20 12 4.15002 0

1 13 4.15002 1.77636e-15
2 13 4.15002 1.77636e-15
3 13 4.15002 1.77636e-15
4 13 4.15002 1.77636e-15
5 13 4.15002 1.77636e-15
6 13 4.15002 1.77636e-15
7 13 4.15002 1.77636e-15
8 13 4.15002 1.77636e-15
9 13 4.15002 1.77636e-15
10 13 4.15002 1.77636e-15
11 13 4.15002 1.77636e-15
12 13 4.15002 1.77636e-15
13 13 4.15002 1.77636e-15
14 13 4.15002 1.77636e-15
15 13 4.15002 1.77636e-15
16 13 4.15002 1.77636e-15
17 13 4.15002 1.77636e-15
18 13 4.15002 1.77636e-15
19 13 4.15002 1.77636e-15
20 13 4.15002 1.77636e-15

1 14 4.15002 -8.88178e-16
2 14 4.15002 -8.88178e-16
3 14 4.15002 -8.88178e-16
4 14 4.15002 -8.88178e-16
5 14 4.15002 -8.88178e-16
6 14 4.15002 -8.88178e-16
7 14 4.15002 -8.88178e-16
8 14 4.15002 -8.88178e-16
9 14 4.15002 -8.88178e-16
10 14 4.15002 -8.88178e-16
11 14 4.15002 -8.88178e-16
12 14 4.15002 -8.88178e-16
13 14 4.15002 -8.88178e-16
14 14 4.15002 -8.88178e-16
15 14 4.15002 -8.88178e-16
16 14 4.15002 -8.88178e-16
17 14 4.15002 -8.88178e-16
18 14 4.15002 -8.88178e-16
19 14 4.15002 -8.88178e-16
20 14 4.15002 -8.88178e-16

1 15 4.15002 4.66294e-15
2 15 4.15002 4.66294e-15
3 15 4.15002 4.66294e-15
4 15 4.15002 4.66294e-15
5 15 4.15002 4.66294e-15
6 15 4.15002 4.66294e-15
7 15 4.15002 4.66294e-15
8 15 4.15002 4.66294e-15
9 15 4.15002 4.66294e-15
10 15 4.15002 4.66294e-15
11 15 4.15002 4.66294e-15
12 15 4.15002 4.66294e-15
13 15 4.15002 4.66294e-15
14 15 4.15002 4.66294e-15
15 15 4.15002 4.66294e-15
16 15 4.15002 4.66294e-15
17 15 4.15002 4.66294e-15
18 15 4.15002 4.66294e-15
19 15 4.15002 4.66294e-15
20 15 4.15002 4.66294e-15

1 16 4.15002 8.88178e-16
2 16 4.15002 8.88178e-16
3 16 4.15002 8.88178e-16
4 16 4.15002 8.88178e-16
5 16 4.15002 8.88178e-16
6 16 4.15002 8.88178e-16
7 16 4.15002 8.88178e-16
8 16 4.15002 8.88178e-16
9 16 4.15002 8.88178e-16
10 16 4.15002 8.88178e-16
11 16 4.15002 8.88178e-16
12 16 4.15002 8.88178e-16
13 16 4.15002 8.88178e-16
14 16 4.15002 8.88178e-16
15 16 4.15002 8.88178e-16
16 16 4.15002 8.88178e-16
17 16 4.15002 8.88178e-16
18 16 4.15002 8.88178e-16
19 16 4.15002 8.88178e-16
20 16 4.15002 8.88178e-16

1 17 4.15002 5.32907e-15
2 17 4.15002 5.32907e-15
3 17 4.15002 5.32907e-15
4 17 4.15002 5.32907e-15
5 17 4.15002 5.32907e-15
6 17 4.15002 5.32907e-15
7 17 4.15002 5.32907e-15
8 17 4.15002 5.32907e-15
9 17 4.15002 5.32907e-15
10 17 4.15002 5.32907e-15
11 17 4.15002 5.32907e-15
12 17 4.15002 5.32907e-15
13 17 4.15002 5.32907e-15
14 17 4.15002 5.32907e-15
15 17 4.15002 5.32907e-15
16 17 4.15002 5.32907e-15
17 17 4.15002 5.32907e-15
18 17 4.15002 5.32907e-15
19 17 4.15002 5.32907e-15
20 17 4.15002 5.32907e-15

1 18 4.15002 0
2 18 4.15002 0
3 18 4.15002 0
4 18 4.15002 0
5 18 4.15002 0
6 18 4.15002 0
7 18 4.15002 0
8 18 4.15002 0
9 18 4.15002 0
10 18 4.15002 0
11 18 4.15002 0
12 18 4.15002 0
13 18 4.15002 0
14 18 4.15002 0
15 18 4.15002 0
16 18 4.15002 0
17 18 4.15002 0
18 18 4.15002 0
19 18 4.15002 0
20 18 4.15002 0

1 19 4.15002 2.22045e-16
2 19 4.15002 2.22045e-16
3 19 4.15002 2.22045e-16
4 19 4.15002 2.22045e-16
5 19 4.15002 2.22045e-16
6 19 4.15002 2.22045e-16
7 19 4.15002 2.22045e-16
8 19 4.15002 2.22045e-16
9 19 4.15002 2.22045e-16
10 19 4.15002 2.22045e-16
11 19 4.15002 2.22045e-16
12 19 4.15002 2.22045e-16
13 19 4.15002 2.22045e-16
14 19 4.15002 2.22045e-16
15 19 4.15002 2.22045e-16
16 19 4.15002 2.22045e-16
17 19 4.15002 2.22045e-16
18 19 4.15002 2.22045e-16
19 19 4.15002 2.22045e-16
20 19 4.15002 2.22045e-16

1 20 4.15002 -3.55271e-15
2 20 4.15002 -3.55271e-15
3 20 4.15002 -3.55271e-15
4 20 4.15002 -3.55271e-15
5 20 4.15002 -3.55271e-15
6 20 4.15002 -3.55271e-15
7 20 4.15002 -3.55271e-15
8 20 4.15002 -3.55271e-15
9 20 4.15002 -3.55271e-15
10 20 4.15002 -3.55271e-15
11 20 4.15002 -3.55271e-15
12 20 4.15002 -3.55271e-15
13 20 4.15002 -3.55271e-15
14 20 4.15002 -3.55271e-15
15 20 4.15002 -3.55271e-15
16 20 4.15002 -3.55271e-15
17 20 4.15002 -3.55271e-15
18 20 4.15002 -3.55271e-15
19 20 4.15002 -3.55271e-15
20 20 4.15002 -3.55271e-15

1 21 4.15002 -5.10703e-15
2 21 4.15002 -5.10703e-15
3 21 4.15002 -5.10703e-15
4 21 4.15002 -5.10703e-15
5 21 4.15002 -5.10703e-15
6 21 4.15002 -5.10703e-15
7 21 4.15002 -5.10703e-15
8 21 4.15002 -5.10703e-15
9 21 4.15002 -5.10703e-15
10 21 4.15002 -5.10703e-15
11 21 4.15002 -5.10703e-15
12 21 4.15002 -5.10703e-15
13 21 4.15002 -5.10703e-15
14 21 4.15002 -5.10703e-15
15 21 4.15002 -5.10703e-15
16 21 4.15002 -5.10703e-15
17 21 4.15002 -5.10703e-15
18 21 4.15002 -5.10703e-15
19 21 4.15002 -5.10703e-15
20 21 4.15002 -5.10703e-15

1 22 4.15002 -2.88658e-15
2 22 4.15002 -2.88658e-15
3 22 4.15002 -2.88658e-15
4 22 4.15002 -2.88658e-15
5 22 4.15002 -2.88658e-15
6 22 4.15002 -2.88658e-15
7 22 4.15002 -2.88658e-15
8 22 4.15002 -2.88658e-15
9 22 4.15002 -2.88658e-15
10 22 4.15002 -2.88658e-15
11 22 4.15002 -2.88658e-15
12 22 4.15002 -2.88658e-15
13 22 4.15002 -2.88658e-15
14 22 4.15002 -2.88658e-15
15 22 4.15002 -2.88658e-15
16 22 4.15002 -2.88658e-15
17 22 4.15002 -2.88658e-15
18 22 4.15002 -2.88658e-15
19 22 4.15002 -2.88658e-15
20 22 4.15002 -2.88658e-15

1 23 4.15002 -3.33067e-15
2 23 4.15002 -3.33067e-15
3 23 4.15002 -3.33067e-15
4 23 4.15002 -3.33067e-15
5 23 4.15002 -3.33067e-15
6 23 4.15002 -3.33067e-15
7 23 4.15002 -3.33067e-15
8 23 4.15002 -3.33067e-15
9 23 4.15002 -3.33067e-15
10 23 4.15002 -3.33067e-15
11 23 4.15002 -3.33067e-15
12 23 4.15002 -3.33067e-15
13 23 4.15002 -3.33067e-15
14 23 4.15002 -3.33067e-15
15 23 4.15002 -3.33067e-15
16 23 4.15002 -3.33067e-15
17 23 4.15002 -3.33067e-15
18 23 4.15002 -3.33067e-15
19 23 4.15002 -3.33067e-15
20 23 4.15002 -3.33067e-15

1 24 4.15002 6.66134e-16
2 24 4.15002 6.66134e-16
3 24 4.15002 6.66134e-16
4 24 4.15002 6.66134e-16
5 24 4.15002 6.66134e-16
6 24 4.15002 6.66134e-16
7 24 4.15002 6.66134e-16
8 24 4.15002 6.66134e-16
9 24 4.15002 6.66134e-16
10 24 4.15002 6.66134e-16
11 24 4.15002 6.66134e-16
12 24 4.15002 6.66134e-16
13 24 4.15002 6.66134e-16
14 24 4.15002 6.66134e-16
15 24 4.15002 6.66134e-16
16 24 4.15002 6.66134e-16
17 24 4.15002 6.66134e-16
18 24 4.15002 6.66134e-16
19 24 4.15002 6.66134e-16
20 24 4.15002 6.66134e-16

1 25 4.15002 -5.32907e-15
2 25 4.15002 -5.32907e-15
3 25 4.15002 -5.32907e-15
4 25 4.15002 -5.32907e-15
5 25 4.15002 -5.32907e-15
6 25 4.15002 -5.32907e-15
7 25 4.15002 -5.32907e-15
8 25 4.15002 -5.32907e-15
9 25 4.15002 -5.32907e-15
10 25 4.15002 -5.32907e-15
11 25 4.15002 -5.32907e-15
12 25 4.15002 -5.32907e-15
13 25 4.15002 -5.32907e-15
14 25 4.15002 -5.32907e-15
15 25 4.15002 -5.32907e-15
16 25 4.15002 -5.32907e-15
17 25 4.15002 -5.32907e-15
18 25 4.15002 -5.32907e-15
19 25 4.15002 -5.32907e-15
20 25 4.15002 -5.32907e-15

1 26 4.15002 -5.55112e-15
2 26 4.15002 -5.55112e-15
3 26 4.15002 -5.55112e-15
4 26 4.15002 -5.55112e-15
5 26 4.15002 -5.55112e-15
6 26 4.15002 -5.55112e-15
7 26 4.15002 -5.55112e-15
8 26 4.15002 -5.55112e-15
9 26 4.15002 -5.55112e-15
10 26 4.15002 -5.55112e-15
11 26 4.15002 -5.55112e-15
12 26 4.15002 -5.55112e-15
13 26 4.15002 -5.55112e-15
14 26 4.15002 -5.55112e-15
15 26 4.15002 -5.55112e-15
16 26 4.15002 -5.55112e-15
17 26 4.15002 -5.55112e-15
18 26 4.15002 -5.55112e-15
19 26 4.15002 -5.55112e-15
20 26 4.15002 -5.55112e-15

1 27 4.15002 -4.66294e-15
2 27 4.15002 -4.66294e-15
3 27 4.15002 -4.66294e-15
4 27 4.15002 -4.66294e-15
5 27 4.15002 -4.66294e-15
6 27 4.15002 -4.66294e-15
7 27 4.15002 -4.66294e-15
8 27 4.15002 -4.66294e-15
9 27 4.15002 -4.66294e-15
10 27 4.15002 -4.66294e-15
11 27 4.15002 -4.66294e-15
12 27 4.15002 -4.66294e-15
13 27 4.15002 -4.66294e-15
14 27 4.15002 -4.66294e-15
15 27 4.15002 -4.66294e-15
16 27 4.15002 -4.66294e-15
17 27 4.15002 -4.66294e-15
18 27 4.15002 -4.66294e-15
19 27 4.15002 -4.66294e-15
20 27 4.15002 -4.66294e-15

1 28 4.15002 0
2 28 4.15002 0
3 28 4.15002 0
4 28 4.15002 0
5 28 4.15002 0
6 28 4.15002 0
7 28 4.15002 0
8 28 4.15002 0
9 28 4.15002 0
10 28 4.15002 0
11 28 4.15002 0
12 28 4.15002 0
13 28 4.15002 0
14 28 4.15002 0
15 28 4.15002 0
16 28 4.15002 0
17 28 4.15002 0
18 28 4.15002 0
19 28 4.15002 0
20 28 4.15002 0

1 29 4.15002 0
2 29 4.15002 0
3 29 4.15002 0
4 29 4.15002 0
5 29 4.15002 0
6 29 4.15002 0
7 29 4.15002 0
8 29 4.15002 0
9 29 4.15002 0
10 29 4.15002 0
11 29 4.15002 0
12 29 4.15002 0
13 29 4.15002 0
14 29 4.15002 0
15 29 4.15002 0
16 29 4.15002 0
17 29 4.15002 0
18 29 4.15002 0
19 29 4.15002 0
20 29 4.15002 0

1 30 4.15002 8.88178e-16
2 30 4.15002 8.88178e-16
3 30 4.15002 8.88178e-16
4 30 4.15002 8.88178e-16
5 30 4.15002 8.88178e-16
6 30 4.15002 8.88178e-16
7 30 4.15002 8.88178e-16
8 30 4.15002 8.88178e-16
9 30 4.15002 8.88178e-16
10 30 4.15002 8.88178e-16
11 30 4.15002 8.88178e-16
12 30 4.15002 8.88178e-16
13 30 4.15002 8.88178e-16
14 30 4.15002 8.88178e-16
15 30 4.15002 8.88178e-16
16 30 4.15002 8.88178e-16
17 30 4.15002 8.88178e-16
18 30 4.15002 8.88178e-16
19 30 4.15002 8.88178e-16
20 30 4.15002 8.88178e-16

1 31 4.15002 2.44249e-15
2 31 4.15002 2.44249e-15
3 31 4.15002 2.44249e-15
4 31 4.15002 2.44249e-15
5 31 4.15002 2.44249e-15
6 31 4.15002 2.44249e-15
7 31 4.15002 2.44249e-15
8 31 4.15002 2.44249e-15
9 31 4.15002 2.44249e-15
10 31 4.15002 2.44249e-15
11 31 4.15002 2.44249e-15
12 31 4.15002 2.44249e-15
13 31 4.15002 2.44249e-15
14 31 4.15002 2.44249e-15
15 31 4.15002 2.44249e-15
16 31 4.15002 2.44249e-15
17 31 4.15002 2.44249e-15
18 31 4.15002 2.44249e-15
19 31 4.15002 2.44249e-15
20 31 4.15002 2.44249e-15

1 32 4.15002 3.55271e-15
2 32 4.15002 3.55271e-15
3 32 4.15002 3.55271e-15
4 32 4.15002 3.55271e-15
5 32 4.15002 3.55271e-15
6 32 4.15002 3.55271e-15
7 32 4.15002 3.55271e-15
8 32 4.15002 3.55271e-15
9 32 4.15002 3.55271e-15
10 32 4.15002 3.55271e-15
11 32 4.15002 3.55271e-15
12 32 4.15002 3.55271e-15
13 32 4.15002 3.55271e-15
14 32 4.15002 3.55271e-15
15 32 4.15002 3.55271e-15
16 32 4.15002 3.55271e-15
17 32 4.15002 3.55271e-15
18 32 4.15002 3.55271e-15
19 32 4.15002 3.55271e-15
20 32 4.15002 3.55271e-15

1 33 4.15002 1.17684e-14
2 33 4.15002 1.17684e-14
3 33 4.15002 1.17684e-14
4 33 4.15002 1.17684e-14
5 33 4.15002 1.17684e-14
6 33 4.15002 1.17684e-14
7 33 4.15002 1.17684e-14
8 33 4.15002 1.17684e-14
9 33 4.15002 1.17684e-14
10 33 4.15002 1.17684e-14
11 33 4.15002 1.17684e-14
12 33 4.15002 1.17684e-14
13 33 4.15002 1.17684e-14
14 33 4.15002 1.17684e-14
15 33 4.15002 1.17684e-14
16 33 4.15002 1.17684e-14
17 33 4.15002 1.17684e-14
18 33 4.15002 1.17684e-14
19 33 4.15002 1.17684e-14
20 33 4.15002 1.17684e-14

1 34 4.15002 3.10862e-15
2 34 4.15002 3.10862e-15
3 34 4.15002 3.10862e-15
4 34 4.15002 3.10862e-15
5 34 4.15002 3.10862e-15
6 34 4.15002 3.10862e-15
7 34 4.15002 3.10862e-15
8 34 4.15002 3.10862e-15
9 34 4.15002 3.10862e-15
10 34 4.15002 3.10862e-15
11 34 4.15002 3.10862e-15
12 34 4.15002 3.10862e-15
13 34 4.15002 3.10862e-15
14 34 4.15002 3.10862e-15
15 34 4.15002 3.10862e-15
16 34 4.15002 3.10862e-15
17 34 4.15002 3.10862e-15
18 34 4.15002 3.10862e-15
19 34 4.15002 3.10862e-15
20 34 4.15002 3.10862e-15

1 35 4.15002 -2.22045e-16
2 35 4.15002 -2.22045e-16
3 35 4.15002 -2.22045e-16
4 35 4.15002 -2.22045e-16
5 35 4.15002 -2.22045e-16
6 35 4.15002 -2.22045e-16
7 35 4.15002 -2.22045e-16
8 35 4.15002 -2.22045e-16
9 35 4.15002 -2.22045e-16
10 35 4.15002 -2.22045e-16
11 35 4.15002 -2.22045e-16
12 35 4.15002 -2.22045e-16
13 35 4.15002 -2.22045e-16
14 35 4.15002 -2.22045e-16
15 35 4.15002 -2.22045e-16
16 35 4.15002 -2.22045e-16
17 35 4.15002 -2.22045e-16
18 35 4.15002 -2.22045e-16
19 35 4.15002 -2.22045e-16
20 35 4.15002 -2.22045e-16

1 36 4.15002 -2.22045e-15
2 36 4.15002 -2.22045e-15
3 36 4.15002 -2.22045e-15
4 36 4.15002 -2.22045e-15
5 36 4.15002 -2.22045e-15
6 36 4.15002 -2.22045e-15
7 36 4.15002 -2.22045e-15
8 36 4.15002 -2.22045e-15
9 36 4.15002 -2.22045e-15
10 36 4.15002 -2.22045e-15
11 36 4.15002 -2.22045e-15
12 36 4.15002 -2.22045e-15
13 36 4.15002 -2.22045e-15
14 36 4.15002 -2.22045e-15
15 36 4.15002 -2.22045e-15
16 36 4.15002 -2.22045e-15
17 36 4.15002 -2.22045e-15
18 36 4.15002 -2.22045e-15
19 36 4.15002 -2.22045e-15
20 36 4.15002 -2.22045e-15

1 37 4.15002 -3.77476e-15
2 37 4.15002 -3.77476e-15
3 37 4.15002 -3.77476e-15
4 37 4.15002 -3.77476e-15
5 37 4.15002 -3.77476e-15
6 37 4.15002 -3.77476e-15
7 37 4.15002 -3.77476e-15
8 37 4.15002 -3.77476e-15
9 37 4.15002 -3.77476e-15
10 37 4.15002 -3.77476e-15
11 37 4.15002 -3.77476e-15
12 37 4.15002 -3.77476e-15
13 37 4.15002 -3.77476e-15
14 37 4.15002 -3.77476e-15
15 37 4.15002 -3.77476e-15
16 37 4.15002 -3.77476e-15
17 37 4.15002 -3.77476e-15
18 37 4.15002 -3.77476e-15
19 37 4.15002 -3.77476e-15
20 37 4.15002 -3.77476e-15

1 38 4.15002 -6.66134e-16
2 38 4.15002 -6.66134e-16
3 38 4.15002 -6.66134e-16
4 38 4.15002 -6.66134e-16
5 38 4.15002 -6.66134e-16
6 38 4.15002 -6.66134e-16
7 38 4.15002 -6.66134e-16
8 38 4.15002 -6.66134e-16
9 38 4.15002 -6.66134e-16
10 38 4.15002 -6.66134e-16
11 38 4.15002 -6.66134e-16
12 38 4.15002 -6.66134e-16
13 38 4.15002 -6.66134e-16
14 38 4.15002 -6.66134e-16
15 38 4.15002 -6.66134e-16
16 38 4.15002 -6.66134e-16
17 38 4.15002 -6.66134e-16
18 38 4.15002 -6.66134e-16
19 38 4.15002 -6.66134e-16
20 38 4.15002 -6.66134e-16

1 39 4.15002 -7.54952e-15
2 39 4.15002 -7.54952e-15
3 39 4.15002 -7.54952e-15
4 39 4.15002 -7.54952e-15
5 39 4.15002 -7.54952e-15
6 39 4.15002 -7.54952e-15
7 39 4.15002 -7.54952e-15
8 39 4.15002 -7.54952e-15
9 39 4.15002 -7.54952e-15
10 39 4.15002 -7.54952e-15
11 39 4.15002 -7.54952e-15
12 39 4.15002 -7.54952e-15
13 39 4.15002 -7.54952e-15
14 39 4.15002 -7.54952e-15
15 39 4.15002 -7.54952e-15
16 39 4.15002 -7.54952e-15
17 39 4.15002 -7.54952e-15
18 39 4.15002 -7.54952e-15
19 39 4.15002 -7.54952e-15
20 39 4.15002 -7.54952e-15

1 40 4.15002 -2.88658e-15
2 40 4.15002 -2.88658e-15
3 40 4.15002 -2.88658e-15
4 40 4.15002 -2.88658e-15
5 40 4.15002 -2.88658e-15
6 40 4.15002 -2.88658e-15
7 40 4.15002 -2.88658e-15
8 40 4.15002 -2.88658e-15
9 40 4.15002 -2.88658e-15
10 40 4.15002 -2.88658e-15
11 40 4.15002 -2.88658e-15
12 40 4.15002 -2.88658e-15
13 40 4.15002 -2.88658e-15
14 40 4.15002 -2.88658e-15
15 40 4.15002 -2.88658e-15
16 40 4.15002 -2.88658e-15
17 40 4.15002 -2.88658e-15
18 40 4.15002 -2.88658e-15
19 40 4.15002 -2.88658e-15
20 40 4.15002 -2.88658e-15

1 41 4.15002 -7.10543e-15
2 41 4.15002 -7.10543e-15
3 41 4.15002 -7.10543e-15
4 41 4.15002 -7.10543e-15
5 41 4.15002 -7.10543e-15
6 41 4.15002 -7.10543e-15
7 41 4.15002 -7.10543e-15
8 41 4.15002 -7.10543e-15
9 41 4.15002 -7.10543e-15
10 41 4.15002 -7.10543e-15
11 41 4.15002 -7.10543e-15
12 41 4.15002 -7.10543e-15
13 41 4.15002 -7.10543e-15
14 41 4.15002 -7.10543e-15
15 41 4.15002 -7.10543e-15
16 41 4.15002 -7.10543e-15
17 41 4.15002 -7.10543e-15
18 41 4.15002 -7.10543e-15
19 41 4.15002 -7.10543e-15
20 41 4.15002 -7.10543e-15

1 42 4.15002 -2.22045e-16
2 42 4.15002 -2.22045e-16
3 42 4.15002 -2.22045e-16
4 42 4.15002 -2.22045e-16
5 42 4.15002 -2.22045e-16
6 42 4.15002 -2.22045e-16
7 42 4.15002 -2.22045e-16
8 42 4.15002 -2.22045e-16
9 42 4.15002 -2.22045e-16
10 42 4.15002 -2.22045e-16
11 42 4.15002 -2.22045e-16
12 42 4.15002 -2.22045e-16
13 42 4.15002 -2.22045e-16
14 42 4.15002 -2.22045e-16
15 42 4.15002 -2.22045e-16
16 42 4.15002 -2.22045e-16
17 42 4.15002 -2.22045e-16
18 42 4.15002 -2.22045e-16
19 42 4.15002 -2.22045e-16
20 42 4.15002 -2.22045e-16

1 43 4.15002 -1.33227e-15
2 43 4.15002 -1.33227e-15
3 43 4.15002 -1.33227e-15
4 43 4.15002 -1.33227e-15
5 43 4.15002 -1.33227e-15
6 43 4.15002 -1.33227e-15
7 43 4.15002 -1.33227e-15
8 43 4.15002 -1.33227e-15
9 43 4.15002 -1.33227e-15
10 43 4.15002 -1.33227e-15
11 43 4.15002 -1.33227e-15
12 43 4.15002 -1.33227e-15
13 43 4.15002 -1.33227e-15
14 43 4.15002 -1.33227e-15
15 43 4.15002 -1.33227e-15
16 43 4.15002 -1.33227e-15
17 43 4.15002 -1.33227e-15
18 43 4.15002 -1.33227e-15
19 43 4.15002 -1.33227e-15
20 43 4.15002 -1.33227e-15

1 44 4.15002 8.88178e-16
2 44 4.15002 8.88178e-16
3 44 4.15002 8.88178e-16
4 44 4.15002 8.88178e-16
5 44 4.15002 8.88178e-16
6 44 4.15002 8.88178e-16
7 44 4.15002 8.88178e-16
8 44 4.15002 8.88178e-16
9 44 4.15002 8.88178e-16
10 44 4.15002 8.88178e-16
11 44 4.15002 8.88178e-16
12 44 4.15002 8.88178e-16
13 44 4.15002 8.88178e-16
14 44 4.15002 8.88178e-16
15 44 4.15002 8.88178e-16
16 44 4.15002 8.88178e-16
17 44 4.15002 8.88178e-16
18 44 4.15002 8.88178e-16
19 44 4.15002 8.88178e-16
20 44 4.15002 8.88178e-16

1 45 4.15002 -3.55271e-15
2 45 4.15002 -3.55271e-15
3 45 4.15002 -3.55271e-15
4 45 4.15002 -3.55271e-15
5 45 4.15002 -3.55271e-15
6 45 4.15002 -3.55271e-15
7 45 4.15002 -3.55271e-15
8 45 4.15002 -3.55271e-15
9 45 4.15002 -3.55271e-15
10 45 4.15002 -3.55271e-15
11 45 4.15002 -3.55271e-15
12 45 4.15002 -3.55271e-15
13 45 4.15002 -3.55271e-15
14 45 4.15002 -3.55271e-15
15 45 4.15002 -3.55271e-15
16 45 4.15002 -3.55271e-15
17 45 4.15002 -3.55271e-15
18 45 4.15002 -3.55271e-15
19 45 4.15002 -3.55271e-15
20 45 4.15002 -3.55271e-15

1 46 4.15002 -2.22045e-16
2 46 4.15002 -2.22045e-16
3 46 4.15002 -2.22045e-16
4 46 4.15002 -2.22045e-16
5 46 4.15002 -2.22045e-16
6 46 4.15002 -2.22045e-16
7 46 4.15002 -2.22045e-16
8 46 4.15002 -2.22045e-16
9 46 4.15002 -2.22045e-16
10 46 4.15002 -2.22045e-16
11 46 4.15002 -2.22045e-16
12 46 4.15002 -2.22045e-16
13 46 4.15002 -2.22045e-16
14 46 4.15002 -2.22045e-16
15 46 4.15002 -2.22045e-16
16 46 4.15002 -2.22045e-16
17 46 4.15002 -2.22045e-16
18 46 4.15002 -2.22045e-16
19 46 4.15002 -2.22045e-16
20 46 4.15002 -2.22045e-16

1 47 4.15002 -5.32907e-15
2 47 4.15002 -5.32907e-15
3 47 4.15002 -5.32907e-15
4 47 4.15002 -5.32907e-15
5 47 4.15002 -5.32907e-15
6 47 4.15002 -5.32907e-15
7 47 4.15002 -5.32907e-15
8 47 4.15002 -5.32907e-15
9 47 4.15002 -5.32907e-15
10 47 4.15002 -5.32907e-15
11 47 4.15002 -5.32907e-15
12 47 4.15002 -5.32907e-15
13 47 4.15002 -5.32907e-15
14 47 4.15002 -5.32907e-15
15 47 4.15002 -5.32907e-15
16 47 4.15002 -5.32907e-15
17 47 4.15002 -5.32907e-15
18 47 4.15002 -5.32907e-15
19 47 4.15002 -5.32907e-15
20 47 4.15002 -5.32907e-15

1 48 4.15002 -2.88658e-15
2 48 4.15002 -2.88658e-15
3 48 4.15002 -2.88658e-15
4 48 4.15002 -2.88658e-15
5 48 4.15002 -2.88658e-15
6 48 4.15002 -2.88658e-15
7 48 4.15002 -2.88658e-15
8 48 4.15002 -2.88658e-15
9 48 4.15002 -2.88658e-15
10 48 4.15002 -2.88658e-15
11 48 4.15002 -2.88658e-15
12 48 4.15002 -2.88658e-15
13 48 4.15002 -2.88658e-15
14 48 4.15002 -2.88658e-15
15 48 4.15002 -2.88658e-15
16 48 4.15002 -2.88658e-15
17 48 4.15002 -2.88658e-15
18 48 4.15002 -2.88658e-15
19 48 4.15002 -2.88658e-15
20 48 4.15002 -2.88658e-15

1 49 4.15002 -3.33067e-15
2 49 4.15002 -3.33067e-15
3 49 4.15002 -3.33067e-15
4 49 4.15002 -3.33067e-15
5 49 4.15002 -3.33067e-15
6 49 4.15002 -3.33067e-15
7 49 4.15002 -3.33067e-15
8 49 4.15002 -3.33067e-15
9 49 4.15002 -3.33067e-15
10 49 4.15002 -3.33067e-15
11 49 4.15002 -3.33067e-15
12 49 4.15002 -3.33067e-15
13 49 4.15002 -3.33067e-15
14 49 4.15002 -3.33067e-15
15 49 4.15002 -3.33067e-15
16 49 4.15002 -3.33067e-15
17 49 4.15002 -3.33067e-15
18 49 4.15002 -3.33067e-15
19 49 4.15002 -3.33067e-15
20 49 4.15002 -3.33067e-15

1 50 4.15002 -1.11022e-15
2 50 4.15002 -1.11022e-15
3 50 4.15002 -1.11022e-15
4 50 4.15002 -1.11022e-15
5 50 4.15002 -1.11022e-15
6 50 4.15002 -1.11022e-15
7 50 4.15002 -1.11022e-15
8 50 4.15002 -1.11022e-15
9 50 4.15002 -1.11022e-15
10 50 4.15002 -1.11022e-15
11 50 4.15002 -1.11022e-15
12 50 4.15002 -1.11022e-15
13 50 4.15002 -1.11022e-15
14 50 4.15002 -1.11022e-15
15 50 4.15002 -1.11022e-15
16 50 4.15002 -1.11022e-15
17 50 4.15002 -1.11022e-15
18 50 4.15002 -1.11022e-15
19 50 4.15002 -1.11022e-15
20 50 4.15002 -1.11022e-15

