1 1 3.55002 5.61773e-14
2 1 3.55002 5.61773e-14
3 1 3.55002 5.61773e-14
4 1 3.55002 5.61773e-14
5 1 3.55002 5.61773e-14
6 1 3.55002 5.61773e-14
7 1 3.55002 5.61773e-14
8 1 3.55002 5.61773e-14
9 1 3.55002 5.61773e-14
10 1 3.55002 5.61773e-14
11 1 3.55002 5.61773e-14
12 1 3.55002 5.61773e-14
13 1 3.55002 5.61773e-14
14 1 3.55002 5.61773e-14
15 1 3.55002 5.61773e-14
16 1 3.55002 5.61773e-14
17 1 3.55002 5.61773e-14
18 1 3.55002 5.61773e-14
19 1 3.55002 5.61773e-14
20 1 3.55002 5.61773e-14

1 2 3.55002 5.12923e-14
2 2 3.55002 5.12923e-14
3 2 3.55002 5.12923e-14
4 2 3.55002 5.12923e-14
5 2 3.55002 5.12923e-14
6 2 3.55002 5.12923e-14
7 2 3.55002 5.12923e-14
8 2 3.55002 5.12923e-14
9 2 3.55002 5.12923e-14
10 2 3.55002 5.12923e-14
11 2 3.55002 5.12923e-14
12 2 3.55002 5.12923e-14
13 2 3.55002 5.12923e-14
14 2 3.55002 5.12923e-14
15 2 3.55002 5.12923e-14
16 2 3.55002 5.12923e-14
17 2 3.55002 5.12923e-14
18 2 3.55002 5.12923e-14
19 2 3.55002 5.12923e-14
20 2 3.55002 5.12923e-14

1 3 3.55002 5.39568e-14
2 3 3.55002 5.39568e-14
3 3 3.55002 5.39568e-14
4 3 3.55002 5.39568e-14
5 3 3.55002 5.39568e-14
6 3 3.55002 5.39568e-14
7 3 3.55002 5.39568e-14
8 3 3.55002 5.39568e-14
9 3 3.55002 5.39568e-14
10 3 3.55002 5.39568e-14
11 3 3.55002 5.39568e-14
12 3 3.55002 5.39568e-14
13 3 3.55002 5.39568e-14
14 3 3.55002 5.39568e-14
15 3 3.55002 5.39568e-14
16 3 3.55002 5.39568e-14
17 3 3.55002 5.39568e-14
18 3 3.55002 5.39568e-14
19 3 3.55002 5.39568e-14
20 3 3.55002 5.39568e-14

1 4 3.55002 5.24025e-14
2 4 3.55002 5.24025e-14
3 4 3.55002 5.24025e-14
4 4 3.55002 5.24025e-14
5 4 3.55002 5.24025e-14
6 4 3.55002 5.24025e-14
7 4 3.55002 5.24025e-14
8 4 3.55002 5.24025e-14
9 4 3.55002 5.24025e-14
10 4 3.55002 5.24025e-14
11 4 3.55002 5.24025e-14
12 4 3.55002 5.24025e-14
13 4 3.55002 5.24025e-14
14 4 3.55002 5.24025e-14
15 4 3.55002 5.24025e-14
16 4 3.55002 5.24025e-14
17 4 3.55002 5.24025e-14
18 4 3.55002 5.24025e-14
19 4 3.55002 5.24025e-14
20 4 3.55002 5.24025e-14

1 5 3.55002 5.86198e-14
2 5 3.55002 5.86198e-14
3 5 3.55002 5.86198e-14
4 5 3.55002 5.86198e-14
5 5 3.55002 5.86198e-14
6 5 3.55002 5.86198e-14
7 5 3.55002 5.86198e-14
8 5 3.55002 5.86198e-14
9 5 3.55002 5.86198e-14
10 5 3.55002 5.86198e-14
11 5 3.55002 5.86198e-14
12 5 3.55002 5.86198e-14
13 5 3.55002 5.86198e-14
14 5 3.55002 5.86198e-14
15 5 3.55002 5.86198e-14
16 5 3.55002 5.86198e-14
17 5 3.55002 5.86198e-14
18 5 3.55002 5.86198e-14
19 5 3.55002 5.86198e-14
20 5 3.55002 5.86198e-14

1 6 3.55002 5.61773e-14
2 6 3.55002 5.61773e-14
3 6 3.55002 5.61773e-14
4 6 3.55002 5.61773e-14
5 6 3.55002 5.61773e-14
6 6 3.55002 5.61773e-14
7 6 3.55002 5.61773e-14
8 6 3.55002 5.61773e-14
9 6 3.55002 5.61773e-14
10 6 3.55002 5.61773e-14
11 6 3.55002 5.61773e-14
12 6 3.55002 5.61773e-14
13 6 3.55002 5.61773e-14
14 6 3.55002 5.61773e-14
15 6 3.55002 5.61773e-14
16 6 3.55002 5.61773e-14
17 6 3.55002 5.61773e-14
18 6 3.55002 5.61773e-14
19 6 3.55002 5.61773e-14
20 6 3.55002 5.61773e-14

1 7 3.55002 6.12843e-14
2 7 3.55002 6.12843e-14
3 7 3.55002 6.12843e-14
4 7 3.55002 6.12843e-14
5 7 3.55002 6.12843e-14
6 7 3.55002 6.12843e-14
7 7 3.55002 6.12843e-14
8 7 3.55002 6.12843e-14
9 7 3.55002 6.12843e-14
10 7 3.55002 6.12843e-14
11 7 3.55002 6.12843e-14
12 7 3.55002 6.12843e-14
13 7 3.55002 6.12843e-14
14 7 3.55002 6.12843e-14
15 7 3.55002 6.12843e-14
16 7 3.55002 6.12843e-14
17 7 3.55002 6.12843e-14
18 7 3.55002 6.12843e-14
19 7 3.55002 6.12843e-14
20 7 3.55002 6.12843e-14

1 8 3.55002 5.86198e-14
2 8 3.55002 5.86198e-14
3 8 3.55002 5.86198e-14
4 8 3.55002 5.86198e-14
5 8 3.55002 5.86198e-14
6 8 3.55002 5.86198e-14
7 8 3.55002 5.86198e-14
8 8 3.55002 5.86198e-14
9 8 3.55002 5.86198e-14
10 8 3.55002 5.86198e-14
11 8 3.55002 5.86198e-14
12 8 3.55002 5.86198e-14
13 8 3.55002 5.86198e-14
14 8 3.55002 5.86198e-14
15 8 3.55002 5.86198e-14
16 8 3.55002 5.86198e-14
17 8 3.55002 5.86198e-14
18 8 3.55002 5.86198e-14
19 8 3.55002 5.86198e-14
20 8 3.55002 5.86198e-14

1 9 3.55002 6.21725e-14
2 9 3.55002 6.21725e-14
3 9 3.55002 6.21725e-14
4 9 3.55002 6.21725e-14
5 9 3.55002 6.21725e-14
6 9 3.55002 6.21725e-14
7 9 3.55002 6.21725e-14
8 9 3.55002 6.21725e-14
9 9 3.55002 6.21725e-14
10 9 3.55002 6.21725e-14
11 9 3.55002 6.21725e-14
12 9 3.55002 6.21725e-14
13 9 3.55002 6.21725e-14
14 9 3.55002 6.21725e-14
15 9 3.55002 6.21725e-14
16 9 3.55002 6.21725e-14
17 9 3.55002 6.21725e-14
18 9 3.55002 6.21725e-14
19 9 3.55002 6.21725e-14
20 9 3.55002 6.21725e-14

1 10 3.55002 6.03961e-14
2 10 3.55002 6.03961e-14
3 10 3.55002 6.03961e-14
4 10 3.55002 6.03961e-14
5 10 3.55002 6.03961e-14
6 10 3.55002 6.03961e-14
7 10 3.55002 6.03961e-14
8 10 3.55002 6.03961e-14
9 10 3.55002 6.03961e-14
10 10 3.55002 6.03961e-14
11 10 3.55002 6.03961e-14
12 10 3.55002 6.03961e-14
13 10 3.55002 6.03961e-14
14 10 3.55002 6.03961e-14
15 10 3.55002 6.03961e-14
16 10 3.55002 6.03961e-14
17 10 3.55002 6.03961e-14
18 10 3.55002 6.03961e-14
19 10 3.55002 6.03961e-14
20 10 3.55002 6.03961e-14

1 11 3.55002 6.32827e-14
2 11 3.55002 6.32827e-14
3 11 3.55002 6.32827e-14
4 11 3.55002 6.32827e-14
5 11 3.55002 6.32827e-14
6 11 3.55002 6.32827e-14
7 11 3.55002 6.32827e-14
8 11 3.55002 6.32827e-14
9 11 3.55002 6.32827e-14
10 11 3.55002 6.32827e-14
11 11 3.55002 6.32827e-14
12 11 3.55002 6.32827e-14
13 11 3.55002 6.32827e-14
14 11 3.55002 6.32827e-14
15 11 3.55002 6.32827e-14
16 11 3.55002 6.32827e-14
17 11 3.55002 6.32827e-14
18 11 3.55002 6.32827e-14
19 11 3.55002 6.32827e-14
20 11 3.55002 6.32827e-14

1 12 3.55002 6.06182e-14
2 12 3.55002 6.06182e-14
3 12 3.55002 6.06182e-14
4 12 3.55002 6.06182e-14
5 12 3.55002 6.06182e-14
6 12 3.55002 6.06182e-14
7 12 3.55002 6.06182e-14
8 12 3.55002 6.06182e-14
9 12 3.55002 6.06182e-14
10 12 3.55002 6.06182e-14
11 12 3.55002 6.06182e-14
12 12 3.55002 6.06182e-14
13 12 3.55002 6.06182e-14
14 12 3.55002 6.06182e-14
15 12 3.55002 6.06182e-14
16 12 3.55002 6.06182e-14
17 12 3.55002 6.06182e-14
18 12 3.55002 6.06182e-14
19 12 3.55002 6.06182e-14
20 12 3.55002 6.06182e-14

1 13 3.55002 6.28386e-14
2 13 3.55002 6.28386e-14
3 13 3.55002 6.28386e-14
4 13 3.55002 6.28386e-14
5 13 3.55002 6.28386e-14
6 13 3.55002 6.28386e-14
7 13 3.55002 6.28386e-14
8 13 3.55002 6.28386e-14
9 13 3.55002 6.28386e-14
10 13 3.55002 6.28386e-14
11 13 3.55002 6.28386e-14
12 13 3.55002 6.28386e-14
13 13 3.55002 6.28386e-14
14 13 3.55002 6.28386e-14
15 13 3.55002 6.28386e-14
16 13 3.55002 6.28386e-14
17 13 3.55002 6.28386e-14
18 13 3.55002 6.28386e-14
19 13 3.55002 6.28386e-14
20 13 3.55002 6.28386e-14

1 14 3.55002 6.01741e-14
2 14 3.55002 6.01741e-14
3 14 3.55002 6.01741e-14
4 14 3.55002 6.01741e-14
5 14 3.55002 6.01741e-14
6 14 3.55002 6.01741e-14
7 14 3.55002 6.01741e-14
8 14 3.55002 6.01741e-14
9 14 3.55002 6.01741e-14
10 14 3.55002 6.01741e-14
11 14 3.55002 6.01741e-14
12 14 3.55002 6.01741e-14
13 14 3.55002 6.01741e-14
14 14 3.55002 6.01741e-14
15 14 3.55002 6.01741e-14
16 14 3.55002 6.01741e-14
17 14 3.55002 6.01741e-14
18 14 3.55002 6.01741e-14
19 14 3.55002 6.01741e-14
20 14 3.55002 6.01741e-14

1 15 3.55002 6.06182e-14
2 15 3.55002 6.06182e-14
3 15 3.55002 6.06182e-14
4 15 3.55002 6.06182e-14
5 15 3.55002 6.06182e-14
6 15 3.55002 6.06182e-14
7 15 3.55002 6.06182e-14
8 15 3.55002 6.06182e-14
9 15 3.55002 6.06182e-14
10 15 3.55002 6.06182e-14
11 15 3.55002 6.06182e-14
12 15 3.55002 6.06182e-14
13 15 3.55002 6.06182e-14
14 15 3.55002 6.06182e-14
15 15 3.55002 6.06182e-14
16 15 3.55002 6.06182e-14
17 15 3.55002 6.06182e-14
18 15 3.55002 6.06182e-14
19 15 3.55002 6.06182e-14
20 15 3.55002 6.06182e-14

1 16 3.55002 5.59552e-14
2 16 3.55002 5.59552e-14
3 16 3.55002 5.59552e-14
4 16 3.55002 5.59552e-14
5 16 3.55002 5.59552e-14
6 16 3.55002 5.59552e-14
7 16 3.55002 5.59552e-14
8 16 3.55002 5.59552e-14
9 16 3.55002 5.59552e-14
10 16 3.55002 5.59552e-14
11 16 3.55002 5.59552e-14
12 16 3.55002 5.59552e-14
13 16 3.55002 5.59552e-14
14 16 3.55002 5.59552e-14
15 16 3.55002 5.59552e-14
16 16 3.55002 5.59552e-14
17 16 3.55002 5.59552e-14
18 16 3.55002 5.59552e-14
19 16 3.55002 5.59552e-14
20 16 3.55002 5.59552e-14

1 17 3.55002 5.68434e-14
2 17 3.55002 5.68434e-14
3 17 3.55002 5.68434e-14
4 17 3.55002 5.68434e-14
5 17 3.55002 5.68434e-14
6 17 3.55002 5.68434e-14
7 17 3.55002 5.68434e-14
8 17 3.55002 5.68434e-14
9 17 3.55002 5.68434e-14
10 17 3.55002 5.68434e-14
11 17 3.55002 5.68434e-14
12 17 3.55002 5.68434e-14
13 17 3.55002 5.68434e-14
14 17 3.55002 5.68434e-14
15 17 3.55002 5.68434e-14
16 17 3.55002 5.68434e-14
17 17 3.55002 5.68434e-14
18 17 3.55002 5.68434e-14
19 17 3.55002 5.68434e-14
20 17 3.55002 5.68434e-14

1 18 3.55002 5.55112e-14
2 18 3.55002 5.55112e-14
3 18 3.55002 5.55112e-14
4 18 3.55002 5.55112e-14
5 18 3.55002 5.55112e-14
6 18 3.55002 5.55112e-14
7 18 3.55002 5.55112e-14
8 18 3.55002 5.55112e-14
9 18 3.55002 5.55112e-14
10 18 3.55002 5.55112e-14
11 18 3.55002 5.55112e-14
12 18 3.55002 5.55112e-14
13 18 3.55002 5.55112e-14
14 18 3.55002 5.55112e-14
15 18 3.55002 5.55112e-14
16 18 3.55002 5.55112e-14
17 18 3.55002 5.55112e-14
18 18 3.55002 5.55112e-14
19 18 3.55002 5.55112e-14
20 18 3.55002 5.55112e-14

1 19 3.55002 5.4845e-14
2 19 3.55002 5.4845e-14
3 19 3.55002 5.4845e-14
4 19 3.55002 5.4845e-14
5 19 3.55002 5.4845e-14
6 19 3.55002 5.4845e-14
7 19 3.55002 5.4845e-14
8 19 3.55002 5.4845e-14
9 19 3.55002 5.4845e-14
10 19 3.55002 5.4845e-14
11 19 3.55002 5.4845e-14
12 19 3.55002 5.4845e-14
13 19 3.55002 5.4845e-14
14 19 3.55002 5.4845e-14
15 19 3.55002 5.4845e-14
16 19 3.55002 5.4845e-14
17 19 3.55002 5.4845e-14
18 19 3.55002 5.4845e-14
19 19 3.55002 5.4845e-14
20 19 3.55002 5.4845e-14

1 20 3.55002 5.50671e-14
2 20 3.55002 5.50671e-14
3 20 3.55002 5.50671e-14
4 20 3.55002 5.50671e-14
5 20 3.55002 5.50671e-14
6 20 3.55002 5.50671e-14
7 20 3.55002 5.50671e-14
8 20 3.55002 5.50671e-14
9 20 3.55002 5.50671e-14
10 20 3.55002 5.50671e-14
11 20 3.55002 5.50671e-14
12 20 3.55002 5.50671e-14
13 20 3.55002 5.50671e-14
14 20 3.55002 5.50671e-14
15 20 3.55002 5.50671e-14
16 20 3.55002 5.50671e-14
17 20 3.55002 5.50671e-14
18 20 3.55002 5.50671e-14
19 20 3.55002 5.50671e-14
20 20 3.55002 5.50671e-14

1 21 3.55002 5.44009e-14
2 21 3.55002 5.44009e-14
3 21 3.55002 5.44009e-14
4 21 3.55002 5.44009e-14
5 21 3.55002 5.44009e-14
6 21 3.55002 5.44009e-14
7 21 3.55002 5.44009e-14
8 21 3.55002 5.44009e-14
9 21 3.55002 5.44009e-14
10 21 3.55002 5.44009e-14
11 21 3.55002 5.44009e-14
12 21 3.55002 5.44009e-14
13 21 3.55002 5.44009e-14
14 21 3.55002 5.44009e-14
15 21 3.55002 5.44009e-14
16 21 3.55002 5.44009e-14
17 21 3.55002 5.44009e-14
18 21 3.55002 5.44009e-14
19 21 3.55002 5.44009e-14
20 21 3.55002 5.44009e-14

1 22 3.55002 5.63993e-14
2 22 3.55002 5.63993e-14
3 22 3.55002 5.63993e-14
4 22 3.55002 5.63993e-14
5 22 3.55002 5.63993e-14
6 22 3.55002 5.63993e-14
7 22 3.55002 5.63993e-14
8 22 3.55002 5.63993e-14
9 22 3.55002 5.63993e-14
10 22 3.55002 5.63993e-14
11 22 3.55002 5.63993e-14
12 22 3.55002 5.63993e-14
13 22 3.55002 5.63993e-14
14 22 3.55002 5.63993e-14
15 22 3.55002 5.63993e-14
16 22 3.55002 5.63993e-14
17 22 3.55002 5.63993e-14
18 22 3.55002 5.63993e-14
19 22 3.55002 5.63993e-14
20 22 3.55002 5.63993e-14

1 23 3.55002 5.24025e-14
2 23 3.55002 5.24025e-14
3 23 3.55002 5.24025e-14
4 23 3.55002 5.24025e-14
5 23 3.55002 5.24025e-14
6 23 3.55002 5.24025e-14
7 23 3.55002 5.24025e-14
8 23 3.55002 5.24025e-14
9 23 3.55002 5.24025e-14
10 23 3.55002 5.24025e-14
11 23 3.55002 5.24025e-14
12 23 3.55002 5.24025e-14
13 23 3.55002 5.24025e-14
14 23 3.55002 5.24025e-14
15 23 3.55002 5.24025e-14
16 23 3.55002 5.24025e-14
17 23 3.55002 5.24025e-14
18 23 3.55002 5.24025e-14
19 23 3.55002 5.24025e-14
20 23 3.55002 5.24025e-14

1 24 3.55002 5.01821e-14
2 24 3.55002 5.01821e-14
3 24 3.55002 5.01821e-14
4 24 3.55002 5.01821e-14
5 24 3.55002 5.01821e-14
6 24 3.55002 5.01821e-14
7 24 3.55002 5.01821e-14
8 24 3.55002 5.01821e-14
9 24 3.55002 5.01821e-14
10 24 3.55002 5.01821e-14
11 24 3.55002 5.01821e-14
12 24 3.55002 5.01821e-14
13 24 3.55002 5.01821e-14
14 24 3.55002 5.01821e-14
15 24 3.55002 5.01821e-14
16 24 3.55002 5.01821e-14
17 24 3.55002 5.01821e-14
18 24 3.55002 5.01821e-14
19 24 3.55002 5.01821e-14
20 24 3.55002 5.01821e-14

1 25 3.55002 4.92939e-14
2 25 3.55002 4.92939e-14
3 25 3.55002 4.92939e-14
4 25 3.55002 4.92939e-14
5 25 3.55002 4.92939e-14
6 25 3.55002 4.92939e-14
7 25 3.55002 4.92939e-14
8 25 3.55002 4.92939e-14
9 25 3.55002 4.92939e-14
10 25 3.55002 4.92939e-14
11 25 3.55002 4.92939e-14
12 25 3.55002 4.92939e-14
13 25 3.55002 4.92939e-14
14 25 3.55002 4.92939e-14
15 25 3.55002 4.92939e-14
16 25 3.55002 4.92939e-14
17 25 3.55002 4.92939e-14
18 25 3.55002 4.92939e-14
19 25 3.55002 4.92939e-14
20 25 3.55002 4.92939e-14

1 26 3.55002 4.52971e-14
2 26 3.55002 4.52971e-14
3 26 3.55002 4.52971e-14
4 26 3.55002 4.52971e-14
5 26 3.55002 4.52971e-14
6 26 3.55002 4.52971e-14
7 26 3.55002 4.52971e-14
8 26 3.55002 4.52971e-14
9 26 3.55002 4.52971e-14
10 26 3.55002 4.52971e-14
11 26 3.55002 4.52971e-14
12 26 3.55002 4.52971e-14
13 26 3.55002 4.52971e-14
14 26 3.55002 4.52971e-14
15 26 3.55002 4.52971e-14
16 26 3.55002 4.52971e-14
17 26 3.55002 4.52971e-14
18 26 3.55002 4.52971e-14
19 26 3.55002 4.52971e-14
20 26 3.55002 4.52971e-14

1 27 3.55002 4.4853e-14
2 27 3.55002 4.4853e-14
3 27 3.55002 4.4853e-14
4 27 3.55002 4.4853e-14
5 27 3.55002 4.4853e-14
6 27 3.55002 4.4853e-14
7 27 3.55002 4.4853e-14
8 27 3.55002 4.4853e-14
9 27 3.55002 4.4853e-14
10 27 3.55002 4.4853e-14
11 27 3.55002 4.4853e-14
12 27 3.55002 4.4853e-14
13 27 3.55002 4.4853e-14
14 27 3.55002 4.4853e-14
15 27 3.55002 4.4853e-14
16 27 3.55002 4.4853e-14
17 27 3.55002 4.4853e-14
18 27 3.55002 4.4853e-14
19 27 3.55002 4.4853e-14
20 27 3.55002 4.4853e-14

1 28 3.55002 4.66294e-14
2 28 3.55002 4.66294e-14
3 28 3.55002 4.66294e-14
4 28 3.55002 4.66294e-14
5 28 3.55002 4.66294e-14
6 28 3.55002 4.66294e-14
7 28 3.55002 4.66294e-14
8 28 3.55002 4.66294e-14
9 28 3.55002 4.66294e-14
10 28 3.55002 4.66294e-14
11 28 3.55002 4.66294e-14
12 28 3.55002 4.66294e-14
13 28 3.55002 4.66294e-14
14 28 3.55002 4.66294e-14
15 28 3.55002 4.66294e-14
16 28 3.55002 4.66294e-14
17 28 3.55002 4.66294e-14
18 28 3.55002 4.66294e-14
19 28 3.55002 4.66294e-14
20 28 3.55002 4.66294e-14

1 29 3.55002 4.64073e-14
2 29 3.55002 4.64073e-14
3 29 3.55002 4.64073e-14
4 29 3.55002 4.64073e-14
5 29 3.55002 4.64073e-14
6 29 3.55002 4.64073e-14
7 29 3.55002 4.64073e-14
8 29 3.55002 4.64073e-14
9 29 3.55002 4.64073e-14
10 29 3.55002 4.64073e-14
11 29 3.55002 4.64073e-14
12 29 3.55002 4.64073e-14
13 29 3.55002 4.64073e-14
14 29 3.55002 4.64073e-14
15 29 3.55002 4.64073e-14
16 29 3.55002 4.64073e-14
17 29 3.55002 4.64073e-14
18 29 3.55002 4.64073e-14
19 29 3.55002 4.64073e-14
20 29 3.55002 4.64073e-14

1 30 3.55002 4.17444e-14
2 30 3.55002 4.17444e-14
3 30 3.55002 4.17444e-14
4 30 3.55002 4.17444e-14
5 30 3.55002 4.17444e-14
6 30 3.55002 4.17444e-14
7 30 3.55002 4.17444e-14
8 30 3.55002 4.17444e-14
9 30 3.55002 4.17444e-14
10 30 3.55002 4.17444e-14
11 30 3.55002 4.17444e-14
12 30 3.55002 4.17444e-14
13 30 3.55002 4.17444e-14
14 30 3.55002 4.17444e-14
15 30 3.55002 4.17444e-14
16 30 3.55002 4.17444e-14
17 30 3.55002 4.17444e-14
18 30 3.55002 4.17444e-14
19 30 3.55002 4.17444e-14
20 30 3.55002 4.17444e-14

1 31 3.55002 4.64073e-14
2 31 3.55002 4.64073e-14
3 31 3.55002 4.64073e-14
4 31 3.55002 4.64073e-14
5 31 3.55002 4.64073e-14
6 31 3.55002 4.64073e-14
7 31 3.55002 4.64073e-14
8 31 3.55002 4.64073e-14
9 31 3.55002 4.64073e-14
10 31 3.55002 4.64073e-14
11 31 3.55002 4.64073e-14
12 31 3.55002 4.64073e-14
13 31 3.55002 4.64073e-14
14 31 3.55002 4.64073e-14
15 31 3.55002 4.64073e-14
16 31 3.55002 4.64073e-14
17 31 3.55002 4.64073e-14
18 31 3.55002 4.64073e-14
19 31 3.55002 4.64073e-14
20 31 3.55002 4.64073e-14

1 32 3.55002 4.79616e-14
2 32 3.55002 4.79616e-14
3 32 3.55002 4.79616e-14
4 32 3.55002 4.79616e-14
5 32 3.55002 4.79616e-14
6 32 3.55002 4.79616e-14
7 32 3.55002 4.79616e-14
8 32 3.55002 4.79616e-14
9 32 3.55002 4.79616e-14
10 32 3.55002 4.79616e-14
11 32 3.55002 4.79616e-14
12 32 3.55002 4.79616e-14
13 32 3.55002 4.79616e-14
14 32 3.55002 4.79616e-14
15 32 3.55002 4.79616e-14
16 32 3.55002 4.79616e-14
17 32 3.55002 4.79616e-14
18 32 3.55002 4.79616e-14
19 32 3.55002 4.79616e-14
20 32 3.55002 4.79616e-14

1 33 3.55002 4.996e-14
2 33 3.55002 4.996e-14
3 33 3.55002 4.996e-14
4 33 3.55002 4.996e-14
5 33 3.55002 4.996e-14
6 33 3.55002 4.996e-14
7 33 3.55002 4.996e-14
8 33 3.55002 4.996e-14
9 33 3.55002 4.996e-14
10 33 3.55002 4.996e-14
11 33 3.55002 4.996e-14
12 33 3.55002 4.996e-14
13 33 3.55002 4.996e-14
14 33 3.55002 4.996e-14
15 33 3.55002 4.996e-14
16 33 3.55002 4.996e-14
17 33 3.55002 4.996e-14
18 33 3.55002 4.996e-14
19 33 3.55002 4.996e-14
20 33 3.55002 4.996e-14

1 34 3.55002 4.75175e-14
2 34 3.55002 4.75175e-14
3 34 3.55002 4.75175e-14
4 34 3.55002 4.75175e-14
5 34 3.55002 4.75175e-14
6 34 3.55002 4.75175e-14
7 34 3.55002 4.75175e-14
8 34 3.55002 4.75175e-14
9 34 3.55002 4.75175e-14
10 34 3.55002 4.75175e-14
11 34 3.55002 4.75175e-14
12 34 3.55002 4.75175e-14
13 34 3.55002 4.75175e-14
14 34 3.55002 4.75175e-14
15 34 3.55002 4.75175e-14
16 34 3.55002 4.75175e-14
17 34 3.55002 4.75175e-14
18 34 3.55002 4.75175e-14
19 34 3.55002 4.75175e-14
20 34 3.55002 4.75175e-14

1 35 3.55002 4.9738e-14
2 35 3.55002 4.9738e-14
3 35 3.55002 4.9738e-14
4 35 3.55002 4.9738e-14
5 35 3.55002 4.9738e-14
6 35 3.55002 4.9738e-14
7 35 3.55002 4.9738e-14
8 35 3.55002 4.9738e-14
9 35 3.55002 4.9738e-14
10 35 3.55002 4.9738e-14
11 35 3.55002 4.9738e-14
12 35 3.55002 4.9738e-14
13 35 3.55002 4.9738e-14
14 35 3.55002 4.9738e-14
15 35 3.55002 4.9738e-14
16 35 3.55002 4.9738e-14
17 35 3.55002 4.9738e-14
18 35 3.55002 4.9738e-14
19 35 3.55002 4.9738e-14
20 35 3.55002 4.9738e-14

1 36 3.55002 4.996e-14
2 36 3.55002 4.996e-14
3 36 3.55002 4.996e-14
4 36 3.55002 4.996e-14
5 36 3.55002 4.996e-14
6 36 3.55002 4.996e-14
7 36 3.55002 4.996e-14
8 36 3.55002 4.996e-14
9 36 3.55002 4.996e-14
10 36 3.55002 4.996e-14
11 36 3.55002 4.996e-14
12 36 3.55002 4.996e-14
13 36 3.55002 4.996e-14
14 36 3.55002 4.996e-14
15 36 3.55002 4.996e-14
16 36 3.55002 4.996e-14
17 36 3.55002 4.996e-14
18 36 3.55002 4.996e-14
19 36 3.55002 4.996e-14
20 36 3.55002 4.996e-14

1 37 3.55002 5.21805e-14
2 37 3.55002 5.21805e-14
3 37 3.55002 5.21805e-14
4 37 3.55002 5.21805e-14
5 37 3.55002 5.21805e-14
6 37 3.55002 5.21805e-14
7 37 3.55002 5.21805e-14
8 37 3.55002 5.21805e-14
9 37 3.55002 5.21805e-14
10 37 3.55002 5.21805e-14
11 37 3.55002 5.21805e-14
12 37 3.55002 5.21805e-14
13 37 3.55002 5.21805e-14
14 37 3.55002 5.21805e-14
15 37 3.55002 5.21805e-14
16 37 3.55002 5.21805e-14
17 37 3.55002 5.21805e-14
18 37 3.55002 5.21805e-14
19 37 3.55002 5.21805e-14
20 37 3.55002 5.21805e-14

1 38 3.55002 5.37348e-14
2 38 3.55002 5.37348e-14
3 38 3.55002 5.37348e-14
4 38 3.55002 5.37348e-14
5 38 3.55002 5.37348e-14
6 38 3.55002 5.37348e-14
7 38 3.55002 5.37348e-14
8 38 3.55002 5.37348e-14
9 38 3.55002 5.37348e-14
10 38 3.55002 5.37348e-14
11 38 3.55002 5.37348e-14
12 38 3.55002 5.37348e-14
13 38 3.55002 5.37348e-14
14 38 3.55002 5.37348e-14
15 38 3.55002 5.37348e-14
16 38 3.55002 5.37348e-14
17 38 3.55002 5.37348e-14
18 38 3.55002 5.37348e-14
19 38 3.55002 5.37348e-14
20 38 3.55002 5.37348e-14

1 39 3.55002 5.39568e-14
2 39 3.55002 5.39568e-14
3 39 3.55002 5.39568e-14
4 39 3.55002 5.39568e-14
5 39 3.55002 5.39568e-14
6 39 3.55002 5.39568e-14
7 39 3.55002 5.39568e-14
8 39 3.55002 5.39568e-14
9 39 3.55002 5.39568e-14
10 39 3.55002 5.39568e-14
11 39 3.55002 5.39568e-14
12 39 3.55002 5.39568e-14
13 39 3.55002 5.39568e-14
14 39 3.55002 5.39568e-14
15 39 3.55002 5.39568e-14
16 39 3.55002 5.39568e-14
17 39 3.55002 5.39568e-14
18 39 3.55002 5.39568e-14
19 39 3.55002 5.39568e-14
20 39 3.55002 5.39568e-14

1 40 3.55002 5.28466e-14
2 40 3.55002 5.28466e-14
3 40 3.55002 5.28466e-14
4 40 3.55002 5.28466e-14
5 40 3.55002 5.28466e-14
6 40 3.55002 5.28466e-14
7 40 3.55002 5.28466e-14
8 40 3.55002 5.28466e-14
9 40 3.55002 5.28466e-14
10 40 3.55002 5.28466e-14
11 40 3.55002 5.28466e-14
12 40 3.55002 5.28466e-14
13 40 3.55002 5.28466e-14
14 40 3.55002 5.28466e-14
15 40 3.55002 5.28466e-14
16 40 3.55002 5.28466e-14
17 40 3.55002 5.28466e-14
18 40 3.55002 5.28466e-14
19 40 3.55002 5.28466e-14
20 40 3.55002 5.28466e-14

1 41 3.55002 4.86278e-14
2 41 3.55002 4.86278e-14
3 41 3.55002 4.86278e-14
4 41 3.55002 4.86278e-14
5 41 3.55002 4.86278e-14
6 41 3.55002 4.86278e-14
7 41 3.55002 4.86278e-14
8 41 3.55002 4.86278e-14
9 41 3.55002 4.86278e-14
10 41 3.55002 4.86278e-14
11 41 3.55002 4.86278e-14
12 41 3.55002 4.86278e-14
13 41 3.55002 4.86278e-14
14 41 3.55002 4.86278e-14
15 41 3.55002 4.86278e-14
16 41 3.55002 4.86278e-14
17 41 3.55002 4.86278e-14
18 41 3.55002 4.86278e-14
19 41 3.55002 4.86278e-14
20 41 3.55002 4.86278e-14

1 42 3.55002 5.08482e-14
2 42 3.55002 5.08482e-14
3 42 3.55002 5.08482e-14
4 42 3.55002 5.08482e-14
5 42 3.55002 5.08482e-14
6 42 3.55002 5.08482e-14
7 42 3.55002 5.08482e-14
8 42 3.55002 5.08482e-14
9 42 3.55002 5.08482e-14
10 42 3.55002 5.08482e-14
11 42 3.55002 5.08482e-14
12 42 3.55002 5.08482e-14
13 42 3.55002 5.08482e-14
14 42 3.55002 5.08482e-14
15 42 3.55002 5.08482e-14
16 42 3.55002 5.08482e-14
17 42 3.55002 5.08482e-14
18 42 3.55002 5.08482e-14
19 42 3.55002 5.08482e-14
20 42 3.55002 5.08482e-14

1 43 3.55002 4.996e-14
2 43 3.55002 4.996e-14
3 43 3.55002 4.996e-14
4 43 3.55002 4.996e-14
5 43 3.55002 4.996e-14
6 43 3.55002 4.996e-14
7 43 3.55002 4.996e-14
8 43 3.55002 4.996e-14
9 43 3.55002 4.996e-14
10 43 3.55002 4.996e-14
11 43 3.55002 4.996e-14
12 43 3.55002 4.996e-14
13 43 3.55002 4.996e-14
14 43 3.55002 4.996e-14
15 43 3.55002 4.996e-14
16 43 3.55002 4.996e-14
17 43 3.55002 4.996e-14
18 43 3.55002 4.996e-14
19 43 3.55002 4.996e-14
20 43 3.55002 4.996e-14

1 44 3.55002 5.26246e-14
2 44 3.55002 5.26246e-14
3 44 3.55002 5.26246e-14
4 44 3.55002 5.26246e-14
5 44 3.55002 5.26246e-14
6 44 3.55002 5.26246e-14
7 44 3.55002 5.26246e-14
8 44 3.55002 5.26246e-14
9 44 3.55002 5.26246e-14
10 44 3.55002 5.26246e-14
11 44 3.55002 5.26246e-14
12 44 3.55002 5.26246e-14
13 44 3.55002 5.26246e-14
14 44 3.55002 5.26246e-14
15 44 3.55002 5.26246e-14
16 44 3.55002 5.26246e-14
17 44 3.55002 5.26246e-14
18 44 3.55002 5.26246e-14
19 44 3.55002 5.26246e-14
20 44 3.55002 5.26246e-14

1 45 3.55002 5.4845e-14
2 45 3.55002 5.4845e-14
3 45 3.55002 5.4845e-14
4 45 3.55002 5.4845e-14
5 45 3.55002 5.4845e-14
6 45 3.55002 5.4845e-14
7 45 3.55002 5.4845e-14
8 45 3.55002 5.4845e-14
9 45 3.55002 5.4845e-14
10 45 3.55002 5.4845e-14
11 45 3.55002 5.4845e-14
12 45 3.55002 5.4845e-14
13 45 3.55002 5.4845e-14
14 45 3.55002 5.4845e-14
15 45 3.55002 5.4845e-14
16 45 3.55002 5.4845e-14
17 45 3.55002 5.4845e-14
18 45 3.55002 5.4845e-14
19 45 3.55002 5.4845e-14
20 45 3.55002 5.4845e-14

1 46 3.55002 5.86198e-14
2 46 3.55002 5.86198e-14
3 46 3.55002 5.86198e-14
4 46 3.55002 5.86198e-14
5 46 3.55002 5.86198e-14
6 46 3.55002 5.86198e-14
7 46 3.55002 5.86198e-14
8 46 3.55002 5.86198e-14
9 46 3.55002 5.86198e-14
10 46 3.55002 5.86198e-14
11 46 3.55002 5.86198e-14
12 46 3.55002 5.86198e-14
13 46 3.55002 5.86198e-14
14 46 3.55002 5.86198e-14
15 46 3.55002 5.86198e-14
16 46 3.55002 5.86198e-14
17 46 3.55002 5.86198e-14
18 46 3.55002 5.86198e-14
19 46 3.55002 5.86198e-14
20 46 3.55002 5.86198e-14

1 47 3.55002 6.06182e-14
2 47 3.55002 6.06182e-14
3 47 3.55002 6.06182e-14
4 47 3.55002 6.06182e-14
5 47 3.55002 6.06182e-14
6 47 3.55002 6.06182e-14
7 47 3.55002 6.06182e-14
8 47 3.55002 6.06182e-14
9 47 3.55002 6.06182e-14
10 47 3.55002 6.06182e-14
11 47 3.55002 6.06182e-14
12 47 3.55002 6.06182e-14
13 47 3.55002 6.06182e-14
14 47 3.55002 6.06182e-14
15 47 3.55002 6.06182e-14
16 47 3.55002 6.06182e-14
17 47 3.55002 6.06182e-14
18 47 3.55002 6.06182e-14
19 47 3.55002 6.06182e-14
20 47 3.55002 6.06182e-14

1 48 3.55002 5.68434e-14
2 48 3.55002 5.68434e-14
3 48 3.55002 5.68434e-14
4 48 3.55002 5.68434e-14
5 48 3.55002 5.68434e-14
6 48 3.55002 5.68434e-14
7 48 3.55002 5.68434e-14
8 48 3.55002 5.68434e-14
9 48 3.55002 5.68434e-14
10 48 3.55002 5.68434e-14
11 48 3.55002 5.68434e-14
12 48 3.55002 5.68434e-14
13 48 3.55002 5.68434e-14
14 48 3.55002 5.68434e-14
15 48 3.55002 5.68434e-14
16 48 3.55002 5.68434e-14
17 48 3.55002 5.68434e-14
18 48 3.55002 5.68434e-14
19 48 3.55002 5.68434e-14
20 48 3.55002 5.68434e-14

1 49 3.55002 5.83977e-14
2 49 3.55002 5.83977e-14
3 49 3.55002 5.83977e-14
4 49 3.55002 5.83977e-14
5 49 3.55002 5.83977e-14
6 49 3.55002 5.83977e-14
7 49 3.55002 5.83977e-14
8 49 3.55002 5.83977e-14
9 49 3.55002 5.83977e-14
10 49 3.55002 5.83977e-14
11 49 3.55002 5.83977e-14
12 49 3.55002 5.83977e-14
13 49 3.55002 5.83977e-14
14 49 3.55002 5.83977e-14
15 49 3.55002 5.83977e-14
16 49 3.55002 5.83977e-14
17 49 3.55002 5.83977e-14
18 49 3.55002 5.83977e-14
19 49 3.55002 5.83977e-14
20 49 3.55002 5.83977e-14

1 50 3.55002 5.21805e-14
2 50 3.55002 5.21805e-14
3 50 3.55002 5.21805e-14
4 50 3.55002 5.21805e-14
5 50 3.55002 5.21805e-14
6 50 3.55002 5.21805e-14
7 50 3.55002 5.21805e-14
8 50 3.55002 5.21805e-14
9 50 3.55002 5.21805e-14
10 50 3.55002 5.21805e-14
11 50 3.55002 5.21805e-14
12 50 3.55002 5.21805e-14
13 50 3.55002 5.21805e-14
14 50 3.55002 5.21805e-14
15 50 3.55002 5.21805e-14
16 50 3.55002 5.21805e-14
17 50 3.55002 5.21805e-14
18 50 3.55002 5.21805e-14
19 50 3.55002 5.21805e-14
20 50 3.55002 5.21805e-14

