0 0
1 4.1868e-12
2 4.0705e-12
3 3.92866e-12
4 3.80032e-12
5 3.67987e-12
6 3.56562e-12
7 3.45648e-12
8 3.35183e-12
9 3.25126e-12
10 3.15446e-12
11 3.06117e-12
12 2.97119e-12
13 2.88431e-12
14 2.80037e-12
15 2.71919e-12
16 2.64064e-12
17 2.56456e-12
18 2.49081e-12
19 2.41927e-12
20 2.34982e-12
21 2.28233e-12
22 2.21669e-12
23 2.15281e-12
24 2.09059e-12
25 2.02994e-12
26 1.97077e-12
27 1.91302e-12
28 1.85661e-12
29 1.8015e-12
30 1.74768e-12
31 1.69512e-12
32 1.64383e-12
33 1.59383e-12
34 1.54515e-12
35 1.49779e-12
36 1.45177e-12
37 1.40708e-12
38 1.36371e-12
39 1.32165e-12
40 1.28087e-12
41 1.24133e-12
42 1.20301e-12
43 1.16586e-12
44 1.12986e-12
45 1.09496e-12
46 1.06113e-12
47 1.02835e-12
48 9.96567e-13
49 9.65764e-13
50 9.35908e-13
51 9.06969e-13
52 8.78919e-13
53 8.51731e-13
54 8.25377e-13
55 7.99834e-13
56 7.75075e-13
57 7.51078e-13
58 7.27819e-13
59 7.05276e-13
60 6.83428e-13
61 6.62253e-13
62 6.41731e-13
63 6.21843e-13
64 6.02569e-13
65 5.83891e-13
66 5.65791e-13
67 5.48251e-13
68 5.31255e-13
69 5.14784e-13
70 4.98824e-13
71 4.83359e-13
72 4.68372e-13
73 4.5385e-13
74 4.39779e-13
75 4.26143e-13
76 4.1293e-13
77 4.00126e-13
78 3.8772e-13
79 3.75698e-13
80 3.64049e-13
81 3.5276e-13
82 3.41822e-13
83 3.31223e-13
84 3.20952e-13
85 3.11e-13
86 3.01356e-13
87 2.92011e-13
88 2.82956e-13
89 2.74182e-13
90 2.6568e-13
91 2.57441e-13
92 2.49458e-13
93 2.41722e-13
94 2.34226e-13
95 2.26963e-13
96 2.19925e-13
97 2.13105e-13
98 2.06497e-13
99 2.00093e-13
100 1.93888e-13
101 1.87876e-13
102 1.82049e-13
103 1.76404e-13
104 1.70934e-13
105 1.65633e-13
106 1.60497e-13
107 1.5552e-13
108 1.50697e-13
109 1.46024e-13
110 1.41495e-13
111 1.37108e-13
112 1.32856e-13
113 1.28736e-13
114 1.24744e-13
115 1.20875e-13
116 1.17127e-13
117 1.13495e-13
118 1.09975e-13
119 1.06565e-13
120 1.0326e-13
121 1.00058e-13
122 9.69553e-14
123 9.39487e-14
124 9.10353e-14
125 8.82122e-14
126 8.54767e-14
127 8.28261e-14
128 8.02576e-14
129 7.77688e-14
130 7.53571e-14
131 7.30202e-14
132 7.07558e-14
133 6.85617e-14
134 6.64355e-14
135 6.43753e-14
136 6.2379e-14
137 6.04446e-14
138 5.85702e-14
139 5.67539e-14
140 5.49939e-14
141 5.32886e-14
142 5.16361e-14
143 5.00348e-14
144 4.84832e-14
145 4.69797e-14
146 4.55228e-14
147 4.41111e-14
148 4.27432e-14
149 4.14177e-14
150 4.01334e-14
151 3.88888e-14
152 3.76828e-14
153 3.65143e-14
154 3.5382e-14
155 3.42847e-14
156 3.32216e-14
157 3.21913e-14
158 3.11931e-14
159 3.02258e-14
160 2.92884e-14
161 2.83802e-14
162 2.75001e-14
163 2.66473e-14
164 2.5821e-14
165 2.50202e-14
166 2.42444e-14
167 2.34925e-14
168 2.2764e-14
169 2.20581e-14
170 2.13741e-14
171 2.07112e-14
172 2.0069e-14
173 1.94466e-14
174 1.88436e-14
175 1.82592e-14
176 1.7693e-14
177 1.71443e-14
178 1.66127e-14
179 1.60975e-14
180 1.55983e-14
181 1.51146e-14
182 1.46459e-14
183 1.41917e-14
184 1.37516e-14
185 1.33252e-14
186 1.2912e-14
187 1.25115e-14
188 1.21236e-14
189 1.17476e-14
190 1.13833e-14
191 1.10303e-14
192 1.06882e-14
193 1.03568e-14
194 1.00356e-14
195 9.72442e-15
196 9.42286e-15
197 9.13065e-15
198 8.8475e-15
199 8.57314e-15
200 8.30728e-15
201 8.04967e-15
202 7.80004e-15
203 7.55816e-15
204 7.32378e-15
205 7.09666e-15
206 6.87659e-15
207 6.66335e-15
208 6.45671e-15
209 6.25649e-15
210 6.06247e-15
211 5.87447e-15
212 5.6923e-15
213 5.51578e-15
214 5.34473e-15
215 5.17899e-15
216 5.01838e-15
217 4.86276e-15
218 4.71197e-15
219 4.56584e-15
220 4.42426e-15
221 4.28706e-15
222 4.15411e-15
223 4.02529e-15
224 3.90047e-15
225 3.77951e-15
226 3.66231e-15
227 3.54874e-15
228 3.43869e-15
229 3.33205e-15
230 3.22872e-15
231 3.1286e-15
232 3.03158e-15
233 2.93757e-15
234 2.84647e-15
235 2.7582e-15
236 2.67267e-15
237 2.58979e-15
238 2.50948e-15
239 2.43166e-15
240 2.35625e-15
241 2.28318e-15
242 2.21238e-15
243 2.14377e-15
244 2.07729e-15
245 2.01288e-15
246 1.95046e-15
247 1.88997e-15
248 1.83136e-15
249 1.77457e-15
250 1.71954e-15
251 1.66622e-15
252 1.61455e-15
253 1.56448e-15
254 1.51596e-15
255 1.46895e-15
256 1.4234e-15
257 1.37926e-15
258 1.33649e-15
259 1.29504e-15
260 1.25488e-15
261 1.21597e-15
262 1.17826e-15
263 1.14172e-15
264 1.10632e-15
265 1.07201e-15
266 1.03876e-15
267 1.00655e-15
268 9.75339e-16
269 9.45093e-16
270 9.15785e-16
271 8.87386e-16
272 8.59868e-16
273 8.33203e-16
274 8.07365e-16
275 7.82328e-16
276 7.58068e-16
277 7.3456e-16
278 7.1178e-16
279 6.89708e-16
280 6.6832e-16
281 6.47595e-16
282 6.27512e-16
283 6.08053e-16
284 5.89197e-16
285 5.70926e-16
286 5.53221e-16
287 5.36065e-16
288 5.19442e-16
289 5.03333e-16
290 4.87725e-16
291 4.726e-16
292 4.57945e-16
293 4.43744e-16
294 4.29983e-16
295 4.16649e-16
296 4.03728e-16
297 3.91209e-16
298 3.79077e-16
299 3.67322e-16
300 3.55931e-16
301 3.44893e-16
302 3.34198e-16
303 3.23834e-16
304 3.13792e-16
305 3.04061e-16
306 2.94632e-16
307 2.85495e-16
308 2.76642e-16
309 2.68063e-16
310 2.5975e-16
311 2.51695e-16
312 2.4389e-16
313 2.36327e-16
314 2.28998e-16
315 2.21897e-16
316 2.15016e-16
317 2.08348e-16
318 2.01887e-16
319 1.95627e-16
320 1.8956e-16
321 1.83682e-16
322 1.77986e-16
323 1.72466e-16
324 1.67118e-16
325 1.61936e-16
326 1.56914e-16
327 1.52048e-16
328 1.47333e-16
329 1.42764e-16
330 1.38337e-16
331 1.34047e-16
332 1.2989e-16
333 1.25862e-16
334 1.21959e-16
335 1.18177e-16
336 1.14512e-16
337 1.10961e-16
338 1.0752e-16
339 1.04186e-16
340 1.00955e-16
341 9.78244e-17
342 9.47908e-17
343 9.18513e-17
344 8.9003e-17
345 8.62429e-17
346 8.35685e-17
347 8.0977e-17
348 7.84659e-17
349 7.60326e-17
350 7.36748e-17
351 7.13901e-17
352 6.91762e-17
353 6.70311e-17
354 6.49524e-17
355 6.29382e-17
356 6.09864e-17
357 5.90952e-17
358 5.72626e-17
359 5.54869e-17
360 5.37662e-17
361 5.20989e-17
362 5.04833e-17
363 4.89178e-17
364 4.74008e-17
365 4.59309e-17
366 4.45065e-17
367 4.31264e-17
368 4.1789e-17
369 4.04931e-17
370 3.92374e-17
371 3.80206e-17
372 3.68416e-17
373 3.56991e-17
374 3.45921e-17
375 3.35193e-17
376 3.24799e-17
377 3.14727e-17
378 3.04967e-17
379 2.9551e-17
380 2.86346e-17
381 2.77466e-17
382 2.68862e-17
383 2.60524e-17
384 2.52445e-17
385 2.44617e-17
386 2.37031e-17
387 2.29681e-17
388 2.22558e-17
389 2.15656e-17
390 2.08969e-17
391 2.02489e-17
392 1.96209e-17
393 1.90125e-17
394 1.84229e-17
395 1.78516e-17
396 1.7298e-17
397 1.67616e-17
398 1.62418e-17
399 1.57381e-17
400 1.52501e-17
401 1.47772e-17
402 1.43189e-17
403 1.38749e-17
404 1.34446e-17
405 1.30277e-17
406 1.26237e-17
407 1.22322e-17
408 1.18529e-17
409 1.14853e-17
410 1.11292e-17
411 1.07841e-17
412 1.04496e-17
413 1.01256e-17
414 9.81158e-18
415 9.50732e-18
416 9.21249e-18
417 8.92681e-18
418 8.64999e-18
419 8.38175e-18
420 8.12182e-18
421 7.86996e-18
422 7.62591e-18
423 7.38943e-18
424 7.16028e-18
425 6.93823e-18
426 6.72307e-18
427 6.51459e-18
428 6.31257e-18
429 6.11681e-18
430 5.92713e-18
431 5.74332e-18
432 5.56522e-18
433 5.39264e-18
434 5.22541e-18
435 5.06337e-18
436 4.90635e-18
437 4.7542e-18
438 4.60677e-18
439 4.46391e-18
440 4.32548e-18
441 4.19135e-18
442 4.06137e-18
443 3.93543e-18
444 3.81339e-18
445 3.69513e-18
446 3.58055e-18
447 3.46951e-18
448 3.36192e-18
449 3.25767e-18
450 3.15664e-18
451 3.05875e-18
452 2.9639e-18
453 2.87199e-18
454 2.78293e-18
455 2.69663e-18
456 2.613e-18
457 2.53197e-18
458 2.45345e-18
459 2.37737e-18
460 2.30365e-18
461 2.23221e-18
462 2.16299e-18
463 2.09591e-18
464 2.03092e-18
465 1.96794e-18
466 1.90691e-18
467 1.84778e-18
468 1.79048e-18
469 1.73495e-18
470 1.68115e-18
471 1.62902e-18
472 1.5785e-18
473 1.52955e-18
474 1.48212e-18
475 1.43616e-18
476 1.39162e-18
477 1.34847e-18
478 1.30665e-18
479 1.26613e-18
480 1.22687e-18
481 1.18882e-18
482 1.15196e-18
483 1.11623e-18
484 1.08162e-18
485 1.04808e-18
486 1.01557e-18
487 9.84082e-19
488 9.53564e-19
489 9.23994e-19
490 8.9534e-19
491 8.67575e-19
492 8.40672e-19
493 8.14602e-19
494 7.8934e-19
495 7.64863e-19
496 7.41144e-19
497 7.18161e-19
498 6.9589e-19
499 6.7431e-19
500 6.534e-19
501 6.33137e-19
502 6.13504e-19
503 5.94478e-19
504 5.76043e-19
505 5.5818e-19
506 5.4087e-19
507 5.24098e-19
508 5.07845e-19
509 4.92097e-19
510 4.76837e-19
511 4.6205e-19
512 4.47721e-19
513 4.33837e-19
514 4.20384e-19
515 4.07347e-19
516 3.94715e-19
517 3.82475e-19
518 3.70614e-19
519 3.59121e-19
520 3.47985e-19
521 3.37193e-19
522 3.26737e-19
523 3.16605e-19
524 3.06787e-19
525 2.97273e-19
526 2.88054e-19
527 2.79122e-19
528 2.70466e-19
529 2.62079e-19
530 2.53952e-19
531 2.46076e-19
532 2.38445e-19
533 2.31051e-19
534 2.23886e-19
535 2.16943e-19
536 2.10216e-19
537 2.03697e-19
538 1.9738e-19
539 1.91259e-19
540 1.85328e-19
541 1.79581e-19
542 1.74012e-19
543 1.68616e-19
544 1.63387e-19
545 1.5832e-19
546 1.53411e-19
547 1.48653e-19
548 1.44044e-19
549 1.39577e-19
550 1.35248e-19
551 1.31054e-19
552 1.2699e-19
553 1.23052e-19
554 1.19236e-19
555 1.15539e-19
556 1.11956e-19
557 1.08484e-19
558 1.0512e-19
559 1.0186e-19
560 9.87013e-20
