0 4.8683e-09
1 7.72112e-08
2 1.49554e-07
3 2.21897e-07
4 2.9424e-07
5 3.66583e-07
6 4.38926e-07
7 5.11269e-07
8 5.83612e-07
9 6.55955e-07
10 7.27896e-07
11 7.98867e-07
12 8.68102e-07
13 9.34969e-07
14 9.98973e-07
15 1.0599e-06
16 1.11774e-06
17 1.17266e-06
18 1.22493e-06
19 1.27487e-06
20 1.3228e-06
21 1.36903e-06
22 1.4138e-06
23 1.45735e-06
24 1.49985e-06
25 1.54142e-06
26 1.58218e-06
27 1.62222e-06
28 1.66159e-06
29 1.70035e-06
30 1.73853e-06
31 1.77618e-06
32 1.81331e-06
33 1.84996e-06
34 1.88614e-06
35 1.92187e-06
36 1.95717e-06
37 1.99205e-06
38 2.02653e-06
39 2.06061e-06
40 2.09432e-06
41 2.12765e-06
42 2.16062e-06
43 2.19323e-06
44 2.22547e-06
45 2.25735e-06
46 2.28887e-06
47 2.32001e-06
48 2.35078e-06
49 2.38116e-06
50 2.41115e-06
51 2.44074e-06
52 2.46992e-06
53 2.49869e-06
54 2.52705e-06
55 2.55498e-06
56 2.58249e-06
57 2.60958e-06
58 2.63625e-06
59 2.6625e-06
60 2.68834e-06
61 2.71376e-06
62 2.73878e-06
63 2.76339e-06
64 2.78761e-06
65 2.81144e-06
66 2.83488e-06
67 2.85795e-06
68 2.88064e-06
69 2.90296e-06
70 2.92492e-06
71 2.94653e-06
72 2.96778e-06
73 2.98869e-06
74 3.00927e-06
75 3.02951e-06
76 3.04942e-06
77 3.06902e-06
78 3.0883e-06
79 3.10727e-06
80 3.12594e-06
81 3.14432e-06
82 3.1624e-06
83 3.18019e-06
84 3.19771e-06
85 3.21495e-06
86 3.23191e-06
87 3.24862e-06
88 3.26506e-06
89 3.28124e-06
90 3.29717e-06
91 3.31286e-06
92 3.3283e-06
93 3.34349e-06
94 3.35846e-06
95 3.37319e-06
96 3.38769e-06
97 3.40197e-06
98 3.41602e-06
99 3.42986e-06
100 3.44348e-06
101 3.45689e-06
102 3.4701e-06
103 3.48309e-06
104 3.49589e-06
105 3.50849e-06
106 3.52089e-06
107 3.53309e-06
108 3.54511e-06
109 3.55694e-06
110 3.56859e-06
111 3.58005e-06
112 3.59133e-06
113 3.60244e-06
114 3.61338e-06
115 3.62414e-06
116 3.63474e-06
117 3.64517e-06
118 3.65544e-06
119 3.66554e-06
120 3.67549e-06
121 3.68529e-06
122 3.69493e-06
123 3.70442e-06
124 3.71376e-06
125 3.72295e-06
126 3.732e-06
127 3.74091e-06
128 3.74968e-06
129 3.75832e-06
130 3.76682e-06
131 3.77518e-06
132 3.78341e-06
133 3.79152e-06
134 3.7995e-06
135 3.80735e-06
136 3.81508e-06
137 3.82269e-06
138 3.83019e-06
139 3.83756e-06
140 3.84482e-06
141 3.85196e-06
142 3.859e-06
143 3.86592e-06
144 3.87274e-06
145 3.87945e-06
146 3.88605e-06
147 3.89255e-06
148 3.89895e-06
149 3.90525e-06
150 3.91145e-06
151 3.91756e-06
152 3.92356e-06
153 3.92948e-06
154 3.9353e-06
155 3.94103e-06
156 3.94668e-06
157 3.95223e-06
158 3.9577e-06
159 3.96308e-06
160 3.96838e-06
161 3.97359e-06
162 3.97872e-06
163 3.98378e-06
164 3.98875e-06
165 3.99365e-06
166 3.99847e-06
167 4.00321e-06
168 4.00788e-06
169 4.01248e-06
170 4.017e-06
171 4.02146e-06
172 4.02584e-06
173 4.03016e-06
174 4.03441e-06
175 4.03859e-06
176 4.04271e-06
177 4.04676e-06
178 4.05075e-06
179 4.05468e-06
180 4.05855e-06
181 4.06235e-06
182 4.0661e-06
183 4.06979e-06
184 4.07342e-06
185 4.07699e-06
186 4.08051e-06
187 4.08397e-06
188 4.08738e-06
189 4.09073e-06
190 4.09404e-06
191 4.09729e-06
192 4.10049e-06
193 4.10364e-06
194 4.10674e-06
195 4.10979e-06
196 4.1128e-06
197 4.11575e-06
198 4.11867e-06
199 4.12153e-06
200 4.12435e-06
201 4.12713e-06
202 4.12986e-06
203 4.13256e-06
204 4.1352e-06
205 4.13781e-06
206 4.14038e-06
207 4.14291e-06
208 4.14539e-06
209 4.14784e-06
210 4.15025e-06
211 4.15262e-06
212 4.15496e-06
213 4.15726e-06
214 4.15952e-06
215 4.16175e-06
216 4.16394e-06
217 4.1661e-06
218 4.16823e-06
219 4.17032e-06
220 4.17238e-06
221 4.1744e-06
222 4.1764e-06
223 4.17836e-06
224 4.18029e-06
225 4.1822e-06
226 4.18407e-06
227 4.18592e-06
228 4.18773e-06
229 4.18952e-06
230 4.19128e-06
231 4.19301e-06
232 4.19471e-06
233 4.19639e-06
234 4.19804e-06
235 4.19967e-06
236 4.20127e-06
237 4.20284e-06
238 4.20439e-06
239 4.20592e-06
240 4.20742e-06
241 4.2089e-06
242 4.21036e-06
243 4.21179e-06
244 4.2132e-06
245 4.21459e-06
246 4.21596e-06
247 4.2173e-06
248 4.21863e-06
249 4.21993e-06
250 4.22122e-06
251 4.22248e-06
252 4.22372e-06
253 4.22495e-06
254 4.22615e-06
255 4.22734e-06
256 4.22851e-06
257 4.22966e-06
258 4.23079e-06
259 4.2319e-06
260 4.233e-06
261 4.23408e-06
262 4.23514e-06
263 4.23619e-06
264 4.23722e-06
265 4.23823e-06
266 4.23923e-06
267 4.24021e-06
268 4.24118e-06
269 4.24213e-06
270 4.24306e-06
271 4.24399e-06
272 4.24489e-06
273 4.24579e-06
274 4.24667e-06
275 4.24753e-06
276 4.24838e-06
277 4.24922e-06
278 4.25005e-06
279 4.25086e-06
280 4.25166e-06
281 4.25245e-06
282 4.25323e-06
283 4.25399e-06
284 4.25474e-06
285 4.25548e-06
286 4.25621e-06
287 4.25693e-06
288 4.25763e-06
289 4.25833e-06
290 4.25901e-06
291 4.25968e-06
292 4.26034e-06
293 4.261e-06
294 4.26164e-06
295 4.26227e-06
296 4.26289e-06
297 4.2635e-06
298 4.26411e-06
299 4.2647e-06
300 4.26528e-06
301 4.26586e-06
302 4.26642e-06
303 4.26698e-06
304 4.26753e-06
305 4.26807e-06
306 4.2686e-06
307 4.26912e-06
308 4.26964e-06
309 4.27015e-06
310 4.27064e-06
311 4.27114e-06
312 4.27162e-06
313 4.2721e-06
314 4.27256e-06
315 4.27302e-06
316 4.27348e-06
317 4.27393e-06
318 4.27437e-06
319 4.2748e-06
320 4.27522e-06
321 4.27564e-06
322 4.27606e-06
323 4.27646e-06
324 4.27686e-06
325 4.27726e-06
326 4.27765e-06
327 4.27803e-06
328 4.2784e-06
329 4.27877e-06
330 4.27914e-06
331 4.2795e-06
332 4.27985e-06
333 4.2802e-06
334 4.28054e-06
335 4.28087e-06
336 4.2812e-06
337 4.28153e-06
338 4.28185e-06
339 4.28217e-06
340 4.28248e-06
341 4.28278e-06
342 4.28309e-06
343 4.28338e-06
344 4.28368e-06
345 4.28396e-06
346 4.28425e-06
347 4.28452e-06
348 4.2848e-06
349 4.28507e-06
350 4.28533e-06
351 4.2856e-06
352 4.28585e-06
353 4.28611e-06
354 4.28636e-06
355 4.2866e-06
356 4.28684e-06
357 4.28708e-06
358 4.28732e-06
359 4.28755e-06
360 4.28777e-06
361 4.288e-06
362 4.28822e-06
363 4.28843e-06
364 4.28865e-06
365 4.28886e-06
366 4.28906e-06
367 4.28927e-06
368 4.28947e-06
369 4.28966e-06
370 4.28986e-06
371 4.29005e-06
372 4.29024e-06
373 4.29042e-06
374 4.2906e-06
375 4.29078e-06
376 4.29096e-06
377 4.29113e-06
378 4.2913e-06
379 4.29147e-06
380 4.29164e-06
381 4.2918e-06
382 4.29196e-06
383 4.29212e-06
384 4.29227e-06
385 4.29243e-06
386 4.29258e-06
387 4.29273e-06
388 4.29287e-06
389 4.29302e-06
390 4.29316e-06
391 4.2933e-06
392 4.29343e-06
393 4.29357e-06
394 4.2937e-06
395 4.29383e-06
396 4.29396e-06
397 4.29409e-06
398 4.29421e-06
399 4.29433e-06
400 4.29446e-06
401 4.29457e-06
402 4.29469e-06
403 4.29481e-06
404 4.29492e-06
405 4.29503e-06
406 4.29514e-06
407 4.29525e-06
408 4.29536e-06
409 4.29546e-06
410 4.29557e-06
411 4.29567e-06
412 4.29577e-06
413 4.29587e-06
414 4.29596e-06
415 4.29606e-06
416 4.29615e-06
417 4.29624e-06
418 4.29634e-06
419 4.29643e-06
420 4.29651e-06
421 4.2966e-06
422 4.29669e-06
423 4.29677e-06
424 4.29685e-06
425 4.29693e-06
426 4.29701e-06
427 4.29709e-06
428 4.29717e-06
429 4.29725e-06
430 4.29732e-06
431 4.2974e-06
432 4.29747e-06
433 4.29754e-06
434 4.29761e-06
435 4.29768e-06
436 4.29775e-06
437 4.29782e-06
438 4.29789e-06
439 4.29795e-06
440 4.29801e-06
441 4.29808e-06
442 4.29814e-06
443 4.2982e-06
444 4.29826e-06
445 4.29832e-06
446 4.29838e-06
447 4.29844e-06
448 4.29849e-06
449 4.29855e-06
450 4.29861e-06
451 4.29866e-06
452 4.29871e-06
453 4.29877e-06
454 4.29882e-06
455 4.29887e-06
456 4.29892e-06
457 4.29897e-06
458 4.29902e-06
459 4.29906e-06
460 4.29911e-06
461 4.29916e-06
462 4.2992e-06
463 4.29925e-06
464 4.29929e-06
465 4.29933e-06
466 4.29938e-06
467 4.29942e-06
468 4.29946e-06
469 4.2995e-06
470 4.29954e-06
471 4.29958e-06
472 4.29962e-06
473 4.29966e-06
474 4.2997e-06
475 4.29973e-06
476 4.29977e-06
477 4.29981e-06
478 4.29984e-06
479 4.29988e-06
480 4.29991e-06
481 4.29994e-06
482 4.29998e-06
483 4.30001e-06
484 4.30004e-06
485 4.30007e-06
486 4.30011e-06
487 4.30014e-06
488 4.30017e-06
489 4.3002e-06
490 4.30023e-06
491 4.30025e-06
492 4.30028e-06
493 4.30031e-06
494 4.30034e-06
495 4.30036e-06
496 4.30039e-06
497 4.30042e-06
498 4.30044e-06
499 4.30047e-06
500 4.30049e-06
501 4.30052e-06
502 4.30054e-06
503 4.30057e-06
504 4.30059e-06
505 4.30061e-06
506 4.30064e-06
507 4.30066e-06
508 4.30068e-06
509 4.3007e-06
510 4.30072e-06
511 4.30074e-06
512 4.30077e-06
513 4.30079e-06
514 4.30081e-06
515 4.30083e-06
516 4.30085e-06
517 4.30086e-06
518 4.30088e-06
519 4.3009e-06
520 4.30092e-06
521 4.30094e-06
522 4.30096e-06
523 4.30097e-06
524 4.30099e-06
525 4.30101e-06
526 4.30102e-06
527 4.30104e-06
528 4.30106e-06
529 4.30107e-06
530 4.30109e-06
531 4.3011e-06
532 4.30112e-06
533 4.30113e-06
534 4.30115e-06
535 4.30116e-06
536 4.30118e-06
537 4.30119e-06
538 4.3012e-06
539 4.30122e-06
540 4.30123e-06
541 4.30124e-06
542 4.30126e-06
543 4.30127e-06
544 4.30128e-06
545 4.30129e-06
546 4.30131e-06
547 4.30132e-06
548 4.30133e-06
549 4.30134e-06
550 4.30135e-06
551 4.30136e-06
552 4.30138e-06
553 4.30139e-06
554 4.3014e-06
555 4.30141e-06
556 4.30142e-06
557 4.30143e-06
558 4.30144e-06
559 4.30145e-06
560 4.30146e-06
