1 1 0.000788541 -2.7167e-08
2 1 0.000788541 -2.7167e-08
3 1 0.000788541 -2.7167e-08
4 1 0.000788541 -2.7167e-08
5 1 0.000788541 -2.7167e-08
6 1 0.000788541 -2.7167e-08
7 1 0.000788541 -2.7167e-08
8 1 0.000788541 -2.7167e-08
9 1 0.000788541 -2.7167e-08
10 1 0.000788541 -2.7167e-08
11 1 0.000788541 -2.7167e-08
12 1 0.000788541 -2.7167e-08
13 1 0.000788541 -2.7167e-08
14 1 0.000788541 -2.7167e-08
15 1 0.000788541 -2.7167e-08
16 1 0.000788541 -2.7167e-08
17 1 0.000788541 -2.7167e-08
18 1 0.000788541 -2.7167e-08
19 1 0.000788541 -2.7167e-08
20 1 0.000788541 -2.7167e-08

1 2 0.0021142 -7.3965e-08
2 2 0.0021142 -7.3965e-08
3 2 0.0021142 -7.3965e-08
4 2 0.0021142 -7.3965e-08
5 2 0.0021142 -7.3965e-08
6 2 0.0021142 -7.3965e-08
7 2 0.0021142 -7.3965e-08
8 2 0.0021142 -7.3965e-08
9 2 0.0021142 -7.3965e-08
10 2 0.0021142 -7.3965e-08
11 2 0.0021142 -7.3965e-08
12 2 0.0021142 -7.3965e-08
13 2 0.0021142 -7.3965e-08
14 2 0.0021142 -7.3965e-08
15 2 0.0021142 -7.3965e-08
16 2 0.0021142 -7.3965e-08
17 2 0.0021142 -7.3965e-08
18 2 0.0021142 -7.3965e-08
19 2 0.0021142 -7.3965e-08
20 2 0.0021142 -7.3965e-08

1 3 0.00324717 -1.07254e-07
2 3 0.00324717 -1.07254e-07
3 3 0.00324717 -1.07254e-07
4 3 0.00324717 -1.07254e-07
5 3 0.00324717 -1.07254e-07
6 3 0.00324717 -1.07254e-07
7 3 0.00324717 -1.07254e-07
8 3 0.00324717 -1.07254e-07
9 3 0.00324717 -1.07254e-07
10 3 0.00324717 -1.07254e-07
11 3 0.00324717 -1.07254e-07
12 3 0.00324717 -1.07254e-07
13 3 0.00324717 -1.07254e-07
14 3 0.00324717 -1.07254e-07
15 3 0.00324717 -1.07254e-07
16 3 0.00324717 -1.07254e-07
17 3 0.00324717 -1.07254e-07
18 3 0.00324717 -1.07254e-07
19 3 0.00324717 -1.07254e-07
20 3 0.00324717 -1.07254e-07

1 4 0.00420755 -1.29898e-07
2 4 0.00420755 -1.29898e-07
3 4 0.00420755 -1.29898e-07
4 4 0.00420755 -1.29898e-07
5 4 0.00420755 -1.29898e-07
6 4 0.00420755 -1.29898e-07
7 4 0.00420755 -1.29898e-07
8 4 0.00420755 -1.29898e-07
9 4 0.00420755 -1.29898e-07
10 4 0.00420755 -1.29898e-07
11 4 0.00420755 -1.29898e-07
12 4 0.00420755 -1.29898e-07
13 4 0.00420755 -1.29898e-07
14 4 0.00420755 -1.29898e-07
15 4 0.00420755 -1.29898e-07
16 4 0.00420755 -1.29898e-07
17 4 0.00420755 -1.29898e-07
18 4 0.00420755 -1.29898e-07
19 4 0.00420755 -1.29898e-07
20 4 0.00420755 -1.29898e-07

1 5 0.00501478 -1.44255e-07
2 5 0.00501478 -1.44255e-07
3 5 0.00501478 -1.44255e-07
4 5 0.00501478 -1.44255e-07
5 5 0.00501478 -1.44255e-07
6 5 0.00501478 -1.44255e-07
7 5 0.00501478 -1.44255e-07
8 5 0.00501478 -1.44255e-07
9 5 0.00501478 -1.44255e-07
10 5 0.00501478 -1.44255e-07
11 5 0.00501478 -1.44255e-07
12 5 0.00501478 -1.44255e-07
13 5 0.00501478 -1.44255e-07
14 5 0.00501478 -1.44255e-07
15 5 0.00501478 -1.44255e-07
16 5 0.00501478 -1.44255e-07
17 5 0.00501478 -1.44255e-07
18 5 0.00501478 -1.44255e-07
19 5 0.00501478 -1.44255e-07
20 5 0.00501478 -1.44255e-07

1 6 0.00568741 -1.52243e-07
2 6 0.00568741 -1.52243e-07
3 6 0.00568741 -1.52243e-07
4 6 0.00568741 -1.52243e-07
5 6 0.00568741 -1.52243e-07
6 6 0.00568741 -1.52243e-07
7 6 0.00568741 -1.52243e-07
8 6 0.00568741 -1.52243e-07
9 6 0.00568741 -1.52243e-07
10 6 0.00568741 -1.52243e-07
11 6 0.00568741 -1.52243e-07
12 6 0.00568741 -1.52243e-07
13 6 0.00568741 -1.52243e-07
14 6 0.00568741 -1.52243e-07
15 6 0.00568741 -1.52243e-07
16 6 0.00568741 -1.52243e-07
17 6 0.00568741 -1.52243e-07
18 6 0.00568741 -1.52243e-07
19 6 0.00568741 -1.52243e-07
20 6 0.00568741 -1.52243e-07

1 7 0.00624289 -1.55394e-07
2 7 0.00624289 -1.55394e-07
3 7 0.00624289 -1.55394e-07
4 7 0.00624289 -1.55394e-07
5 7 0.00624289 -1.55394e-07
6 7 0.00624289 -1.55394e-07
7 7 0.00624289 -1.55394e-07
8 7 0.00624289 -1.55394e-07
9 7 0.00624289 -1.55394e-07
10 7 0.00624289 -1.55394e-07
11 7 0.00624289 -1.55394e-07
12 7 0.00624289 -1.55394e-07
13 7 0.00624289 -1.55394e-07
14 7 0.00624289 -1.55394e-07
15 7 0.00624289 -1.55394e-07
16 7 0.00624289 -1.55394e-07
17 7 0.00624289 -1.55394e-07
18 7 0.00624289 -1.55394e-07
19 7 0.00624289 -1.55394e-07
20 7 0.00624289 -1.55394e-07

1 8 0.00669745 -1.5491e-07
2 8 0.00669745 -1.5491e-07
3 8 0.00669745 -1.5491e-07
4 8 0.00669745 -1.5491e-07
5 8 0.00669745 -1.5491e-07
6 8 0.00669745 -1.5491e-07
7 8 0.00669745 -1.5491e-07
8 8 0.00669745 -1.5491e-07
9 8 0.00669745 -1.5491e-07
10 8 0.00669745 -1.5491e-07
11 8 0.00669745 -1.5491e-07
12 8 0.00669745 -1.5491e-07
13 8 0.00669745 -1.5491e-07
14 8 0.00669745 -1.5491e-07
15 8 0.00669745 -1.5491e-07
16 8 0.00669745 -1.5491e-07
17 8 0.00669745 -1.5491e-07
18 8 0.00669745 -1.5491e-07
19 8 0.00669745 -1.5491e-07
20 8 0.00669745 -1.5491e-07

1 9 0.00706595 -1.51728e-07
2 9 0.00706595 -1.51728e-07
3 9 0.00706595 -1.51728e-07
4 9 0.00706595 -1.51728e-07
5 9 0.00706595 -1.51728e-07
6 9 0.00706595 -1.51728e-07
7 9 0.00706595 -1.51728e-07
8 9 0.00706595 -1.51728e-07
9 9 0.00706595 -1.51728e-07
10 9 0.00706595 -1.51728e-07
11 9 0.00706595 -1.51728e-07
12 9 0.00706595 -1.51728e-07
13 9 0.00706595 -1.51728e-07
14 9 0.00706595 -1.51728e-07
15 9 0.00706595 -1.51728e-07
16 9 0.00706595 -1.51728e-07
17 9 0.00706595 -1.51728e-07
18 9 0.00706595 -1.51728e-07
19 9 0.00706595 -1.51728e-07
20 9 0.00706595 -1.51728e-07

1 10 0.00736184 -1.4656e-07
2 10 0.00736184 -1.4656e-07
3 10 0.00736184 -1.4656e-07
4 10 0.00736184 -1.4656e-07
5 10 0.00736184 -1.4656e-07
6 10 0.00736184 -1.4656e-07
7 10 0.00736184 -1.4656e-07
8 10 0.00736184 -1.4656e-07
9 10 0.00736184 -1.4656e-07
10 10 0.00736184 -1.4656e-07
11 10 0.00736184 -1.4656e-07
12 10 0.00736184 -1.4656e-07
13 10 0.00736184 -1.4656e-07
14 10 0.00736184 -1.4656e-07
15 10 0.00736184 -1.4656e-07
16 10 0.00736184 -1.4656e-07
17 10 0.00736184 -1.4656e-07
18 10 0.00736184 -1.4656e-07
19 10 0.00736184 -1.4656e-07
20 10 0.00736184 -1.4656e-07

1 11 0.00759712 -1.39944e-07
2 11 0.00759712 -1.39944e-07
3 11 0.00759712 -1.39944e-07
4 11 0.00759712 -1.39944e-07
5 11 0.00759712 -1.39944e-07
6 11 0.00759712 -1.39944e-07
7 11 0.00759712 -1.39944e-07
8 11 0.00759712 -1.39944e-07
9 11 0.00759712 -1.39944e-07
10 11 0.00759712 -1.39944e-07
11 11 0.00759712 -1.39944e-07
12 11 0.00759712 -1.39944e-07
13 11 0.00759712 -1.39944e-07
14 11 0.00759712 -1.39944e-07
15 11 0.00759712 -1.39944e-07
16 11 0.00759712 -1.39944e-07
17 11 0.00759712 -1.39944e-07
18 11 0.00759712 -1.39944e-07
19 11 0.00759712 -1.39944e-07
20 11 0.00759712 -1.39944e-07

1 12 0.00778234 -1.32282e-07
2 12 0.00778234 -1.32282e-07
3 12 0.00778234 -1.32282e-07
4 12 0.00778234 -1.32282e-07
5 12 0.00778234 -1.32282e-07
6 12 0.00778234 -1.32282e-07
7 12 0.00778234 -1.32282e-07
8 12 0.00778234 -1.32282e-07
9 12 0.00778234 -1.32282e-07
10 12 0.00778234 -1.32282e-07
11 12 0.00778234 -1.32282e-07
12 12 0.00778234 -1.32282e-07
13 12 0.00778234 -1.32282e-07
14 12 0.00778234 -1.32282e-07
15 12 0.00778234 -1.32282e-07
16 12 0.00778234 -1.32282e-07
17 12 0.00778234 -1.32282e-07
18 12 0.00778234 -1.32282e-07
19 12 0.00778234 -1.32282e-07
20 12 0.00778234 -1.32282e-07

1 13 0.0079267 -1.23866e-07
2 13 0.0079267 -1.23866e-07
3 13 0.0079267 -1.23866e-07
4 13 0.0079267 -1.23866e-07
5 13 0.0079267 -1.23866e-07
6 13 0.0079267 -1.23866e-07
7 13 0.0079267 -1.23866e-07
8 13 0.0079267 -1.23866e-07
9 13 0.0079267 -1.23866e-07
10 13 0.0079267 -1.23866e-07
11 13 0.0079267 -1.23866e-07
12 13 0.0079267 -1.23866e-07
13 13 0.0079267 -1.23866e-07
14 13 0.0079267 -1.23866e-07
15 13 0.0079267 -1.23866e-07
16 13 0.0079267 -1.23866e-07
17 13 0.0079267 -1.23866e-07
18 13 0.0079267 -1.23866e-07
19 13 0.0079267 -1.23866e-07
20 13 0.0079267 -1.23866e-07

1 14 0.00803804 -1.14914e-07
2 14 0.00803804 -1.14914e-07
3 14 0.00803804 -1.14914e-07
4 14 0.00803804 -1.14914e-07
5 14 0.00803804 -1.14914e-07
6 14 0.00803804 -1.14914e-07
7 14 0.00803804 -1.14914e-07
8 14 0.00803804 -1.14914e-07
9 14 0.00803804 -1.14914e-07
10 14 0.00803804 -1.14914e-07
11 14 0.00803804 -1.14914e-07
12 14 0.00803804 -1.14914e-07
13 14 0.00803804 -1.14914e-07
14 14 0.00803804 -1.14914e-07
15 14 0.00803804 -1.14914e-07
16 14 0.00803804 -1.14914e-07
17 14 0.00803804 -1.14914e-07
18 14 0.00803804 -1.14914e-07
19 14 0.00803804 -1.14914e-07
20 14 0.00803804 -1.14914e-07

1 15 0.00812303 -1.05578e-07
2 15 0.00812303 -1.05578e-07
3 15 0.00812303 -1.05578e-07
4 15 0.00812303 -1.05578e-07
5 15 0.00812303 -1.05578e-07
6 15 0.00812303 -1.05578e-07
7 15 0.00812303 -1.05578e-07
8 15 0.00812303 -1.05578e-07
9 15 0.00812303 -1.05578e-07
10 15 0.00812303 -1.05578e-07
11 15 0.00812303 -1.05578e-07
12 15 0.00812303 -1.05578e-07
13 15 0.00812303 -1.05578e-07
14 15 0.00812303 -1.05578e-07
15 15 0.00812303 -1.05578e-07
16 15 0.00812303 -1.05578e-07
17 15 0.00812303 -1.05578e-07
18 15 0.00812303 -1.05578e-07
19 15 0.00812303 -1.05578e-07
20 15 0.00812303 -1.05578e-07

1 16 0.00818721 -9.59713e-08
2 16 0.00818721 -9.59713e-08
3 16 0.00818721 -9.59713e-08
4 16 0.00818721 -9.59713e-08
5 16 0.00818721 -9.59713e-08
6 16 0.00818721 -9.59713e-08
7 16 0.00818721 -9.59713e-08
8 16 0.00818721 -9.59713e-08
9 16 0.00818721 -9.59713e-08
10 16 0.00818721 -9.59713e-08
11 16 0.00818721 -9.59713e-08
12 16 0.00818721 -9.59713e-08
13 16 0.00818721 -9.59713e-08
14 16 0.00818721 -9.59713e-08
15 16 0.00818721 -9.59713e-08
16 16 0.00818721 -9.59713e-08
17 16 0.00818721 -9.59713e-08
18 16 0.00818721 -9.59713e-08
19 16 0.00818721 -9.59713e-08
20 16 0.00818721 -9.59713e-08

1 17 0.00823515 -8.61719e-08
2 17 0.00823515 -8.61719e-08
3 17 0.00823515 -8.61719e-08
4 17 0.00823515 -8.61719e-08
5 17 0.00823515 -8.61719e-08
6 17 0.00823515 -8.61719e-08
7 17 0.00823515 -8.61719e-08
8 17 0.00823515 -8.61719e-08
9 17 0.00823515 -8.61719e-08
10 17 0.00823515 -8.61719e-08
11 17 0.00823515 -8.61719e-08
12 17 0.00823515 -8.61719e-08
13 17 0.00823515 -8.61719e-08
14 17 0.00823515 -8.61719e-08
15 17 0.00823515 -8.61719e-08
16 17 0.00823515 -8.61719e-08
17 17 0.00823515 -8.61719e-08
18 17 0.00823515 -8.61719e-08
19 17 0.00823515 -8.61719e-08
20 17 0.00823515 -8.61719e-08

1 18 0.00827055 -7.62362e-08
2 18 0.00827055 -7.62362e-08
3 18 0.00827055 -7.62362e-08
4 18 0.00827055 -7.62362e-08
5 18 0.00827055 -7.62362e-08
6 18 0.00827055 -7.62362e-08
7 18 0.00827055 -7.62362e-08
8 18 0.00827055 -7.62362e-08
9 18 0.00827055 -7.62362e-08
10 18 0.00827055 -7.62362e-08
11 18 0.00827055 -7.62362e-08
12 18 0.00827055 -7.62362e-08
13 18 0.00827055 -7.62362e-08
14 18 0.00827055 -7.62362e-08
15 18 0.00827055 -7.62362e-08
16 18 0.00827055 -7.62362e-08
17 18 0.00827055 -7.62362e-08
18 18 0.00827055 -7.62362e-08
19 18 0.00827055 -7.62362e-08
20 18 0.00827055 -7.62362e-08

1 19 0.00829638 -6.62039e-08
2 19 0.00829638 -6.62039e-08
3 19 0.00829638 -6.62039e-08
4 19 0.00829638 -6.62039e-08
5 19 0.00829638 -6.62039e-08
6 19 0.00829638 -6.62039e-08
7 19 0.00829638 -6.62039e-08
8 19 0.00829638 -6.62039e-08
9 19 0.00829638 -6.62039e-08
10 19 0.00829638 -6.62039e-08
11 19 0.00829638 -6.62039e-08
12 19 0.00829638 -6.62039e-08
13 19 0.00829638 -6.62039e-08
14 19 0.00829638 -6.62039e-08
15 19 0.00829638 -6.62039e-08
16 19 0.00829638 -6.62039e-08
17 19 0.00829638 -6.62039e-08
18 19 0.00829638 -6.62039e-08
19 19 0.00829638 -6.62039e-08
20 19 0.00829638 -6.62039e-08

1 20 0.00831496 -5.61033e-08
2 20 0.00831496 -5.61033e-08
3 20 0.00831496 -5.61033e-08
4 20 0.00831496 -5.61033e-08
5 20 0.00831496 -5.61033e-08
6 20 0.00831496 -5.61033e-08
7 20 0.00831496 -5.61033e-08
8 20 0.00831496 -5.61033e-08
9 20 0.00831496 -5.61033e-08
10 20 0.00831496 -5.61033e-08
11 20 0.00831496 -5.61033e-08
12 20 0.00831496 -5.61033e-08
13 20 0.00831496 -5.61033e-08
14 20 0.00831496 -5.61033e-08
15 20 0.00831496 -5.61033e-08
16 20 0.00831496 -5.61033e-08
17 20 0.00831496 -5.61033e-08
18 20 0.00831496 -5.61033e-08
19 20 0.00831496 -5.61033e-08
20 20 0.00831496 -5.61033e-08

1 21 0.00832812 -4.59544e-08
2 21 0.00832812 -4.59544e-08
3 21 0.00832812 -4.59544e-08
4 21 0.00832812 -4.59544e-08
5 21 0.00832812 -4.59544e-08
6 21 0.00832812 -4.59544e-08
7 21 0.00832812 -4.59544e-08
8 21 0.00832812 -4.59544e-08
9 21 0.00832812 -4.59544e-08
10 21 0.00832812 -4.59544e-08
11 21 0.00832812 -4.59544e-08
12 21 0.00832812 -4.59544e-08
13 21 0.00832812 -4.59544e-08
14 21 0.00832812 -4.59544e-08
15 21 0.00832812 -4.59544e-08
16 21 0.00832812 -4.59544e-08
17 21 0.00832812 -4.59544e-08
18 21 0.00832812 -4.59544e-08
19 21 0.00832812 -4.59544e-08
20 21 0.00832812 -4.59544e-08

1 22 0.0083372 -3.57717e-08
2 22 0.0083372 -3.57717e-08
3 22 0.0083372 -3.57717e-08
4 22 0.0083372 -3.57717e-08
5 22 0.0083372 -3.57717e-08
6 22 0.0083372 -3.57717e-08
7 22 0.0083372 -3.57717e-08
8 22 0.0083372 -3.57717e-08
9 22 0.0083372 -3.57717e-08
10 22 0.0083372 -3.57717e-08
11 22 0.0083372 -3.57717e-08
12 22 0.0083372 -3.57717e-08
13 22 0.0083372 -3.57717e-08
14 22 0.0083372 -3.57717e-08
15 22 0.0083372 -3.57717e-08
16 22 0.0083372 -3.57717e-08
17 22 0.0083372 -3.57717e-08
18 22 0.0083372 -3.57717e-08
19 22 0.0083372 -3.57717e-08
20 22 0.0083372 -3.57717e-08

1 23 0.00834322 -2.55659e-08
2 23 0.00834322 -2.55659e-08
3 23 0.00834322 -2.55659e-08
4 23 0.00834322 -2.55659e-08
5 23 0.00834322 -2.55659e-08
6 23 0.00834322 -2.55659e-08
7 23 0.00834322 -2.55659e-08
8 23 0.00834322 -2.55659e-08
9 23 0.00834322 -2.55659e-08
10 23 0.00834322 -2.55659e-08
11 23 0.00834322 -2.55659e-08
12 23 0.00834322 -2.55659e-08
13 23 0.00834322 -2.55659e-08
14 23 0.00834322 -2.55659e-08
15 23 0.00834322 -2.55659e-08
16 23 0.00834322 -2.55659e-08
17 23 0.00834322 -2.55659e-08
18 23 0.00834322 -2.55659e-08
19 23 0.00834322 -2.55659e-08
20 23 0.00834322 -2.55659e-08

1 24 0.00834686 -1.53451e-08
2 24 0.00834686 -1.53451e-08
3 24 0.00834686 -1.53451e-08
4 24 0.00834686 -1.53451e-08
5 24 0.00834686 -1.53451e-08
6 24 0.00834686 -1.53451e-08
7 24 0.00834686 -1.53451e-08
8 24 0.00834686 -1.53451e-08
9 24 0.00834686 -1.53451e-08
10 24 0.00834686 -1.53451e-08
11 24 0.00834686 -1.53451e-08
12 24 0.00834686 -1.53451e-08
13 24 0.00834686 -1.53451e-08
14 24 0.00834686 -1.53451e-08
15 24 0.00834686 -1.53451e-08
16 24 0.00834686 -1.53451e-08
17 24 0.00834686 -1.53451e-08
18 24 0.00834686 -1.53451e-08
19 24 0.00834686 -1.53451e-08
20 24 0.00834686 -1.53451e-08

1 25 0.00834858 -5.11595e-09
2 25 0.00834858 -5.11595e-09
3 25 0.00834858 -5.11595e-09
4 25 0.00834858 -5.11595e-09
5 25 0.00834858 -5.11595e-09
6 25 0.00834858 -5.11595e-09
7 25 0.00834858 -5.11595e-09
8 25 0.00834858 -5.11595e-09
9 25 0.00834858 -5.11595e-09
10 25 0.00834858 -5.11595e-09
11 25 0.00834858 -5.11595e-09
12 25 0.00834858 -5.11595e-09
13 25 0.00834858 -5.11595e-09
14 25 0.00834858 -5.11595e-09
15 25 0.00834858 -5.11595e-09
16 25 0.00834858 -5.11595e-09
17 25 0.00834858 -5.11595e-09
18 25 0.00834858 -5.11595e-09
19 25 0.00834858 -5.11595e-09
20 25 0.00834858 -5.11595e-09

1 26 0.00834858 5.11595e-09
2 26 0.00834858 5.11595e-09
3 26 0.00834858 5.11595e-09
4 26 0.00834858 5.11595e-09
5 26 0.00834858 5.11595e-09
6 26 0.00834858 5.11595e-09
7 26 0.00834858 5.11595e-09
8 26 0.00834858 5.11595e-09
9 26 0.00834858 5.11595e-09
10 26 0.00834858 5.11595e-09
11 26 0.00834858 5.11595e-09
12 26 0.00834858 5.11595e-09
13 26 0.00834858 5.11595e-09
14 26 0.00834858 5.11595e-09
15 26 0.00834858 5.11595e-09
16 26 0.00834858 5.11595e-09
17 26 0.00834858 5.11595e-09
18 26 0.00834858 5.11595e-09
19 26 0.00834858 5.11595e-09
20 26 0.00834858 5.11595e-09

1 27 0.00834686 1.53451e-08
2 27 0.00834686 1.53451e-08
3 27 0.00834686 1.53451e-08
4 27 0.00834686 1.53451e-08
5 27 0.00834686 1.53451e-08
6 27 0.00834686 1.53451e-08
7 27 0.00834686 1.53451e-08
8 27 0.00834686 1.53451e-08
9 27 0.00834686 1.53451e-08
10 27 0.00834686 1.53451e-08
11 27 0.00834686 1.53451e-08
12 27 0.00834686 1.53451e-08
13 27 0.00834686 1.53451e-08
14 27 0.00834686 1.53451e-08
15 27 0.00834686 1.53451e-08
16 27 0.00834686 1.53451e-08
17 27 0.00834686 1.53451e-08
18 27 0.00834686 1.53451e-08
19 27 0.00834686 1.53451e-08
20 27 0.00834686 1.53451e-08

1 28 0.00834322 2.55659e-08
2 28 0.00834322 2.55659e-08
3 28 0.00834322 2.55659e-08
4 28 0.00834322 2.55659e-08
5 28 0.00834322 2.55659e-08
6 28 0.00834322 2.55659e-08
7 28 0.00834322 2.55659e-08
8 28 0.00834322 2.55659e-08
9 28 0.00834322 2.55659e-08
10 28 0.00834322 2.55659e-08
11 28 0.00834322 2.55659e-08
12 28 0.00834322 2.55659e-08
13 28 0.00834322 2.55659e-08
14 28 0.00834322 2.55659e-08
15 28 0.00834322 2.55659e-08
16 28 0.00834322 2.55659e-08
17 28 0.00834322 2.55659e-08
18 28 0.00834322 2.55659e-08
19 28 0.00834322 2.55659e-08
20 28 0.00834322 2.55659e-08

1 29 0.0083372 3.57717e-08
2 29 0.0083372 3.57717e-08
3 29 0.0083372 3.57717e-08
4 29 0.0083372 3.57717e-08
5 29 0.0083372 3.57717e-08
6 29 0.0083372 3.57717e-08
7 29 0.0083372 3.57717e-08
8 29 0.0083372 3.57717e-08
9 29 0.0083372 3.57717e-08
10 29 0.0083372 3.57717e-08
11 29 0.0083372 3.57717e-08
12 29 0.0083372 3.57717e-08
13 29 0.0083372 3.57717e-08
14 29 0.0083372 3.57717e-08
15 29 0.0083372 3.57717e-08
16 29 0.0083372 3.57717e-08
17 29 0.0083372 3.57717e-08
18 29 0.0083372 3.57717e-08
19 29 0.0083372 3.57717e-08
20 29 0.0083372 3.57717e-08

1 30 0.00832812 4.59544e-08
2 30 0.00832812 4.59544e-08
3 30 0.00832812 4.59544e-08
4 30 0.00832812 4.59544e-08
5 30 0.00832812 4.59544e-08
6 30 0.00832812 4.59544e-08
7 30 0.00832812 4.59544e-08
8 30 0.00832812 4.59544e-08
9 30 0.00832812 4.59544e-08
10 30 0.00832812 4.59544e-08
11 30 0.00832812 4.59544e-08
12 30 0.00832812 4.59544e-08
13 30 0.00832812 4.59544e-08
14 30 0.00832812 4.59544e-08
15 30 0.00832812 4.59544e-08
16 30 0.00832812 4.59544e-08
17 30 0.00832812 4.59544e-08
18 30 0.00832812 4.59544e-08
19 30 0.00832812 4.59544e-08
20 30 0.00832812 4.59544e-08

1 31 0.00831496 5.61033e-08
2 31 0.00831496 5.61033e-08
3 31 0.00831496 5.61033e-08
4 31 0.00831496 5.61033e-08
5 31 0.00831496 5.61033e-08
6 31 0.00831496 5.61033e-08
7 31 0.00831496 5.61033e-08
8 31 0.00831496 5.61033e-08
9 31 0.00831496 5.61033e-08
10 31 0.00831496 5.61033e-08
11 31 0.00831496 5.61033e-08
12 31 0.00831496 5.61033e-08
13 31 0.00831496 5.61033e-08
14 31 0.00831496 5.61033e-08
15 31 0.00831496 5.61033e-08
16 31 0.00831496 5.61033e-08
17 31 0.00831496 5.61033e-08
18 31 0.00831496 5.61033e-08
19 31 0.00831496 5.61033e-08
20 31 0.00831496 5.61033e-08

1 32 0.00829638 6.62039e-08
2 32 0.00829638 6.62039e-08
3 32 0.00829638 6.62039e-08
4 32 0.00829638 6.62039e-08
5 32 0.00829638 6.62039e-08
6 32 0.00829638 6.62039e-08
7 32 0.00829638 6.62039e-08
8 32 0.00829638 6.62039e-08
9 32 0.00829638 6.62039e-08
10 32 0.00829638 6.62039e-08
11 32 0.00829638 6.62039e-08
12 32 0.00829638 6.62039e-08
13 32 0.00829638 6.62039e-08
14 32 0.00829638 6.62039e-08
15 32 0.00829638 6.62039e-08
16 32 0.00829638 6.62039e-08
17 32 0.00829638 6.62039e-08
18 32 0.00829638 6.62039e-08
19 32 0.00829638 6.62039e-08
20 32 0.00829638 6.62039e-08

1 33 0.00827055 7.62362e-08
2 33 0.00827055 7.62362e-08
3 33 0.00827055 7.62362e-08
4 33 0.00827055 7.62362e-08
5 33 0.00827055 7.62362e-08
6 33 0.00827055 7.62362e-08
7 33 0.00827055 7.62362e-08
8 33 0.00827055 7.62362e-08
9 33 0.00827055 7.62362e-08
10 33 0.00827055 7.62362e-08
11 33 0.00827055 7.62362e-08
12 33 0.00827055 7.62362e-08
13 33 0.00827055 7.62362e-08
14 33 0.00827055 7.62362e-08
15 33 0.00827055 7.62362e-08
16 33 0.00827055 7.62362e-08
17 33 0.00827055 7.62362e-08
18 33 0.00827055 7.62362e-08
19 33 0.00827055 7.62362e-08
20 33 0.00827055 7.62362e-08

1 34 0.00823515 8.61719e-08
2 34 0.00823515 8.61719e-08
3 34 0.00823515 8.61719e-08
4 34 0.00823515 8.61719e-08
5 34 0.00823515 8.61719e-08
6 34 0.00823515 8.61719e-08
7 34 0.00823515 8.61719e-08
8 34 0.00823515 8.61719e-08
9 34 0.00823515 8.61719e-08
10 34 0.00823515 8.61719e-08
11 34 0.00823515 8.61719e-08
12 34 0.00823515 8.61719e-08
13 34 0.00823515 8.61719e-08
14 34 0.00823515 8.61719e-08
15 34 0.00823515 8.61719e-08
16 34 0.00823515 8.61719e-08
17 34 0.00823515 8.61719e-08
18 34 0.00823515 8.61719e-08
19 34 0.00823515 8.61719e-08
20 34 0.00823515 8.61719e-08

1 35 0.00818721 9.59713e-08
2 35 0.00818721 9.59713e-08
3 35 0.00818721 9.59713e-08
4 35 0.00818721 9.59713e-08
5 35 0.00818721 9.59713e-08
6 35 0.00818721 9.59713e-08
7 35 0.00818721 9.59713e-08
8 35 0.00818721 9.59713e-08
9 35 0.00818721 9.59713e-08
10 35 0.00818721 9.59713e-08
11 35 0.00818721 9.59713e-08
12 35 0.00818721 9.59713e-08
13 35 0.00818721 9.59713e-08
14 35 0.00818721 9.59713e-08
15 35 0.00818721 9.59713e-08
16 35 0.00818721 9.59713e-08
17 35 0.00818721 9.59713e-08
18 35 0.00818721 9.59713e-08
19 35 0.00818721 9.59713e-08
20 35 0.00818721 9.59713e-08

1 36 0.00812303 1.05578e-07
2 36 0.00812303 1.05578e-07
3 36 0.00812303 1.05578e-07
4 36 0.00812303 1.05578e-07
5 36 0.00812303 1.05578e-07
6 36 0.00812303 1.05578e-07
7 36 0.00812303 1.05578e-07
8 36 0.00812303 1.05578e-07
9 36 0.00812303 1.05578e-07
10 36 0.00812303 1.05578e-07
11 36 0.00812303 1.05578e-07
12 36 0.00812303 1.05578e-07
13 36 0.00812303 1.05578e-07
14 36 0.00812303 1.05578e-07
15 36 0.00812303 1.05578e-07
16 36 0.00812303 1.05578e-07
17 36 0.00812303 1.05578e-07
18 36 0.00812303 1.05578e-07
19 36 0.00812303 1.05578e-07
20 36 0.00812303 1.05578e-07

1 37 0.00803804 1.14914e-07
2 37 0.00803804 1.14914e-07
3 37 0.00803804 1.14914e-07
4 37 0.00803804 1.14914e-07
5 37 0.00803804 1.14914e-07
6 37 0.00803804 1.14914e-07
7 37 0.00803804 1.14914e-07
8 37 0.00803804 1.14914e-07
9 37 0.00803804 1.14914e-07
10 37 0.00803804 1.14914e-07
11 37 0.00803804 1.14914e-07
12 37 0.00803804 1.14914e-07
13 37 0.00803804 1.14914e-07
14 37 0.00803804 1.14914e-07
15 37 0.00803804 1.14914e-07
16 37 0.00803804 1.14914e-07
17 37 0.00803804 1.14914e-07
18 37 0.00803804 1.14914e-07
19 37 0.00803804 1.14914e-07
20 37 0.00803804 1.14914e-07

1 38 0.0079267 1.23866e-07
2 38 0.0079267 1.23866e-07
3 38 0.0079267 1.23866e-07
4 38 0.0079267 1.23866e-07
5 38 0.0079267 1.23866e-07
6 38 0.0079267 1.23866e-07
7 38 0.0079267 1.23866e-07
8 38 0.0079267 1.23866e-07
9 38 0.0079267 1.23866e-07
10 38 0.0079267 1.23866e-07
11 38 0.0079267 1.23866e-07
12 38 0.0079267 1.23866e-07
13 38 0.0079267 1.23866e-07
14 38 0.0079267 1.23866e-07
15 38 0.0079267 1.23866e-07
16 38 0.0079267 1.23866e-07
17 38 0.0079267 1.23866e-07
18 38 0.0079267 1.23866e-07
19 38 0.0079267 1.23866e-07
20 38 0.0079267 1.23866e-07

1 39 0.00778234 1.32282e-07
2 39 0.00778234 1.32282e-07
3 39 0.00778234 1.32282e-07
4 39 0.00778234 1.32282e-07
5 39 0.00778234 1.32282e-07
6 39 0.00778234 1.32282e-07
7 39 0.00778234 1.32282e-07
8 39 0.00778234 1.32282e-07
9 39 0.00778234 1.32282e-07
10 39 0.00778234 1.32282e-07
11 39 0.00778234 1.32282e-07
12 39 0.00778234 1.32282e-07
13 39 0.00778234 1.32282e-07
14 39 0.00778234 1.32282e-07
15 39 0.00778234 1.32282e-07
16 39 0.00778234 1.32282e-07
17 39 0.00778234 1.32282e-07
18 39 0.00778234 1.32282e-07
19 39 0.00778234 1.32282e-07
20 39 0.00778234 1.32282e-07

1 40 0.00759712 1.39944e-07
2 40 0.00759712 1.39944e-07
3 40 0.00759712 1.39944e-07
4 40 0.00759712 1.39944e-07
5 40 0.00759712 1.39944e-07
6 40 0.00759712 1.39944e-07
7 40 0.00759712 1.39944e-07
8 40 0.00759712 1.39944e-07
9 40 0.00759712 1.39944e-07
10 40 0.00759712 1.39944e-07
11 40 0.00759712 1.39944e-07
12 40 0.00759712 1.39944e-07
13 40 0.00759712 1.39944e-07
14 40 0.00759712 1.39944e-07
15 40 0.00759712 1.39944e-07
16 40 0.00759712 1.39944e-07
17 40 0.00759712 1.39944e-07
18 40 0.00759712 1.39944e-07
19 40 0.00759712 1.39944e-07
20 40 0.00759712 1.39944e-07

1 41 0.00736184 1.4656e-07
2 41 0.00736184 1.4656e-07
3 41 0.00736184 1.4656e-07
4 41 0.00736184 1.4656e-07
5 41 0.00736184 1.4656e-07
6 41 0.00736184 1.4656e-07
7 41 0.00736184 1.4656e-07
8 41 0.00736184 1.4656e-07
9 41 0.00736184 1.4656e-07
10 41 0.00736184 1.4656e-07
11 41 0.00736184 1.4656e-07
12 41 0.00736184 1.4656e-07
13 41 0.00736184 1.4656e-07
14 41 0.00736184 1.4656e-07
15 41 0.00736184 1.4656e-07
16 41 0.00736184 1.4656e-07
17 41 0.00736184 1.4656e-07
18 41 0.00736184 1.4656e-07
19 41 0.00736184 1.4656e-07
20 41 0.00736184 1.4656e-07

1 42 0.00706595 1.51728e-07
2 42 0.00706595 1.51728e-07
3 42 0.00706595 1.51728e-07
4 42 0.00706595 1.51728e-07
5 42 0.00706595 1.51728e-07
6 42 0.00706595 1.51728e-07
7 42 0.00706595 1.51728e-07
8 42 0.00706595 1.51728e-07
9 42 0.00706595 1.51728e-07
10 42 0.00706595 1.51728e-07
11 42 0.00706595 1.51728e-07
12 42 0.00706595 1.51728e-07
13 42 0.00706595 1.51728e-07
14 42 0.00706595 1.51728e-07
15 42 0.00706595 1.51728e-07
16 42 0.00706595 1.51728e-07
17 42 0.00706595 1.51728e-07
18 42 0.00706595 1.51728e-07
19 42 0.00706595 1.51728e-07
20 42 0.00706595 1.51728e-07

1 43 0.00669745 1.5491e-07
2 43 0.00669745 1.5491e-07
3 43 0.00669745 1.5491e-07
4 43 0.00669745 1.5491e-07
5 43 0.00669745 1.5491e-07
6 43 0.00669745 1.5491e-07
7 43 0.00669745 1.5491e-07
8 43 0.00669745 1.5491e-07
9 43 0.00669745 1.5491e-07
10 43 0.00669745 1.5491e-07
11 43 0.00669745 1.5491e-07
12 43 0.00669745 1.5491e-07
13 43 0.00669745 1.5491e-07
14 43 0.00669745 1.5491e-07
15 43 0.00669745 1.5491e-07
16 43 0.00669745 1.5491e-07
17 43 0.00669745 1.5491e-07
18 43 0.00669745 1.5491e-07
19 43 0.00669745 1.5491e-07
20 43 0.00669745 1.5491e-07

1 44 0.00624289 1.55394e-07
2 44 0.00624289 1.55394e-07
3 44 0.00624289 1.55394e-07
4 44 0.00624289 1.55394e-07
5 44 0.00624289 1.55394e-07
6 44 0.00624289 1.55394e-07
7 44 0.00624289 1.55394e-07
8 44 0.00624289 1.55394e-07
9 44 0.00624289 1.55394e-07
10 44 0.00624289 1.55394e-07
11 44 0.00624289 1.55394e-07
12 44 0.00624289 1.55394e-07
13 44 0.00624289 1.55394e-07
14 44 0.00624289 1.55394e-07
15 44 0.00624289 1.55394e-07
16 44 0.00624289 1.55394e-07
17 44 0.00624289 1.55394e-07
18 44 0.00624289 1.55394e-07
19 44 0.00624289 1.55394e-07
20 44 0.00624289 1.55394e-07

1 45 0.00568741 1.52243e-07
2 45 0.00568741 1.52243e-07
3 45 0.00568741 1.52243e-07
4 45 0.00568741 1.52243e-07
5 45 0.00568741 1.52243e-07
6 45 0.00568741 1.52243e-07
7 45 0.00568741 1.52243e-07
8 45 0.00568741 1.52243e-07
9 45 0.00568741 1.52243e-07
10 45 0.00568741 1.52243e-07
11 45 0.00568741 1.52243e-07
12 45 0.00568741 1.52243e-07
13 45 0.00568741 1.52243e-07
14 45 0.00568741 1.52243e-07
15 45 0.00568741 1.52243e-07
16 45 0.00568741 1.52243e-07
17 45 0.00568741 1.52243e-07
18 45 0.00568741 1.52243e-07
19 45 0.00568741 1.52243e-07
20 45 0.00568741 1.52243e-07

1 46 0.00501478 1.44255e-07
2 46 0.00501478 1.44255e-07
3 46 0.00501478 1.44255e-07
4 46 0.00501478 1.44255e-07
5 46 0.00501478 1.44255e-07
6 46 0.00501478 1.44255e-07
7 46 0.00501478 1.44255e-07
8 46 0.00501478 1.44255e-07
9 46 0.00501478 1.44255e-07
10 46 0.00501478 1.44255e-07
11 46 0.00501478 1.44255e-07
12 46 0.00501478 1.44255e-07
13 46 0.00501478 1.44255e-07
14 46 0.00501478 1.44255e-07
15 46 0.00501478 1.44255e-07
16 46 0.00501478 1.44255e-07
17 46 0.00501478 1.44255e-07
18 46 0.00501478 1.44255e-07
19 46 0.00501478 1.44255e-07
20 46 0.00501478 1.44255e-07

1 47 0.00420755 1.29898e-07
2 47 0.00420755 1.29898e-07
3 47 0.00420755 1.29898e-07
4 47 0.00420755 1.29898e-07
5 47 0.00420755 1.29898e-07
6 47 0.00420755 1.29898e-07
7 47 0.00420755 1.29898e-07
8 47 0.00420755 1.29898e-07
9 47 0.00420755 1.29898e-07
10 47 0.00420755 1.29898e-07
11 47 0.00420755 1.29898e-07
12 47 0.00420755 1.29898e-07
13 47 0.00420755 1.29898e-07
14 47 0.00420755 1.29898e-07
15 47 0.00420755 1.29898e-07
16 47 0.00420755 1.29898e-07
17 47 0.00420755 1.29898e-07
18 47 0.00420755 1.29898e-07
19 47 0.00420755 1.29898e-07
20 47 0.00420755 1.29898e-07

1 48 0.00324717 1.07254e-07
2 48 0.00324717 1.07254e-07
3 48 0.00324717 1.07254e-07
4 48 0.00324717 1.07254e-07
5 48 0.00324717 1.07254e-07
6 48 0.00324717 1.07254e-07
7 48 0.00324717 1.07254e-07
8 48 0.00324717 1.07254e-07
9 48 0.00324717 1.07254e-07
10 48 0.00324717 1.07254e-07
11 48 0.00324717 1.07254e-07
12 48 0.00324717 1.07254e-07
13 48 0.00324717 1.07254e-07
14 48 0.00324717 1.07254e-07
15 48 0.00324717 1.07254e-07
16 48 0.00324717 1.07254e-07
17 48 0.00324717 1.07254e-07
18 48 0.00324717 1.07254e-07
19 48 0.00324717 1.07254e-07
20 48 0.00324717 1.07254e-07

1 49 0.0021142 7.3965e-08
2 49 0.0021142 7.3965e-08
3 49 0.0021142 7.3965e-08
4 49 0.0021142 7.3965e-08
5 49 0.0021142 7.3965e-08
6 49 0.0021142 7.3965e-08
7 49 0.0021142 7.3965e-08
8 49 0.0021142 7.3965e-08
9 49 0.0021142 7.3965e-08
10 49 0.0021142 7.3965e-08
11 49 0.0021142 7.3965e-08
12 49 0.0021142 7.3965e-08
13 49 0.0021142 7.3965e-08
14 49 0.0021142 7.3965e-08
15 49 0.0021142 7.3965e-08
16 49 0.0021142 7.3965e-08
17 49 0.0021142 7.3965e-08
18 49 0.0021142 7.3965e-08
19 49 0.0021142 7.3965e-08
20 49 0.0021142 7.3965e-08

1 50 0.000788541 2.7167e-08
2 50 0.000788541 2.7167e-08
3 50 0.000788541 2.7167e-08
4 50 0.000788541 2.7167e-08
5 50 0.000788541 2.7167e-08
6 50 0.000788541 2.7167e-08
7 50 0.000788541 2.7167e-08
8 50 0.000788541 2.7167e-08
9 50 0.000788541 2.7167e-08
10 50 0.000788541 2.7167e-08
11 50 0.000788541 2.7167e-08
12 50 0.000788541 2.7167e-08
13 50 0.000788541 2.7167e-08
14 50 0.000788541 2.7167e-08
15 50 0.000788541 2.7167e-08
16 50 0.000788541 2.7167e-08
17 50 0.000788541 2.7167e-08
18 50 0.000788541 2.7167e-08
19 50 0.000788541 2.7167e-08
20 50 0.000788541 2.7167e-08

