1 1 0.00273633 -2.54951e-07
2 1 0.00273633 -2.54951e-07
3 1 0.00273633 -2.54951e-07
4 1 0.00273633 -2.54951e-07
5 1 0.00273633 -2.54951e-07
6 1 0.00273633 -2.54951e-07
7 1 0.00273633 -2.54951e-07
8 1 0.00273633 -2.54951e-07
9 1 0.00273633 -2.54951e-07
10 1 0.00273633 -2.54951e-07
11 1 0.00273633 -2.54951e-07
12 1 0.00273633 -2.54951e-07
13 1 0.00273633 -2.54951e-07
14 1 0.00273633 -2.54951e-07
15 1 0.00273633 -2.54951e-07
16 1 0.00273633 -2.54951e-07
17 1 0.00273633 -2.54951e-07
18 1 0.00273633 -2.54951e-07
19 1 0.00273633 -2.54951e-07
20 1 0.00273633 -2.54951e-07

1 2 0.00794752 -7.33134e-07
2 2 0.00794752 -7.33134e-07
3 2 0.00794752 -7.33134e-07
4 2 0.00794752 -7.33134e-07
5 2 0.00794752 -7.33134e-07
6 2 0.00794752 -7.33134e-07
7 2 0.00794752 -7.33134e-07
8 2 0.00794752 -7.33134e-07
9 2 0.00794752 -7.33134e-07
10 2 0.00794752 -7.33134e-07
11 2 0.00794752 -7.33134e-07
12 2 0.00794752 -7.33134e-07
13 2 0.00794752 -7.33134e-07
14 2 0.00794752 -7.33134e-07
15 2 0.00794752 -7.33134e-07
16 2 0.00794752 -7.33134e-07
17 2 0.00794752 -7.33134e-07
18 2 0.00794752 -7.33134e-07
19 2 0.00794752 -7.33134e-07
20 2 0.00794752 -7.33134e-07

1 3 0.0129361 -1.14929e-06
2 3 0.0129361 -1.14929e-06
3 3 0.0129361 -1.14929e-06
4 3 0.0129361 -1.14929e-06
5 3 0.0129361 -1.14929e-06
6 3 0.0129361 -1.14929e-06
7 3 0.0129361 -1.14929e-06
8 3 0.0129361 -1.14929e-06
9 3 0.0129361 -1.14929e-06
10 3 0.0129361 -1.14929e-06
11 3 0.0129361 -1.14929e-06
12 3 0.0129361 -1.14929e-06
13 3 0.0129361 -1.14929e-06
14 3 0.0129361 -1.14929e-06
15 3 0.0129361 -1.14929e-06
16 3 0.0129361 -1.14929e-06
17 3 0.0129361 -1.14929e-06
18 3 0.0129361 -1.14929e-06
19 3 0.0129361 -1.14929e-06
20 3 0.0129361 -1.14929e-06

1 4 0.0177025 -1.50624e-06
2 4 0.0177025 -1.50624e-06
3 4 0.0177025 -1.50624e-06
4 4 0.0177025 -1.50624e-06
5 4 0.0177025 -1.50624e-06
6 4 0.0177025 -1.50624e-06
7 4 0.0177025 -1.50624e-06
8 4 0.0177025 -1.50624e-06
9 4 0.0177025 -1.50624e-06
10 4 0.0177025 -1.50624e-06
11 4 0.0177025 -1.50624e-06
12 4 0.0177025 -1.50624e-06
13 4 0.0177025 -1.50624e-06
14 4 0.0177025 -1.50624e-06
15 4 0.0177025 -1.50624e-06
16 4 0.0177025 -1.50624e-06
17 4 0.0177025 -1.50624e-06
18 4 0.0177025 -1.50624e-06
19 4 0.0177025 -1.50624e-06
20 4 0.0177025 -1.50624e-06

1 5 0.0222475 -1.80678e-06
2 5 0.0222475 -1.80678e-06
3 5 0.0222475 -1.80678e-06
4 5 0.0222475 -1.80678e-06
5 5 0.0222475 -1.80678e-06
6 5 0.0222475 -1.80678e-06
7 5 0.0222475 -1.80678e-06
8 5 0.0222475 -1.80678e-06
9 5 0.0222475 -1.80678e-06
10 5 0.0222475 -1.80678e-06
11 5 0.0222475 -1.80678e-06
12 5 0.0222475 -1.80678e-06
13 5 0.0222475 -1.80678e-06
14 5 0.0222475 -1.80678e-06
15 5 0.0222475 -1.80678e-06
16 5 0.0222475 -1.80678e-06
17 5 0.0222475 -1.80678e-06
18 5 0.0222475 -1.80678e-06
19 5 0.0222475 -1.80678e-06
20 5 0.0222475 -1.80678e-06

1 6 0.0265715 -2.05369e-06
2 6 0.0265715 -2.05369e-06
3 6 0.0265715 -2.05369e-06
4 6 0.0265715 -2.05369e-06
5 6 0.0265715 -2.05369e-06
6 6 0.0265715 -2.05369e-06
7 6 0.0265715 -2.05369e-06
8 6 0.0265715 -2.05369e-06
9 6 0.0265715 -2.05369e-06
10 6 0.0265715 -2.05369e-06
11 6 0.0265715 -2.05369e-06
12 6 0.0265715 -2.05369e-06
13 6 0.0265715 -2.05369e-06
14 6 0.0265715 -2.05369e-06
15 6 0.0265715 -2.05369e-06
16 6 0.0265715 -2.05369e-06
17 6 0.0265715 -2.05369e-06
18 6 0.0265715 -2.05369e-06
19 6 0.0265715 -2.05369e-06
20 6 0.0265715 -2.05369e-06

1 7 0.0306752 -2.24975e-06
2 7 0.0306752 -2.24975e-06
3 7 0.0306752 -2.24975e-06
4 7 0.0306752 -2.24975e-06
5 7 0.0306752 -2.24975e-06
6 7 0.0306752 -2.24975e-06
7 7 0.0306752 -2.24975e-06
8 7 0.0306752 -2.24975e-06
9 7 0.0306752 -2.24975e-06
10 7 0.0306752 -2.24975e-06
11 7 0.0306752 -2.24975e-06
12 7 0.0306752 -2.24975e-06
13 7 0.0306752 -2.24975e-06
14 7 0.0306752 -2.24975e-06
15 7 0.0306752 -2.24975e-06
16 7 0.0306752 -2.24975e-06
17 7 0.0306752 -2.24975e-06
18 7 0.0306752 -2.24975e-06
19 7 0.0306752 -2.24975e-06
20 7 0.0306752 -2.24975e-06

1 8 0.0345592 -2.3977e-06
2 8 0.0345592 -2.3977e-06
3 8 0.0345592 -2.3977e-06
4 8 0.0345592 -2.3977e-06
5 8 0.0345592 -2.3977e-06
6 8 0.0345592 -2.3977e-06
7 8 0.0345592 -2.3977e-06
8 8 0.0345592 -2.3977e-06
9 8 0.0345592 -2.3977e-06
10 8 0.0345592 -2.3977e-06
11 8 0.0345592 -2.3977e-06
12 8 0.0345592 -2.3977e-06
13 8 0.0345592 -2.3977e-06
14 8 0.0345592 -2.3977e-06
15 8 0.0345592 -2.3977e-06
16 8 0.0345592 -2.3977e-06
17 8 0.0345592 -2.3977e-06
18 8 0.0345592 -2.3977e-06
19 8 0.0345592 -2.3977e-06
20 8 0.0345592 -2.3977e-06

1 9 0.0382239 -2.50027e-06
2 9 0.0382239 -2.50027e-06
3 9 0.0382239 -2.50027e-06
4 9 0.0382239 -2.50027e-06
5 9 0.0382239 -2.50027e-06
6 9 0.0382239 -2.50027e-06
7 9 0.0382239 -2.50027e-06
8 9 0.0382239 -2.50027e-06
9 9 0.0382239 -2.50027e-06
10 9 0.0382239 -2.50027e-06
11 9 0.0382239 -2.50027e-06
12 9 0.0382239 -2.50027e-06
13 9 0.0382239 -2.50027e-06
14 9 0.0382239 -2.50027e-06
15 9 0.0382239 -2.50027e-06
16 9 0.0382239 -2.50027e-06
17 9 0.0382239 -2.50027e-06
18 9 0.0382239 -2.50027e-06
19 9 0.0382239 -2.50027e-06
20 9 0.0382239 -2.50027e-06

1 10 0.0416699 -2.56018e-06
2 10 0.0416699 -2.56018e-06
3 10 0.0416699 -2.56018e-06
4 10 0.0416699 -2.56018e-06
5 10 0.0416699 -2.56018e-06
6 10 0.0416699 -2.56018e-06
7 10 0.0416699 -2.56018e-06
8 10 0.0416699 -2.56018e-06
9 10 0.0416699 -2.56018e-06
10 10 0.0416699 -2.56018e-06
11 10 0.0416699 -2.56018e-06
12 10 0.0416699 -2.56018e-06
13 10 0.0416699 -2.56018e-06
14 10 0.0416699 -2.56018e-06
15 10 0.0416699 -2.56018e-06
16 10 0.0416699 -2.56018e-06
17 10 0.0416699 -2.56018e-06
18 10 0.0416699 -2.56018e-06
19 10 0.0416699 -2.56018e-06
20 10 0.0416699 -2.56018e-06

1 11 0.0448977 -2.58013e-06
2 11 0.0448977 -2.58013e-06
3 11 0.0448977 -2.58013e-06
4 11 0.0448977 -2.58013e-06
5 11 0.0448977 -2.58013e-06
6 11 0.0448977 -2.58013e-06
7 11 0.0448977 -2.58013e-06
8 11 0.0448977 -2.58013e-06
9 11 0.0448977 -2.58013e-06
10 11 0.0448977 -2.58013e-06
11 11 0.0448977 -2.58013e-06
12 11 0.0448977 -2.58013e-06
13 11 0.0448977 -2.58013e-06
14 11 0.0448977 -2.58013e-06
15 11 0.0448977 -2.58013e-06
16 11 0.0448977 -2.58013e-06
17 11 0.0448977 -2.58013e-06
18 11 0.0448977 -2.58013e-06
19 11 0.0448977 -2.58013e-06
20 11 0.0448977 -2.58013e-06

1 12 0.0479079 -2.56279e-06
2 12 0.0479079 -2.56279e-06
3 12 0.0479079 -2.56279e-06
4 12 0.0479079 -2.56279e-06
5 12 0.0479079 -2.56279e-06
6 12 0.0479079 -2.56279e-06
7 12 0.0479079 -2.56279e-06
8 12 0.0479079 -2.56279e-06
9 12 0.0479079 -2.56279e-06
10 12 0.0479079 -2.56279e-06
11 12 0.0479079 -2.56279e-06
12 12 0.0479079 -2.56279e-06
13 12 0.0479079 -2.56279e-06
14 12 0.0479079 -2.56279e-06
15 12 0.0479079 -2.56279e-06
16 12 0.0479079 -2.56279e-06
17 12 0.0479079 -2.56279e-06
18 12 0.0479079 -2.56279e-06
19 12 0.0479079 -2.56279e-06
20 12 0.0479079 -2.56279e-06

1 13 0.0507009 -2.51082e-06
2 13 0.0507009 -2.51082e-06
3 13 0.0507009 -2.51082e-06
4 13 0.0507009 -2.51082e-06
5 13 0.0507009 -2.51082e-06
6 13 0.0507009 -2.51082e-06
7 13 0.0507009 -2.51082e-06
8 13 0.0507009 -2.51082e-06
9 13 0.0507009 -2.51082e-06
10 13 0.0507009 -2.51082e-06
11 13 0.0507009 -2.51082e-06
12 13 0.0507009 -2.51082e-06
13 13 0.0507009 -2.51082e-06
14 13 0.0507009 -2.51082e-06
15 13 0.0507009 -2.51082e-06
16 13 0.0507009 -2.51082e-06
17 13 0.0507009 -2.51082e-06
18 13 0.0507009 -2.51082e-06
19 13 0.0507009 -2.51082e-06
20 13 0.0507009 -2.51082e-06

1 14 0.0532772 -2.42686e-06
2 14 0.0532772 -2.42686e-06
3 14 0.0532772 -2.42686e-06
4 14 0.0532772 -2.42686e-06
5 14 0.0532772 -2.42686e-06
6 14 0.0532772 -2.42686e-06
7 14 0.0532772 -2.42686e-06
8 14 0.0532772 -2.42686e-06
9 14 0.0532772 -2.42686e-06
10 14 0.0532772 -2.42686e-06
11 14 0.0532772 -2.42686e-06
12 14 0.0532772 -2.42686e-06
13 14 0.0532772 -2.42686e-06
14 14 0.0532772 -2.42686e-06
15 14 0.0532772 -2.42686e-06
16 14 0.0532772 -2.42686e-06
17 14 0.0532772 -2.42686e-06
18 14 0.0532772 -2.42686e-06
19 14 0.0532772 -2.42686e-06
20 14 0.0532772 -2.42686e-06

1 15 0.0556372 -2.31354e-06
2 15 0.0556372 -2.31354e-06
3 15 0.0556372 -2.31354e-06
4 15 0.0556372 -2.31354e-06
5 15 0.0556372 -2.31354e-06
6 15 0.0556372 -2.31354e-06
7 15 0.0556372 -2.31354e-06
8 15 0.0556372 -2.31354e-06
9 15 0.0556372 -2.31354e-06
10 15 0.0556372 -2.31354e-06
11 15 0.0556372 -2.31354e-06
12 15 0.0556372 -2.31354e-06
13 15 0.0556372 -2.31354e-06
14 15 0.0556372 -2.31354e-06
15 15 0.0556372 -2.31354e-06
16 15 0.0556372 -2.31354e-06
17 15 0.0556372 -2.31354e-06
18 15 0.0556372 -2.31354e-06
19 15 0.0556372 -2.31354e-06
20 15 0.0556372 -2.31354e-06

1 16 0.0577813 -2.17347e-06
2 16 0.0577813 -2.17347e-06
3 16 0.0577813 -2.17347e-06
4 16 0.0577813 -2.17347e-06
5 16 0.0577813 -2.17347e-06
6 16 0.0577813 -2.17347e-06
7 16 0.0577813 -2.17347e-06
8 16 0.0577813 -2.17347e-06
9 16 0.0577813 -2.17347e-06
10 16 0.0577813 -2.17347e-06
11 16 0.0577813 -2.17347e-06
12 16 0.0577813 -2.17347e-06
13 16 0.0577813 -2.17347e-06
14 16 0.0577813 -2.17347e-06
15 16 0.0577813 -2.17347e-06
16 16 0.0577813 -2.17347e-06
17 16 0.0577813 -2.17347e-06
18 16 0.0577813 -2.17347e-06
19 16 0.0577813 -2.17347e-06
20 16 0.0577813 -2.17347e-06

1 17 0.0597099 -2.00924e-06
2 17 0.0597099 -2.00924e-06
3 17 0.0597099 -2.00924e-06
4 17 0.0597099 -2.00924e-06
5 17 0.0597099 -2.00924e-06
6 17 0.0597099 -2.00924e-06
7 17 0.0597099 -2.00924e-06
8 17 0.0597099 -2.00924e-06
9 17 0.0597099 -2.00924e-06
10 17 0.0597099 -2.00924e-06
11 17 0.0597099 -2.00924e-06
12 17 0.0597099 -2.00924e-06
13 17 0.0597099 -2.00924e-06
14 17 0.0597099 -2.00924e-06
15 17 0.0597099 -2.00924e-06
16 17 0.0597099 -2.00924e-06
17 17 0.0597099 -2.00924e-06
18 17 0.0597099 -2.00924e-06
19 17 0.0597099 -2.00924e-06
20 17 0.0597099 -2.00924e-06

1 18 0.0614233 -1.82344e-06
2 18 0.0614233 -1.82344e-06
3 18 0.0614233 -1.82344e-06
4 18 0.0614233 -1.82344e-06
5 18 0.0614233 -1.82344e-06
6 18 0.0614233 -1.82344e-06
7 18 0.0614233 -1.82344e-06
8 18 0.0614233 -1.82344e-06
9 18 0.0614233 -1.82344e-06
10 18 0.0614233 -1.82344e-06
11 18 0.0614233 -1.82344e-06
12 18 0.0614233 -1.82344e-06
13 18 0.0614233 -1.82344e-06
14 18 0.0614233 -1.82344e-06
15 18 0.0614233 -1.82344e-06
16 18 0.0614233 -1.82344e-06
17 18 0.0614233 -1.82344e-06
18 18 0.0614233 -1.82344e-06
19 18 0.0614233 -1.82344e-06
20 18 0.0614233 -1.82344e-06

1 19 0.0629219 -1.61864e-06
2 19 0.0629219 -1.61864e-06
3 19 0.0629219 -1.61864e-06
4 19 0.0629219 -1.61864e-06
5 19 0.0629219 -1.61864e-06
6 19 0.0629219 -1.61864e-06
7 19 0.0629219 -1.61864e-06
8 19 0.0629219 -1.61864e-06
9 19 0.0629219 -1.61864e-06
10 19 0.0629219 -1.61864e-06
11 19 0.0629219 -1.61864e-06
12 19 0.0629219 -1.61864e-06
13 19 0.0629219 -1.61864e-06
14 19 0.0629219 -1.61864e-06
15 19 0.0629219 -1.61864e-06
16 19 0.0629219 -1.61864e-06
17 19 0.0629219 -1.61864e-06
18 19 0.0629219 -1.61864e-06
19 19 0.0629219 -1.61864e-06
20 19 0.0629219 -1.61864e-06

1 20 0.0642059 -1.39739e-06
2 20 0.0642059 -1.39739e-06
3 20 0.0642059 -1.39739e-06
4 20 0.0642059 -1.39739e-06
5 20 0.0642059 -1.39739e-06
6 20 0.0642059 -1.39739e-06
7 20 0.0642059 -1.39739e-06
8 20 0.0642059 -1.39739e-06
9 20 0.0642059 -1.39739e-06
10 20 0.0642059 -1.39739e-06
11 20 0.0642059 -1.39739e-06
12 20 0.0642059 -1.39739e-06
13 20 0.0642059 -1.39739e-06
14 20 0.0642059 -1.39739e-06
15 20 0.0642059 -1.39739e-06
16 20 0.0642059 -1.39739e-06
17 20 0.0642059 -1.39739e-06
18 20 0.0642059 -1.39739e-06
19 20 0.0642059 -1.39739e-06
20 20 0.0642059 -1.39739e-06

1 21 0.0652755 -1.16224e-06
2 21 0.0652755 -1.16224e-06
3 21 0.0652755 -1.16224e-06
4 21 0.0652755 -1.16224e-06
5 21 0.0652755 -1.16224e-06
6 21 0.0652755 -1.16224e-06
7 21 0.0652755 -1.16224e-06
8 21 0.0652755 -1.16224e-06
9 21 0.0652755 -1.16224e-06
10 21 0.0652755 -1.16224e-06
11 21 0.0652755 -1.16224e-06
12 21 0.0652755 -1.16224e-06
13 21 0.0652755 -1.16224e-06
14 21 0.0652755 -1.16224e-06
15 21 0.0652755 -1.16224e-06
16 21 0.0652755 -1.16224e-06
17 21 0.0652755 -1.16224e-06
18 21 0.0652755 -1.16224e-06
19 21 0.0652755 -1.16224e-06
20 21 0.0652755 -1.16224e-06

1 22 0.0661309 -9.15732e-07
2 22 0.0661309 -9.15732e-07
3 22 0.0661309 -9.15732e-07
4 22 0.0661309 -9.15732e-07
5 22 0.0661309 -9.15732e-07
6 22 0.0661309 -9.15732e-07
7 22 0.0661309 -9.15732e-07
8 22 0.0661309 -9.15732e-07
9 22 0.0661309 -9.15732e-07
10 22 0.0661309 -9.15732e-07
11 22 0.0661309 -9.15732e-07
12 22 0.0661309 -9.15732e-07
13 22 0.0661309 -9.15732e-07
14 22 0.0661309 -9.15732e-07
15 22 0.0661309 -9.15732e-07
16 22 0.0661309 -9.15732e-07
17 22 0.0661309 -9.15732e-07
18 22 0.0661309 -9.15732e-07
19 22 0.0661309 -9.15732e-07
20 22 0.0661309 -9.15732e-07

1 23 0.0667724 -6.60396e-07
2 23 0.0667724 -6.60396e-07
3 23 0.0667724 -6.60396e-07
4 23 0.0667724 -6.60396e-07
5 23 0.0667724 -6.60396e-07
6 23 0.0667724 -6.60396e-07
7 23 0.0667724 -6.60396e-07
8 23 0.0667724 -6.60396e-07
9 23 0.0667724 -6.60396e-07
10 23 0.0667724 -6.60396e-07
11 23 0.0667724 -6.60396e-07
12 23 0.0667724 -6.60396e-07
13 23 0.0667724 -6.60396e-07
14 23 0.0667724 -6.60396e-07
15 23 0.0667724 -6.60396e-07
16 23 0.0667724 -6.60396e-07
17 23 0.0667724 -6.60396e-07
18 23 0.0667724 -6.60396e-07
19 23 0.0667724 -6.60396e-07
20 23 0.0667724 -6.60396e-07

1 24 0.0671999 -3.98757e-07
2 24 0.0671999 -3.98757e-07
3 24 0.0671999 -3.98757e-07
4 24 0.0671999 -3.98757e-07
5 24 0.0671999 -3.98757e-07
6 24 0.0671999 -3.98757e-07
7 24 0.0671999 -3.98757e-07
8 24 0.0671999 -3.98757e-07
9 24 0.0671999 -3.98757e-07
10 24 0.0671999 -3.98757e-07
11 24 0.0671999 -3.98757e-07
12 24 0.0671999 -3.98757e-07
13 24 0.0671999 -3.98757e-07
14 24 0.0671999 -3.98757e-07
15 24 0.0671999 -3.98757e-07
16 24 0.0671999 -3.98757e-07
17 24 0.0671999 -3.98757e-07
18 24 0.0671999 -3.98757e-07
19 24 0.0671999 -3.98757e-07
20 24 0.0671999 -3.98757e-07

1 25 0.0674137 -1.33339e-07
2 25 0.0674137 -1.33339e-07
3 25 0.0674137 -1.33339e-07
4 25 0.0674137 -1.33339e-07
5 25 0.0674137 -1.33339e-07
6 25 0.0674137 -1.33339e-07
7 25 0.0674137 -1.33339e-07
8 25 0.0674137 -1.33339e-07
9 25 0.0674137 -1.33339e-07
10 25 0.0674137 -1.33339e-07
11 25 0.0674137 -1.33339e-07
12 25 0.0674137 -1.33339e-07
13 25 0.0674137 -1.33339e-07
14 25 0.0674137 -1.33339e-07
15 25 0.0674137 -1.33339e-07
16 25 0.0674137 -1.33339e-07
17 25 0.0674137 -1.33339e-07
18 25 0.0674137 -1.33339e-07
19 25 0.0674137 -1.33339e-07
20 25 0.0674137 -1.33339e-07

1 26 0.0674137 1.33339e-07
2 26 0.0674137 1.33339e-07
3 26 0.0674137 1.33339e-07
4 26 0.0674137 1.33339e-07
5 26 0.0674137 1.33339e-07
6 26 0.0674137 1.33339e-07
7 26 0.0674137 1.33339e-07
8 26 0.0674137 1.33339e-07
9 26 0.0674137 1.33339e-07
10 26 0.0674137 1.33339e-07
11 26 0.0674137 1.33339e-07
12 26 0.0674137 1.33339e-07
13 26 0.0674137 1.33339e-07
14 26 0.0674137 1.33339e-07
15 26 0.0674137 1.33339e-07
16 26 0.0674137 1.33339e-07
17 26 0.0674137 1.33339e-07
18 26 0.0674137 1.33339e-07
19 26 0.0674137 1.33339e-07
20 26 0.0674137 1.33339e-07

1 27 0.0671999 3.98757e-07
2 27 0.0671999 3.98757e-07
3 27 0.0671999 3.98757e-07
4 27 0.0671999 3.98757e-07
5 27 0.0671999 3.98757e-07
6 27 0.0671999 3.98757e-07
7 27 0.0671999 3.98757e-07
8 27 0.0671999 3.98757e-07
9 27 0.0671999 3.98757e-07
10 27 0.0671999 3.98757e-07
11 27 0.0671999 3.98757e-07
12 27 0.0671999 3.98757e-07
13 27 0.0671999 3.98757e-07
14 27 0.0671999 3.98757e-07
15 27 0.0671999 3.98757e-07
16 27 0.0671999 3.98757e-07
17 27 0.0671999 3.98757e-07
18 27 0.0671999 3.98757e-07
19 27 0.0671999 3.98757e-07
20 27 0.0671999 3.98757e-07

1 28 0.0667724 6.60396e-07
2 28 0.0667724 6.60396e-07
3 28 0.0667724 6.60396e-07
4 28 0.0667724 6.60396e-07
5 28 0.0667724 6.60396e-07
6 28 0.0667724 6.60396e-07
7 28 0.0667724 6.60396e-07
8 28 0.0667724 6.60396e-07
9 28 0.0667724 6.60396e-07
10 28 0.0667724 6.60396e-07
11 28 0.0667724 6.60396e-07
12 28 0.0667724 6.60396e-07
13 28 0.0667724 6.60396e-07
14 28 0.0667724 6.60396e-07
15 28 0.0667724 6.60396e-07
16 28 0.0667724 6.60396e-07
17 28 0.0667724 6.60396e-07
18 28 0.0667724 6.60396e-07
19 28 0.0667724 6.60396e-07
20 28 0.0667724 6.60396e-07

1 29 0.0661309 9.15732e-07
2 29 0.0661309 9.15732e-07
3 29 0.0661309 9.15732e-07
4 29 0.0661309 9.15732e-07
5 29 0.0661309 9.15732e-07
6 29 0.0661309 9.15732e-07
7 29 0.0661309 9.15732e-07
8 29 0.0661309 9.15732e-07
9 29 0.0661309 9.15732e-07
10 29 0.0661309 9.15732e-07
11 29 0.0661309 9.15732e-07
12 29 0.0661309 9.15732e-07
13 29 0.0661309 9.15732e-07
14 29 0.0661309 9.15732e-07
15 29 0.0661309 9.15732e-07
16 29 0.0661309 9.15732e-07
17 29 0.0661309 9.15732e-07
18 29 0.0661309 9.15732e-07
19 29 0.0661309 9.15732e-07
20 29 0.0661309 9.15732e-07

1 30 0.0652755 1.16224e-06
2 30 0.0652755 1.16224e-06
3 30 0.0652755 1.16224e-06
4 30 0.0652755 1.16224e-06
5 30 0.0652755 1.16224e-06
6 30 0.0652755 1.16224e-06
7 30 0.0652755 1.16224e-06
8 30 0.0652755 1.16224e-06
9 30 0.0652755 1.16224e-06
10 30 0.0652755 1.16224e-06
11 30 0.0652755 1.16224e-06
12 30 0.0652755 1.16224e-06
13 30 0.0652755 1.16224e-06
14 30 0.0652755 1.16224e-06
15 30 0.0652755 1.16224e-06
16 30 0.0652755 1.16224e-06
17 30 0.0652755 1.16224e-06
18 30 0.0652755 1.16224e-06
19 30 0.0652755 1.16224e-06
20 30 0.0652755 1.16224e-06

1 31 0.0642059 1.39739e-06
2 31 0.0642059 1.39739e-06
3 31 0.0642059 1.39739e-06
4 31 0.0642059 1.39739e-06
5 31 0.0642059 1.39739e-06
6 31 0.0642059 1.39739e-06
7 31 0.0642059 1.39739e-06
8 31 0.0642059 1.39739e-06
9 31 0.0642059 1.39739e-06
10 31 0.0642059 1.39739e-06
11 31 0.0642059 1.39739e-06
12 31 0.0642059 1.39739e-06
13 31 0.0642059 1.39739e-06
14 31 0.0642059 1.39739e-06
15 31 0.0642059 1.39739e-06
16 31 0.0642059 1.39739e-06
17 31 0.0642059 1.39739e-06
18 31 0.0642059 1.39739e-06
19 31 0.0642059 1.39739e-06
20 31 0.0642059 1.39739e-06

1 32 0.0629219 1.61864e-06
2 32 0.0629219 1.61864e-06
3 32 0.0629219 1.61864e-06
4 32 0.0629219 1.61864e-06
5 32 0.0629219 1.61864e-06
6 32 0.0629219 1.61864e-06
7 32 0.0629219 1.61864e-06
8 32 0.0629219 1.61864e-06
9 32 0.0629219 1.61864e-06
10 32 0.0629219 1.61864e-06
11 32 0.0629219 1.61864e-06
12 32 0.0629219 1.61864e-06
13 32 0.0629219 1.61864e-06
14 32 0.0629219 1.61864e-06
15 32 0.0629219 1.61864e-06
16 32 0.0629219 1.61864e-06
17 32 0.0629219 1.61864e-06
18 32 0.0629219 1.61864e-06
19 32 0.0629219 1.61864e-06
20 32 0.0629219 1.61864e-06

1 33 0.0614233 1.82344e-06
2 33 0.0614233 1.82344e-06
3 33 0.0614233 1.82344e-06
4 33 0.0614233 1.82344e-06
5 33 0.0614233 1.82344e-06
6 33 0.0614233 1.82344e-06
7 33 0.0614233 1.82344e-06
8 33 0.0614233 1.82344e-06
9 33 0.0614233 1.82344e-06
10 33 0.0614233 1.82344e-06
11 33 0.0614233 1.82344e-06
12 33 0.0614233 1.82344e-06
13 33 0.0614233 1.82344e-06
14 33 0.0614233 1.82344e-06
15 33 0.0614233 1.82344e-06
16 33 0.0614233 1.82344e-06
17 33 0.0614233 1.82344e-06
18 33 0.0614233 1.82344e-06
19 33 0.0614233 1.82344e-06
20 33 0.0614233 1.82344e-06

1 34 0.0597099 2.00924e-06
2 34 0.0597099 2.00924e-06
3 34 0.0597099 2.00924e-06
4 34 0.0597099 2.00924e-06
5 34 0.0597099 2.00924e-06
6 34 0.0597099 2.00924e-06
7 34 0.0597099 2.00924e-06
8 34 0.0597099 2.00924e-06
9 34 0.0597099 2.00924e-06
10 34 0.0597099 2.00924e-06
11 34 0.0597099 2.00924e-06
12 34 0.0597099 2.00924e-06
13 34 0.0597099 2.00924e-06
14 34 0.0597099 2.00924e-06
15 34 0.0597099 2.00924e-06
16 34 0.0597099 2.00924e-06
17 34 0.0597099 2.00924e-06
18 34 0.0597099 2.00924e-06
19 34 0.0597099 2.00924e-06
20 34 0.0597099 2.00924e-06

1 35 0.0577813 2.17347e-06
2 35 0.0577813 2.17347e-06
3 35 0.0577813 2.17347e-06
4 35 0.0577813 2.17347e-06
5 35 0.0577813 2.17347e-06
6 35 0.0577813 2.17347e-06
7 35 0.0577813 2.17347e-06
8 35 0.0577813 2.17347e-06
9 35 0.0577813 2.17347e-06
10 35 0.0577813 2.17347e-06
11 35 0.0577813 2.17347e-06
12 35 0.0577813 2.17347e-06
13 35 0.0577813 2.17347e-06
14 35 0.0577813 2.17347e-06
15 35 0.0577813 2.17347e-06
16 35 0.0577813 2.17347e-06
17 35 0.0577813 2.17347e-06
18 35 0.0577813 2.17347e-06
19 35 0.0577813 2.17347e-06
20 35 0.0577813 2.17347e-06

1 36 0.0556372 2.31354e-06
2 36 0.0556372 2.31354e-06
3 36 0.0556372 2.31354e-06
4 36 0.0556372 2.31354e-06
5 36 0.0556372 2.31354e-06
6 36 0.0556372 2.31354e-06
7 36 0.0556372 2.31354e-06
8 36 0.0556372 2.31354e-06
9 36 0.0556372 2.31354e-06
10 36 0.0556372 2.31354e-06
11 36 0.0556372 2.31354e-06
12 36 0.0556372 2.31354e-06
13 36 0.0556372 2.31354e-06
14 36 0.0556372 2.31354e-06
15 36 0.0556372 2.31354e-06
16 36 0.0556372 2.31354e-06
17 36 0.0556372 2.31354e-06
18 36 0.0556372 2.31354e-06
19 36 0.0556372 2.31354e-06
20 36 0.0556372 2.31354e-06

1 37 0.0532772 2.42686e-06
2 37 0.0532772 2.42686e-06
3 37 0.0532772 2.42686e-06
4 37 0.0532772 2.42686e-06
5 37 0.0532772 2.42686e-06
6 37 0.0532772 2.42686e-06
7 37 0.0532772 2.42686e-06
8 37 0.0532772 2.42686e-06
9 37 0.0532772 2.42686e-06
10 37 0.0532772 2.42686e-06
11 37 0.0532772 2.42686e-06
12 37 0.0532772 2.42686e-06
13 37 0.0532772 2.42686e-06
14 37 0.0532772 2.42686e-06
15 37 0.0532772 2.42686e-06
16 37 0.0532772 2.42686e-06
17 37 0.0532772 2.42686e-06
18 37 0.0532772 2.42686e-06
19 37 0.0532772 2.42686e-06
20 37 0.0532772 2.42686e-06

1 38 0.0507009 2.51082e-06
2 38 0.0507009 2.51082e-06
3 38 0.0507009 2.51082e-06
4 38 0.0507009 2.51082e-06
5 38 0.0507009 2.51082e-06
6 38 0.0507009 2.51082e-06
7 38 0.0507009 2.51082e-06
8 38 0.0507009 2.51082e-06
9 38 0.0507009 2.51082e-06
10 38 0.0507009 2.51082e-06
11 38 0.0507009 2.51082e-06
12 38 0.0507009 2.51082e-06
13 38 0.0507009 2.51082e-06
14 38 0.0507009 2.51082e-06
15 38 0.0507009 2.51082e-06
16 38 0.0507009 2.51082e-06
17 38 0.0507009 2.51082e-06
18 38 0.0507009 2.51082e-06
19 38 0.0507009 2.51082e-06
20 38 0.0507009 2.51082e-06

1 39 0.0479079 2.56279e-06
2 39 0.0479079 2.56279e-06
3 39 0.0479079 2.56279e-06
4 39 0.0479079 2.56279e-06
5 39 0.0479079 2.56279e-06
6 39 0.0479079 2.56279e-06
7 39 0.0479079 2.56279e-06
8 39 0.0479079 2.56279e-06
9 39 0.0479079 2.56279e-06
10 39 0.0479079 2.56279e-06
11 39 0.0479079 2.56279e-06
12 39 0.0479079 2.56279e-06
13 39 0.0479079 2.56279e-06
14 39 0.0479079 2.56279e-06
15 39 0.0479079 2.56279e-06
16 39 0.0479079 2.56279e-06
17 39 0.0479079 2.56279e-06
18 39 0.0479079 2.56279e-06
19 39 0.0479079 2.56279e-06
20 39 0.0479079 2.56279e-06

1 40 0.0448977 2.58013e-06
2 40 0.0448977 2.58013e-06
3 40 0.0448977 2.58013e-06
4 40 0.0448977 2.58013e-06
5 40 0.0448977 2.58013e-06
6 40 0.0448977 2.58013e-06
7 40 0.0448977 2.58013e-06
8 40 0.0448977 2.58013e-06
9 40 0.0448977 2.58013e-06
10 40 0.0448977 2.58013e-06
11 40 0.0448977 2.58013e-06
12 40 0.0448977 2.58013e-06
13 40 0.0448977 2.58013e-06
14 40 0.0448977 2.58013e-06
15 40 0.0448977 2.58013e-06
16 40 0.0448977 2.58013e-06
17 40 0.0448977 2.58013e-06
18 40 0.0448977 2.58013e-06
19 40 0.0448977 2.58013e-06
20 40 0.0448977 2.58013e-06

1 41 0.0416699 2.56018e-06
2 41 0.0416699 2.56018e-06
3 41 0.0416699 2.56018e-06
4 41 0.0416699 2.56018e-06
5 41 0.0416699 2.56018e-06
6 41 0.0416699 2.56018e-06
7 41 0.0416699 2.56018e-06
8 41 0.0416699 2.56018e-06
9 41 0.0416699 2.56018e-06
10 41 0.0416699 2.56018e-06
11 41 0.0416699 2.56018e-06
12 41 0.0416699 2.56018e-06
13 41 0.0416699 2.56018e-06
14 41 0.0416699 2.56018e-06
15 41 0.0416699 2.56018e-06
16 41 0.0416699 2.56018e-06
17 41 0.0416699 2.56018e-06
18 41 0.0416699 2.56018e-06
19 41 0.0416699 2.56018e-06
20 41 0.0416699 2.56018e-06

1 42 0.0382239 2.50027e-06
2 42 0.0382239 2.50027e-06
3 42 0.0382239 2.50027e-06
4 42 0.0382239 2.50027e-06
5 42 0.0382239 2.50027e-06
6 42 0.0382239 2.50027e-06
7 42 0.0382239 2.50027e-06
8 42 0.0382239 2.50027e-06
9 42 0.0382239 2.50027e-06
10 42 0.0382239 2.50027e-06
11 42 0.0382239 2.50027e-06
12 42 0.0382239 2.50027e-06
13 42 0.0382239 2.50027e-06
14 42 0.0382239 2.50027e-06
15 42 0.0382239 2.50027e-06
16 42 0.0382239 2.50027e-06
17 42 0.0382239 2.50027e-06
18 42 0.0382239 2.50027e-06
19 42 0.0382239 2.50027e-06
20 42 0.0382239 2.50027e-06

1 43 0.0345592 2.3977e-06
2 43 0.0345592 2.3977e-06
3 43 0.0345592 2.3977e-06
4 43 0.0345592 2.3977e-06
5 43 0.0345592 2.3977e-06
6 43 0.0345592 2.3977e-06
7 43 0.0345592 2.3977e-06
8 43 0.0345592 2.3977e-06
9 43 0.0345592 2.3977e-06
10 43 0.0345592 2.3977e-06
11 43 0.0345592 2.3977e-06
12 43 0.0345592 2.3977e-06
13 43 0.0345592 2.3977e-06
14 43 0.0345592 2.3977e-06
15 43 0.0345592 2.3977e-06
16 43 0.0345592 2.3977e-06
17 43 0.0345592 2.3977e-06
18 43 0.0345592 2.3977e-06
19 43 0.0345592 2.3977e-06
20 43 0.0345592 2.3977e-06

1 44 0.0306752 2.24975e-06
2 44 0.0306752 2.24975e-06
3 44 0.0306752 2.24975e-06
4 44 0.0306752 2.24975e-06
5 44 0.0306752 2.24975e-06
6 44 0.0306752 2.24975e-06
7 44 0.0306752 2.24975e-06
8 44 0.0306752 2.24975e-06
9 44 0.0306752 2.24975e-06
10 44 0.0306752 2.24975e-06
11 44 0.0306752 2.24975e-06
12 44 0.0306752 2.24975e-06
13 44 0.0306752 2.24975e-06
14 44 0.0306752 2.24975e-06
15 44 0.0306752 2.24975e-06
16 44 0.0306752 2.24975e-06
17 44 0.0306752 2.24975e-06
18 44 0.0306752 2.24975e-06
19 44 0.0306752 2.24975e-06
20 44 0.0306752 2.24975e-06

1 45 0.0265715 2.05369e-06
2 45 0.0265715 2.05369e-06
3 45 0.0265715 2.05369e-06
4 45 0.0265715 2.05369e-06
5 45 0.0265715 2.05369e-06
6 45 0.0265715 2.05369e-06
7 45 0.0265715 2.05369e-06
8 45 0.0265715 2.05369e-06
9 45 0.0265715 2.05369e-06
10 45 0.0265715 2.05369e-06
11 45 0.0265715 2.05369e-06
12 45 0.0265715 2.05369e-06
13 45 0.0265715 2.05369e-06
14 45 0.0265715 2.05369e-06
15 45 0.0265715 2.05369e-06
16 45 0.0265715 2.05369e-06
17 45 0.0265715 2.05369e-06
18 45 0.0265715 2.05369e-06
19 45 0.0265715 2.05369e-06
20 45 0.0265715 2.05369e-06

1 46 0.0222475 1.80678e-06
2 46 0.0222475 1.80678e-06
3 46 0.0222475 1.80678e-06
4 46 0.0222475 1.80678e-06
5 46 0.0222475 1.80678e-06
6 46 0.0222475 1.80678e-06
7 46 0.0222475 1.80678e-06
8 46 0.0222475 1.80678e-06
9 46 0.0222475 1.80678e-06
10 46 0.0222475 1.80678e-06
11 46 0.0222475 1.80678e-06
12 46 0.0222475 1.80678e-06
13 46 0.0222475 1.80678e-06
14 46 0.0222475 1.80678e-06
15 46 0.0222475 1.80678e-06
16 46 0.0222475 1.80678e-06
17 46 0.0222475 1.80678e-06
18 46 0.0222475 1.80678e-06
19 46 0.0222475 1.80678e-06
20 46 0.0222475 1.80678e-06

1 47 0.0177025 1.50624e-06
2 47 0.0177025 1.50624e-06
3 47 0.0177025 1.50624e-06
4 47 0.0177025 1.50624e-06
5 47 0.0177025 1.50624e-06
6 47 0.0177025 1.50624e-06
7 47 0.0177025 1.50624e-06
8 47 0.0177025 1.50624e-06
9 47 0.0177025 1.50624e-06
10 47 0.0177025 1.50624e-06
11 47 0.0177025 1.50624e-06
12 47 0.0177025 1.50624e-06
13 47 0.0177025 1.50624e-06
14 47 0.0177025 1.50624e-06
15 47 0.0177025 1.50624e-06
16 47 0.0177025 1.50624e-06
17 47 0.0177025 1.50624e-06
18 47 0.0177025 1.50624e-06
19 47 0.0177025 1.50624e-06
20 47 0.0177025 1.50624e-06

1 48 0.0129361 1.14929e-06
2 48 0.0129361 1.14929e-06
3 48 0.0129361 1.14929e-06
4 48 0.0129361 1.14929e-06
5 48 0.0129361 1.14929e-06
6 48 0.0129361 1.14929e-06
7 48 0.0129361 1.14929e-06
8 48 0.0129361 1.14929e-06
9 48 0.0129361 1.14929e-06
10 48 0.0129361 1.14929e-06
11 48 0.0129361 1.14929e-06
12 48 0.0129361 1.14929e-06
13 48 0.0129361 1.14929e-06
14 48 0.0129361 1.14929e-06
15 48 0.0129361 1.14929e-06
16 48 0.0129361 1.14929e-06
17 48 0.0129361 1.14929e-06
18 48 0.0129361 1.14929e-06
19 48 0.0129361 1.14929e-06
20 48 0.0129361 1.14929e-06

1 49 0.00794752 7.33134e-07
2 49 0.00794752 7.33134e-07
3 49 0.00794752 7.33134e-07
4 49 0.00794752 7.33134e-07
5 49 0.00794752 7.33134e-07
6 49 0.00794752 7.33134e-07
7 49 0.00794752 7.33134e-07
8 49 0.00794752 7.33134e-07
9 49 0.00794752 7.33134e-07
10 49 0.00794752 7.33134e-07
11 49 0.00794752 7.33134e-07
12 49 0.00794752 7.33134e-07
13 49 0.00794752 7.33134e-07
14 49 0.00794752 7.33134e-07
15 49 0.00794752 7.33134e-07
16 49 0.00794752 7.33134e-07
17 49 0.00794752 7.33134e-07
18 49 0.00794752 7.33134e-07
19 49 0.00794752 7.33134e-07
20 49 0.00794752 7.33134e-07

1 50 0.00273633 2.54951e-07
2 50 0.00273633 2.54951e-07
3 50 0.00273633 2.54951e-07
4 50 0.00273633 2.54951e-07
5 50 0.00273633 2.54951e-07
6 50 0.00273633 2.54951e-07
7 50 0.00273633 2.54951e-07
8 50 0.00273633 2.54951e-07
9 50 0.00273633 2.54951e-07
10 50 0.00273633 2.54951e-07
11 50 0.00273633 2.54951e-07
12 50 0.00273633 2.54951e-07
13 50 0.00273633 2.54951e-07
14 50 0.00273633 2.54951e-07
15 50 0.00273633 2.54951e-07
16 50 0.00273633 2.54951e-07
17 50 0.00273633 2.54951e-07
18 50 0.00273633 2.54951e-07
19 50 0.00273633 2.54951e-07
20 50 0.00273633 2.54951e-07

