1 1 2.5e-06 0
2 1 2.5e-06 0
3 1 2.5e-06 0
4 1 2.5e-06 0
5 1 2.5e-06 0
6 1 2.5e-06 0
7 1 2.5e-06 0
8 1 2.5e-06 0
9 1 2.5e-06 0
10 1 2.5e-06 0
11 1 2.5e-06 0
12 1 2.5e-06 0
13 1 2.5e-06 0
14 1 2.5e-06 0
15 1 2.5e-06 0
16 1 2.5e-06 0
17 1 2.5e-06 0
18 1 2.5e-06 0
19 1 2.5e-06 0
20 1 2.5e-06 0

1 2 2.5e-06 0
2 2 2.5e-06 0
3 2 2.5e-06 0
4 2 2.5e-06 0
5 2 2.5e-06 0
6 2 2.5e-06 0
7 2 2.5e-06 0
8 2 2.5e-06 0
9 2 2.5e-06 0
10 2 2.5e-06 0
11 2 2.5e-06 0
12 2 2.5e-06 0
13 2 2.5e-06 0
14 2 2.5e-06 0
15 2 2.5e-06 0
16 2 2.5e-06 0
17 2 2.5e-06 0
18 2 2.5e-06 0
19 2 2.5e-06 0
20 2 2.5e-06 0

1 3 2.5e-06 0
2 3 2.5e-06 0
3 3 2.5e-06 0
4 3 2.5e-06 0
5 3 2.5e-06 0
6 3 2.5e-06 0
7 3 2.5e-06 0
8 3 2.5e-06 0
9 3 2.5e-06 0
10 3 2.5e-06 0
11 3 2.5e-06 0
12 3 2.5e-06 0
13 3 2.5e-06 0
14 3 2.5e-06 0
15 3 2.5e-06 0
16 3 2.5e-06 0
17 3 2.5e-06 0
18 3 2.5e-06 0
19 3 2.5e-06 0
20 3 2.5e-06 0

1 4 2.5e-06 0
2 4 2.5e-06 0
3 4 2.5e-06 0
4 4 2.5e-06 0
5 4 2.5e-06 0
6 4 2.5e-06 0
7 4 2.5e-06 0
8 4 2.5e-06 0
9 4 2.5e-06 0
10 4 2.5e-06 0
11 4 2.5e-06 0
12 4 2.5e-06 0
13 4 2.5e-06 0
14 4 2.5e-06 0
15 4 2.5e-06 0
16 4 2.5e-06 0
17 4 2.5e-06 0
18 4 2.5e-06 0
19 4 2.5e-06 0
20 4 2.5e-06 0

1 5 2.5e-06 0
2 5 2.5e-06 0
3 5 2.5e-06 0
4 5 2.5e-06 0
5 5 2.5e-06 0
6 5 2.5e-06 0
7 5 2.5e-06 0
8 5 2.5e-06 0
9 5 2.5e-06 0
10 5 2.5e-06 0
11 5 2.5e-06 0
12 5 2.5e-06 0
13 5 2.5e-06 0
14 5 2.5e-06 0
15 5 2.5e-06 0
16 5 2.5e-06 0
17 5 2.5e-06 0
18 5 2.5e-06 0
19 5 2.5e-06 0
20 5 2.5e-06 0

1 6 2.5e-06 0
2 6 2.5e-06 0
3 6 2.5e-06 0
4 6 2.5e-06 0
5 6 2.5e-06 0
6 6 2.5e-06 0
7 6 2.5e-06 0
8 6 2.5e-06 0
9 6 2.5e-06 0
10 6 2.5e-06 0
11 6 2.5e-06 0
12 6 2.5e-06 0
13 6 2.5e-06 0
14 6 2.5e-06 0
15 6 2.5e-06 0
16 6 2.5e-06 0
17 6 2.5e-06 0
18 6 2.5e-06 0
19 6 2.5e-06 0
20 6 2.5e-06 0

1 7 2.5e-06 0
2 7 2.5e-06 0
3 7 2.5e-06 0
4 7 2.5e-06 0
5 7 2.5e-06 0
6 7 2.5e-06 0
7 7 2.5e-06 0
8 7 2.5e-06 0
9 7 2.5e-06 0
10 7 2.5e-06 0
11 7 2.5e-06 0
12 7 2.5e-06 0
13 7 2.5e-06 0
14 7 2.5e-06 0
15 7 2.5e-06 0
16 7 2.5e-06 0
17 7 2.5e-06 0
18 7 2.5e-06 0
19 7 2.5e-06 0
20 7 2.5e-06 0

1 8 2.5e-06 0
2 8 2.5e-06 0
3 8 2.5e-06 0
4 8 2.5e-06 0
5 8 2.5e-06 0
6 8 2.5e-06 0
7 8 2.5e-06 0
8 8 2.5e-06 0
9 8 2.5e-06 0
10 8 2.5e-06 0
11 8 2.5e-06 0
12 8 2.5e-06 0
13 8 2.5e-06 0
14 8 2.5e-06 0
15 8 2.5e-06 0
16 8 2.5e-06 0
17 8 2.5e-06 0
18 8 2.5e-06 0
19 8 2.5e-06 0
20 8 2.5e-06 0

1 9 2.5e-06 0
2 9 2.5e-06 0
3 9 2.5e-06 0
4 9 2.5e-06 0
5 9 2.5e-06 0
6 9 2.5e-06 0
7 9 2.5e-06 0
8 9 2.5e-06 0
9 9 2.5e-06 0
10 9 2.5e-06 0
11 9 2.5e-06 0
12 9 2.5e-06 0
13 9 2.5e-06 0
14 9 2.5e-06 0
15 9 2.5e-06 0
16 9 2.5e-06 0
17 9 2.5e-06 0
18 9 2.5e-06 0
19 9 2.5e-06 0
20 9 2.5e-06 0

1 10 2.5e-06 0
2 10 2.5e-06 0
3 10 2.5e-06 0
4 10 2.5e-06 0
5 10 2.5e-06 0
6 10 2.5e-06 0
7 10 2.5e-06 0
8 10 2.5e-06 0
9 10 2.5e-06 0
10 10 2.5e-06 0
11 10 2.5e-06 0
12 10 2.5e-06 0
13 10 2.5e-06 0
14 10 2.5e-06 0
15 10 2.5e-06 0
16 10 2.5e-06 0
17 10 2.5e-06 0
18 10 2.5e-06 0
19 10 2.5e-06 0
20 10 2.5e-06 0

1 11 2.5e-06 0
2 11 2.5e-06 0
3 11 2.5e-06 0
4 11 2.5e-06 0
5 11 2.5e-06 0
6 11 2.5e-06 0
7 11 2.5e-06 0
8 11 2.5e-06 0
9 11 2.5e-06 0
10 11 2.5e-06 0
11 11 2.5e-06 0
12 11 2.5e-06 0
13 11 2.5e-06 0
14 11 2.5e-06 0
15 11 2.5e-06 0
16 11 2.5e-06 0
17 11 2.5e-06 0
18 11 2.5e-06 0
19 11 2.5e-06 0
20 11 2.5e-06 0

1 12 2.5e-06 0
2 12 2.5e-06 0
3 12 2.5e-06 0
4 12 2.5e-06 0
5 12 2.5e-06 0
6 12 2.5e-06 0
7 12 2.5e-06 0
8 12 2.5e-06 0
9 12 2.5e-06 0
10 12 2.5e-06 0
11 12 2.5e-06 0
12 12 2.5e-06 0
13 12 2.5e-06 0
14 12 2.5e-06 0
15 12 2.5e-06 0
16 12 2.5e-06 0
17 12 2.5e-06 0
18 12 2.5e-06 0
19 12 2.5e-06 0
20 12 2.5e-06 0

1 13 2.5e-06 0
2 13 2.5e-06 0
3 13 2.5e-06 0
4 13 2.5e-06 0
5 13 2.5e-06 0
6 13 2.5e-06 0
7 13 2.5e-06 0
8 13 2.5e-06 0
9 13 2.5e-06 0
10 13 2.5e-06 0
11 13 2.5e-06 0
12 13 2.5e-06 0
13 13 2.5e-06 0
14 13 2.5e-06 0
15 13 2.5e-06 0
16 13 2.5e-06 0
17 13 2.5e-06 0
18 13 2.5e-06 0
19 13 2.5e-06 0
20 13 2.5e-06 0

1 14 2.5e-06 0
2 14 2.5e-06 0
3 14 2.5e-06 0
4 14 2.5e-06 0
5 14 2.5e-06 0
6 14 2.5e-06 0
7 14 2.5e-06 0
8 14 2.5e-06 0
9 14 2.5e-06 0
10 14 2.5e-06 0
11 14 2.5e-06 0
12 14 2.5e-06 0
13 14 2.5e-06 0
14 14 2.5e-06 0
15 14 2.5e-06 0
16 14 2.5e-06 0
17 14 2.5e-06 0
18 14 2.5e-06 0
19 14 2.5e-06 0
20 14 2.5e-06 0

1 15 2.5e-06 0
2 15 2.5e-06 0
3 15 2.5e-06 0
4 15 2.5e-06 0
5 15 2.5e-06 0
6 15 2.5e-06 0
7 15 2.5e-06 0
8 15 2.5e-06 0
9 15 2.5e-06 0
10 15 2.5e-06 0
11 15 2.5e-06 0
12 15 2.5e-06 0
13 15 2.5e-06 0
14 15 2.5e-06 0
15 15 2.5e-06 0
16 15 2.5e-06 0
17 15 2.5e-06 0
18 15 2.5e-06 0
19 15 2.5e-06 0
20 15 2.5e-06 0

1 16 2.5e-06 0
2 16 2.5e-06 0
3 16 2.5e-06 0
4 16 2.5e-06 0
5 16 2.5e-06 0
6 16 2.5e-06 0
7 16 2.5e-06 0
8 16 2.5e-06 0
9 16 2.5e-06 0
10 16 2.5e-06 0
11 16 2.5e-06 0
12 16 2.5e-06 0
13 16 2.5e-06 0
14 16 2.5e-06 0
15 16 2.5e-06 0
16 16 2.5e-06 0
17 16 2.5e-06 0
18 16 2.5e-06 0
19 16 2.5e-06 0
20 16 2.5e-06 0

1 17 2.5e-06 0
2 17 2.5e-06 0
3 17 2.5e-06 0
4 17 2.5e-06 0
5 17 2.5e-06 0
6 17 2.5e-06 0
7 17 2.5e-06 0
8 17 2.5e-06 0
9 17 2.5e-06 0
10 17 2.5e-06 0
11 17 2.5e-06 0
12 17 2.5e-06 0
13 17 2.5e-06 0
14 17 2.5e-06 0
15 17 2.5e-06 0
16 17 2.5e-06 0
17 17 2.5e-06 0
18 17 2.5e-06 0
19 17 2.5e-06 0
20 17 2.5e-06 0

1 18 2.5e-06 0
2 18 2.5e-06 0
3 18 2.5e-06 0
4 18 2.5e-06 0
5 18 2.5e-06 0
6 18 2.5e-06 0
7 18 2.5e-06 0
8 18 2.5e-06 0
9 18 2.5e-06 0
10 18 2.5e-06 0
11 18 2.5e-06 0
12 18 2.5e-06 0
13 18 2.5e-06 0
14 18 2.5e-06 0
15 18 2.5e-06 0
16 18 2.5e-06 0
17 18 2.5e-06 0
18 18 2.5e-06 0
19 18 2.5e-06 0
20 18 2.5e-06 0

1 19 2.5e-06 0
2 19 2.5e-06 0
3 19 2.5e-06 0
4 19 2.5e-06 0
5 19 2.5e-06 0
6 19 2.5e-06 0
7 19 2.5e-06 0
8 19 2.5e-06 0
9 19 2.5e-06 0
10 19 2.5e-06 0
11 19 2.5e-06 0
12 19 2.5e-06 0
13 19 2.5e-06 0
14 19 2.5e-06 0
15 19 2.5e-06 0
16 19 2.5e-06 0
17 19 2.5e-06 0
18 19 2.5e-06 0
19 19 2.5e-06 0
20 19 2.5e-06 0

1 20 2.5e-06 0
2 20 2.5e-06 0
3 20 2.5e-06 0
4 20 2.5e-06 0
5 20 2.5e-06 0
6 20 2.5e-06 0
7 20 2.5e-06 0
8 20 2.5e-06 0
9 20 2.5e-06 0
10 20 2.5e-06 0
11 20 2.5e-06 0
12 20 2.5e-06 0
13 20 2.5e-06 0
14 20 2.5e-06 0
15 20 2.5e-06 0
16 20 2.5e-06 0
17 20 2.5e-06 0
18 20 2.5e-06 0
19 20 2.5e-06 0
20 20 2.5e-06 0

1 21 2.5e-06 0
2 21 2.5e-06 0
3 21 2.5e-06 0
4 21 2.5e-06 0
5 21 2.5e-06 0
6 21 2.5e-06 0
7 21 2.5e-06 0
8 21 2.5e-06 0
9 21 2.5e-06 0
10 21 2.5e-06 0
11 21 2.5e-06 0
12 21 2.5e-06 0
13 21 2.5e-06 0
14 21 2.5e-06 0
15 21 2.5e-06 0
16 21 2.5e-06 0
17 21 2.5e-06 0
18 21 2.5e-06 0
19 21 2.5e-06 0
20 21 2.5e-06 0

1 22 2.5e-06 0
2 22 2.5e-06 0
3 22 2.5e-06 0
4 22 2.5e-06 0
5 22 2.5e-06 0
6 22 2.5e-06 0
7 22 2.5e-06 0
8 22 2.5e-06 0
9 22 2.5e-06 0
10 22 2.5e-06 0
11 22 2.5e-06 0
12 22 2.5e-06 0
13 22 2.5e-06 0
14 22 2.5e-06 0
15 22 2.5e-06 0
16 22 2.5e-06 0
17 22 2.5e-06 0
18 22 2.5e-06 0
19 22 2.5e-06 0
20 22 2.5e-06 0

1 23 2.5e-06 0
2 23 2.5e-06 0
3 23 2.5e-06 0
4 23 2.5e-06 0
5 23 2.5e-06 0
6 23 2.5e-06 0
7 23 2.5e-06 0
8 23 2.5e-06 0
9 23 2.5e-06 0
10 23 2.5e-06 0
11 23 2.5e-06 0
12 23 2.5e-06 0
13 23 2.5e-06 0
14 23 2.5e-06 0
15 23 2.5e-06 0
16 23 2.5e-06 0
17 23 2.5e-06 0
18 23 2.5e-06 0
19 23 2.5e-06 0
20 23 2.5e-06 0

1 24 2.5e-06 0
2 24 2.5e-06 0
3 24 2.5e-06 0
4 24 2.5e-06 0
5 24 2.5e-06 0
6 24 2.5e-06 0
7 24 2.5e-06 0
8 24 2.5e-06 0
9 24 2.5e-06 0
10 24 2.5e-06 0
11 24 2.5e-06 0
12 24 2.5e-06 0
13 24 2.5e-06 0
14 24 2.5e-06 0
15 24 2.5e-06 0
16 24 2.5e-06 0
17 24 2.5e-06 0
18 24 2.5e-06 0
19 24 2.5e-06 0
20 24 2.5e-06 0

1 25 2.5e-06 0
2 25 2.5e-06 0
3 25 2.5e-06 0
4 25 2.5e-06 0
5 25 2.5e-06 0
6 25 2.5e-06 0
7 25 2.5e-06 0
8 25 2.5e-06 0
9 25 2.5e-06 0
10 25 2.5e-06 0
11 25 2.5e-06 0
12 25 2.5e-06 0
13 25 2.5e-06 0
14 25 2.5e-06 0
15 25 2.5e-06 0
16 25 2.5e-06 0
17 25 2.5e-06 0
18 25 2.5e-06 0
19 25 2.5e-06 0
20 25 2.5e-06 0

1 26 2.5e-06 0
2 26 2.5e-06 0
3 26 2.5e-06 0
4 26 2.5e-06 0
5 26 2.5e-06 0
6 26 2.5e-06 0
7 26 2.5e-06 0
8 26 2.5e-06 0
9 26 2.5e-06 0
10 26 2.5e-06 0
11 26 2.5e-06 0
12 26 2.5e-06 0
13 26 2.5e-06 0
14 26 2.5e-06 0
15 26 2.5e-06 0
16 26 2.5e-06 0
17 26 2.5e-06 0
18 26 2.5e-06 0
19 26 2.5e-06 0
20 26 2.5e-06 0

1 27 2.5e-06 0
2 27 2.5e-06 0
3 27 2.5e-06 0
4 27 2.5e-06 0
5 27 2.5e-06 0
6 27 2.5e-06 0
7 27 2.5e-06 0
8 27 2.5e-06 0
9 27 2.5e-06 0
10 27 2.5e-06 0
11 27 2.5e-06 0
12 27 2.5e-06 0
13 27 2.5e-06 0
14 27 2.5e-06 0
15 27 2.5e-06 0
16 27 2.5e-06 0
17 27 2.5e-06 0
18 27 2.5e-06 0
19 27 2.5e-06 0
20 27 2.5e-06 0

1 28 2.5e-06 0
2 28 2.5e-06 0
3 28 2.5e-06 0
4 28 2.5e-06 0
5 28 2.5e-06 0
6 28 2.5e-06 0
7 28 2.5e-06 0
8 28 2.5e-06 0
9 28 2.5e-06 0
10 28 2.5e-06 0
11 28 2.5e-06 0
12 28 2.5e-06 0
13 28 2.5e-06 0
14 28 2.5e-06 0
15 28 2.5e-06 0
16 28 2.5e-06 0
17 28 2.5e-06 0
18 28 2.5e-06 0
19 28 2.5e-06 0
20 28 2.5e-06 0

1 29 2.5e-06 0
2 29 2.5e-06 0
3 29 2.5e-06 0
4 29 2.5e-06 0
5 29 2.5e-06 0
6 29 2.5e-06 0
7 29 2.5e-06 0
8 29 2.5e-06 0
9 29 2.5e-06 0
10 29 2.5e-06 0
11 29 2.5e-06 0
12 29 2.5e-06 0
13 29 2.5e-06 0
14 29 2.5e-06 0
15 29 2.5e-06 0
16 29 2.5e-06 0
17 29 2.5e-06 0
18 29 2.5e-06 0
19 29 2.5e-06 0
20 29 2.5e-06 0

1 30 2.5e-06 0
2 30 2.5e-06 0
3 30 2.5e-06 0
4 30 2.5e-06 0
5 30 2.5e-06 0
6 30 2.5e-06 0
7 30 2.5e-06 0
8 30 2.5e-06 0
9 30 2.5e-06 0
10 30 2.5e-06 0
11 30 2.5e-06 0
12 30 2.5e-06 0
13 30 2.5e-06 0
14 30 2.5e-06 0
15 30 2.5e-06 0
16 30 2.5e-06 0
17 30 2.5e-06 0
18 30 2.5e-06 0
19 30 2.5e-06 0
20 30 2.5e-06 0

1 31 2.5e-06 0
2 31 2.5e-06 0
3 31 2.5e-06 0
4 31 2.5e-06 0
5 31 2.5e-06 0
6 31 2.5e-06 0
7 31 2.5e-06 0
8 31 2.5e-06 0
9 31 2.5e-06 0
10 31 2.5e-06 0
11 31 2.5e-06 0
12 31 2.5e-06 0
13 31 2.5e-06 0
14 31 2.5e-06 0
15 31 2.5e-06 0
16 31 2.5e-06 0
17 31 2.5e-06 0
18 31 2.5e-06 0
19 31 2.5e-06 0
20 31 2.5e-06 0

1 32 2.5e-06 0
2 32 2.5e-06 0
3 32 2.5e-06 0
4 32 2.5e-06 0
5 32 2.5e-06 0
6 32 2.5e-06 0
7 32 2.5e-06 0
8 32 2.5e-06 0
9 32 2.5e-06 0
10 32 2.5e-06 0
11 32 2.5e-06 0
12 32 2.5e-06 0
13 32 2.5e-06 0
14 32 2.5e-06 0
15 32 2.5e-06 0
16 32 2.5e-06 0
17 32 2.5e-06 0
18 32 2.5e-06 0
19 32 2.5e-06 0
20 32 2.5e-06 0

1 33 2.5e-06 0
2 33 2.5e-06 0
3 33 2.5e-06 0
4 33 2.5e-06 0
5 33 2.5e-06 0
6 33 2.5e-06 0
7 33 2.5e-06 0
8 33 2.5e-06 0
9 33 2.5e-06 0
10 33 2.5e-06 0
11 33 2.5e-06 0
12 33 2.5e-06 0
13 33 2.5e-06 0
14 33 2.5e-06 0
15 33 2.5e-06 0
16 33 2.5e-06 0
17 33 2.5e-06 0
18 33 2.5e-06 0
19 33 2.5e-06 0
20 33 2.5e-06 0

1 34 2.5e-06 0
2 34 2.5e-06 0
3 34 2.5e-06 0
4 34 2.5e-06 0
5 34 2.5e-06 0
6 34 2.5e-06 0
7 34 2.5e-06 0
8 34 2.5e-06 0
9 34 2.5e-06 0
10 34 2.5e-06 0
11 34 2.5e-06 0
12 34 2.5e-06 0
13 34 2.5e-06 0
14 34 2.5e-06 0
15 34 2.5e-06 0
16 34 2.5e-06 0
17 34 2.5e-06 0
18 34 2.5e-06 0
19 34 2.5e-06 0
20 34 2.5e-06 0

1 35 2.5e-06 0
2 35 2.5e-06 0
3 35 2.5e-06 0
4 35 2.5e-06 0
5 35 2.5e-06 0
6 35 2.5e-06 0
7 35 2.5e-06 0
8 35 2.5e-06 0
9 35 2.5e-06 0
10 35 2.5e-06 0
11 35 2.5e-06 0
12 35 2.5e-06 0
13 35 2.5e-06 0
14 35 2.5e-06 0
15 35 2.5e-06 0
16 35 2.5e-06 0
17 35 2.5e-06 0
18 35 2.5e-06 0
19 35 2.5e-06 0
20 35 2.5e-06 0

1 36 2.5e-06 0
2 36 2.5e-06 0
3 36 2.5e-06 0
4 36 2.5e-06 0
5 36 2.5e-06 0
6 36 2.5e-06 0
7 36 2.5e-06 0
8 36 2.5e-06 0
9 36 2.5e-06 0
10 36 2.5e-06 0
11 36 2.5e-06 0
12 36 2.5e-06 0
13 36 2.5e-06 0
14 36 2.5e-06 0
15 36 2.5e-06 0
16 36 2.5e-06 0
17 36 2.5e-06 0
18 36 2.5e-06 0
19 36 2.5e-06 0
20 36 2.5e-06 0

1 37 2.5e-06 0
2 37 2.5e-06 0
3 37 2.5e-06 0
4 37 2.5e-06 0
5 37 2.5e-06 0
6 37 2.5e-06 0
7 37 2.5e-06 0
8 37 2.5e-06 0
9 37 2.5e-06 0
10 37 2.5e-06 0
11 37 2.5e-06 0
12 37 2.5e-06 0
13 37 2.5e-06 0
14 37 2.5e-06 0
15 37 2.5e-06 0
16 37 2.5e-06 0
17 37 2.5e-06 0
18 37 2.5e-06 0
19 37 2.5e-06 0
20 37 2.5e-06 0

1 38 2.5e-06 0
2 38 2.5e-06 0
3 38 2.5e-06 0
4 38 2.5e-06 0
5 38 2.5e-06 0
6 38 2.5e-06 0
7 38 2.5e-06 0
8 38 2.5e-06 0
9 38 2.5e-06 0
10 38 2.5e-06 0
11 38 2.5e-06 0
12 38 2.5e-06 0
13 38 2.5e-06 0
14 38 2.5e-06 0
15 38 2.5e-06 0
16 38 2.5e-06 0
17 38 2.5e-06 0
18 38 2.5e-06 0
19 38 2.5e-06 0
20 38 2.5e-06 0

1 39 2.5e-06 0
2 39 2.5e-06 0
3 39 2.5e-06 0
4 39 2.5e-06 0
5 39 2.5e-06 0
6 39 2.5e-06 0
7 39 2.5e-06 0
8 39 2.5e-06 0
9 39 2.5e-06 0
10 39 2.5e-06 0
11 39 2.5e-06 0
12 39 2.5e-06 0
13 39 2.5e-06 0
14 39 2.5e-06 0
15 39 2.5e-06 0
16 39 2.5e-06 0
17 39 2.5e-06 0
18 39 2.5e-06 0
19 39 2.5e-06 0
20 39 2.5e-06 0

1 40 2.5e-06 0
2 40 2.5e-06 0
3 40 2.5e-06 0
4 40 2.5e-06 0
5 40 2.5e-06 0
6 40 2.5e-06 0
7 40 2.5e-06 0
8 40 2.5e-06 0
9 40 2.5e-06 0
10 40 2.5e-06 0
11 40 2.5e-06 0
12 40 2.5e-06 0
13 40 2.5e-06 0
14 40 2.5e-06 0
15 40 2.5e-06 0
16 40 2.5e-06 0
17 40 2.5e-06 0
18 40 2.5e-06 0
19 40 2.5e-06 0
20 40 2.5e-06 0

1 41 2.5e-06 0
2 41 2.5e-06 0
3 41 2.5e-06 0
4 41 2.5e-06 0
5 41 2.5e-06 0
6 41 2.5e-06 0
7 41 2.5e-06 0
8 41 2.5e-06 0
9 41 2.5e-06 0
10 41 2.5e-06 0
11 41 2.5e-06 0
12 41 2.5e-06 0
13 41 2.5e-06 0
14 41 2.5e-06 0
15 41 2.5e-06 0
16 41 2.5e-06 0
17 41 2.5e-06 0
18 41 2.5e-06 0
19 41 2.5e-06 0
20 41 2.5e-06 0

1 42 2.5e-06 0
2 42 2.5e-06 0
3 42 2.5e-06 0
4 42 2.5e-06 0
5 42 2.5e-06 0
6 42 2.5e-06 0
7 42 2.5e-06 0
8 42 2.5e-06 0
9 42 2.5e-06 0
10 42 2.5e-06 0
11 42 2.5e-06 0
12 42 2.5e-06 0
13 42 2.5e-06 0
14 42 2.5e-06 0
15 42 2.5e-06 0
16 42 2.5e-06 0
17 42 2.5e-06 0
18 42 2.5e-06 0
19 42 2.5e-06 0
20 42 2.5e-06 0

1 43 2.5e-06 0
2 43 2.5e-06 0
3 43 2.5e-06 0
4 43 2.5e-06 0
5 43 2.5e-06 0
6 43 2.5e-06 0
7 43 2.5e-06 0
8 43 2.5e-06 0
9 43 2.5e-06 0
10 43 2.5e-06 0
11 43 2.5e-06 0
12 43 2.5e-06 0
13 43 2.5e-06 0
14 43 2.5e-06 0
15 43 2.5e-06 0
16 43 2.5e-06 0
17 43 2.5e-06 0
18 43 2.5e-06 0
19 43 2.5e-06 0
20 43 2.5e-06 0

1 44 2.5e-06 0
2 44 2.5e-06 0
3 44 2.5e-06 0
4 44 2.5e-06 0
5 44 2.5e-06 0
6 44 2.5e-06 0
7 44 2.5e-06 0
8 44 2.5e-06 0
9 44 2.5e-06 0
10 44 2.5e-06 0
11 44 2.5e-06 0
12 44 2.5e-06 0
13 44 2.5e-06 0
14 44 2.5e-06 0
15 44 2.5e-06 0
16 44 2.5e-06 0
17 44 2.5e-06 0
18 44 2.5e-06 0
19 44 2.5e-06 0
20 44 2.5e-06 0

1 45 2.5e-06 0
2 45 2.5e-06 0
3 45 2.5e-06 0
4 45 2.5e-06 0
5 45 2.5e-06 0
6 45 2.5e-06 0
7 45 2.5e-06 0
8 45 2.5e-06 0
9 45 2.5e-06 0
10 45 2.5e-06 0
11 45 2.5e-06 0
12 45 2.5e-06 0
13 45 2.5e-06 0
14 45 2.5e-06 0
15 45 2.5e-06 0
16 45 2.5e-06 0
17 45 2.5e-06 0
18 45 2.5e-06 0
19 45 2.5e-06 0
20 45 2.5e-06 0

1 46 2.5e-06 0
2 46 2.5e-06 0
3 46 2.5e-06 0
4 46 2.5e-06 0
5 46 2.5e-06 0
6 46 2.5e-06 0
7 46 2.5e-06 0
8 46 2.5e-06 0
9 46 2.5e-06 0
10 46 2.5e-06 0
11 46 2.5e-06 0
12 46 2.5e-06 0
13 46 2.5e-06 0
14 46 2.5e-06 0
15 46 2.5e-06 0
16 46 2.5e-06 0
17 46 2.5e-06 0
18 46 2.5e-06 0
19 46 2.5e-06 0
20 46 2.5e-06 0

1 47 2.5e-06 0
2 47 2.5e-06 0
3 47 2.5e-06 0
4 47 2.5e-06 0
5 47 2.5e-06 0
6 47 2.5e-06 0
7 47 2.5e-06 0
8 47 2.5e-06 0
9 47 2.5e-06 0
10 47 2.5e-06 0
11 47 2.5e-06 0
12 47 2.5e-06 0
13 47 2.5e-06 0
14 47 2.5e-06 0
15 47 2.5e-06 0
16 47 2.5e-06 0
17 47 2.5e-06 0
18 47 2.5e-06 0
19 47 2.5e-06 0
20 47 2.5e-06 0

1 48 2.5e-06 0
2 48 2.5e-06 0
3 48 2.5e-06 0
4 48 2.5e-06 0
5 48 2.5e-06 0
6 48 2.5e-06 0
7 48 2.5e-06 0
8 48 2.5e-06 0
9 48 2.5e-06 0
10 48 2.5e-06 0
11 48 2.5e-06 0
12 48 2.5e-06 0
13 48 2.5e-06 0
14 48 2.5e-06 0
15 48 2.5e-06 0
16 48 2.5e-06 0
17 48 2.5e-06 0
18 48 2.5e-06 0
19 48 2.5e-06 0
20 48 2.5e-06 0

1 49 2.5e-06 0
2 49 2.5e-06 0
3 49 2.5e-06 0
4 49 2.5e-06 0
5 49 2.5e-06 0
6 49 2.5e-06 0
7 49 2.5e-06 0
8 49 2.5e-06 0
9 49 2.5e-06 0
10 49 2.5e-06 0
11 49 2.5e-06 0
12 49 2.5e-06 0
13 49 2.5e-06 0
14 49 2.5e-06 0
15 49 2.5e-06 0
16 49 2.5e-06 0
17 49 2.5e-06 0
18 49 2.5e-06 0
19 49 2.5e-06 0
20 49 2.5e-06 0

1 50 2.5e-06 0
2 50 2.5e-06 0
3 50 2.5e-06 0
4 50 2.5e-06 0
5 50 2.5e-06 0
6 50 2.5e-06 0
7 50 2.5e-06 0
8 50 2.5e-06 0
9 50 2.5e-06 0
10 50 2.5e-06 0
11 50 2.5e-06 0
12 50 2.5e-06 0
13 50 2.5e-06 0
14 50 2.5e-06 0
15 50 2.5e-06 0
16 50 2.5e-06 0
17 50 2.5e-06 0
18 50 2.5e-06 0
19 50 2.5e-06 0
20 50 2.5e-06 0

