1 1 0.0100787 3.57353e-16
2 1 0.0100787 3.57353e-16
3 1 0.0100787 3.57353e-16
4 1 0.0100787 3.57353e-16
5 1 0.0100787 3.57353e-16
6 1 0.0100787 3.57353e-16
7 1 0.0100787 3.57353e-16
8 1 0.0100787 3.57353e-16
9 1 0.0100787 3.57353e-16
10 1 0.0100787 3.57353e-16
11 1 0.0100787 3.57353e-16
12 1 0.0100787 3.57353e-16
13 1 0.0100787 3.57353e-16
14 1 0.0100787 3.57353e-16
15 1 0.0100787 3.57353e-16
16 1 0.0100787 3.57353e-16
17 1 0.0100787 3.57353e-16
18 1 0.0100787 3.57353e-16
19 1 0.0100787 3.57353e-16
20 1 0.0100787 3.57353e-16

1 2 0.0296565 -1.17267e-15
2 2 0.0296565 -1.17267e-15
3 2 0.0296565 -1.17267e-15
4 2 0.0296565 -1.17267e-15
5 2 0.0296565 -1.17267e-15
6 2 0.0296565 -1.17267e-15
7 2 0.0296565 -1.17267e-15
8 2 0.0296565 -1.17267e-15
9 2 0.0296565 -1.17267e-15
10 2 0.0296565 -1.17267e-15
11 2 0.0296565 -1.17267e-15
12 2 0.0296565 -1.17267e-15
13 2 0.0296565 -1.17267e-15
14 2 0.0296565 -1.17267e-15
15 2 0.0296565 -1.17267e-15
16 2 0.0296565 -1.17267e-15
17 2 0.0296565 -1.17267e-15
18 2 0.0296565 -1.17267e-15
19 2 0.0296565 -1.17267e-15
20 2 0.0296565 -1.17267e-15

1 3 0.048346 -1.38778e-17
2 3 0.048346 -1.38778e-17
3 3 0.048346 -1.38778e-17
4 3 0.048346 -1.38778e-17
5 3 0.048346 -1.38778e-17
6 3 0.048346 -1.38778e-17
7 3 0.048346 -1.38778e-17
8 3 0.048346 -1.38778e-17
9 3 0.048346 -1.38778e-17
10 3 0.048346 -1.38778e-17
11 3 0.048346 -1.38778e-17
12 3 0.048346 -1.38778e-17
13 3 0.048346 -1.38778e-17
14 3 0.048346 -1.38778e-17
15 3 0.048346 -1.38778e-17
16 3 0.048346 -1.38778e-17
17 3 0.048346 -1.38778e-17
18 3 0.048346 -1.38778e-17
19 3 0.048346 -1.38778e-17
20 3 0.048346 -1.38778e-17

1 4 0.0661551 -1.76248e-15
2 4 0.0661551 -1.76248e-15
3 4 0.0661551 -1.76248e-15
4 4 0.0661551 -1.76248e-15
5 4 0.0661551 -1.76248e-15
6 4 0.0661551 -1.76248e-15
7 4 0.0661551 -1.76248e-15
8 4 0.0661551 -1.76248e-15
9 4 0.0661551 -1.76248e-15
10 4 0.0661551 -1.76248e-15
11 4 0.0661551 -1.76248e-15
12 4 0.0661551 -1.76248e-15
13 4 0.0661551 -1.76248e-15
14 4 0.0661551 -1.76248e-15
15 4 0.0661551 -1.76248e-15
16 4 0.0661551 -1.76248e-15
17 4 0.0661551 -1.76248e-15
18 4 0.0661551 -1.76248e-15
19 4 0.0661551 -1.76248e-15
20 4 0.0661551 -1.76248e-15

1 5 0.0830918 -4.57967e-16
2 5 0.0830918 -4.57967e-16
3 5 0.0830918 -4.57967e-16
4 5 0.0830918 -4.57967e-16
5 5 0.0830918 -4.57967e-16
6 5 0.0830918 -4.57967e-16
7 5 0.0830918 -4.57967e-16
8 5 0.0830918 -4.57967e-16
9 5 0.0830918 -4.57967e-16
10 5 0.0830918 -4.57967e-16
11 5 0.0830918 -4.57967e-16
12 5 0.0830918 -4.57967e-16
13 5 0.0830918 -4.57967e-16
14 5 0.0830918 -4.57967e-16
15 5 0.0830918 -4.57967e-16
16 5 0.0830918 -4.57967e-16
17 5 0.0830918 -4.57967e-16
18 5 0.0830918 -4.57967e-16
19 5 0.0830918 -4.57967e-16
20 5 0.0830918 -4.57967e-16

1 6 0.0991637 -2.14412e-15
2 6 0.0991637 -2.14412e-15
3 6 0.0991637 -2.14412e-15
4 6 0.0991637 -2.14412e-15
5 6 0.0991637 -2.14412e-15
6 6 0.0991637 -2.14412e-15
7 6 0.0991637 -2.14412e-15
8 6 0.0991637 -2.14412e-15
9 6 0.0991637 -2.14412e-15
10 6 0.0991637 -2.14412e-15
11 6 0.0991637 -2.14412e-15
12 6 0.0991637 -2.14412e-15
13 6 0.0991637 -2.14412e-15
14 6 0.0991637 -2.14412e-15
15 6 0.0991637 -2.14412e-15
16 6 0.0991637 -2.14412e-15
17 6 0.0991637 -2.14412e-15
18 6 0.0991637 -2.14412e-15
19 6 0.0991637 -2.14412e-15
20 6 0.0991637 -2.14412e-15

1 7 0.114379 -8.18789e-16
2 7 0.114379 -8.18789e-16
3 7 0.114379 -8.18789e-16
4 7 0.114379 -8.18789e-16
5 7 0.114379 -8.18789e-16
6 7 0.114379 -8.18789e-16
7 7 0.114379 -8.18789e-16
8 7 0.114379 -8.18789e-16
9 7 0.114379 -8.18789e-16
10 7 0.114379 -8.18789e-16
11 7 0.114379 -8.18789e-16
12 7 0.114379 -8.18789e-16
13 7 0.114379 -8.18789e-16
14 7 0.114379 -8.18789e-16
15 7 0.114379 -8.18789e-16
16 7 0.114379 -8.18789e-16
17 7 0.114379 -8.18789e-16
18 7 0.114379 -8.18789e-16
19 7 0.114379 -8.18789e-16
20 7 0.114379 -8.18789e-16

1 8 0.128744 -2.83801e-15
2 8 0.128744 -2.83801e-15
3 8 0.128744 -2.83801e-15
4 8 0.128744 -2.83801e-15
5 8 0.128744 -2.83801e-15
6 8 0.128744 -2.83801e-15
7 8 0.128744 -2.83801e-15
8 8 0.128744 -2.83801e-15
9 8 0.128744 -2.83801e-15
10 8 0.128744 -2.83801e-15
11 8 0.128744 -2.83801e-15
12 8 0.128744 -2.83801e-15
13 8 0.128744 -2.83801e-15
14 8 0.128744 -2.83801e-15
15 8 0.128744 -2.83801e-15
16 8 0.128744 -2.83801e-15
17 8 0.128744 -2.83801e-15
18 8 0.128744 -2.83801e-15
19 8 0.128744 -2.83801e-15
20 8 0.128744 -2.83801e-15

1 9 0.142267 -1.61676e-15
2 9 0.142267 -1.61676e-15
3 9 0.142267 -1.61676e-15
4 9 0.142267 -1.61676e-15
5 9 0.142267 -1.61676e-15
6 9 0.142267 -1.61676e-15
7 9 0.142267 -1.61676e-15
8 9 0.142267 -1.61676e-15
9 9 0.142267 -1.61676e-15
10 9 0.142267 -1.61676e-15
11 9 0.142267 -1.61676e-15
12 9 0.142267 -1.61676e-15
13 9 0.142267 -1.61676e-15
14 9 0.142267 -1.61676e-15
15 9 0.142267 -1.61676e-15
16 9 0.142267 -1.61676e-15
17 9 0.142267 -1.61676e-15
18 9 0.142267 -1.61676e-15
19 9 0.142267 -1.61676e-15
20 9 0.142267 -1.61676e-15

1 10 0.154955 -3.67067e-15
2 10 0.154955 -3.67067e-15
3 10 0.154955 -3.67067e-15
4 10 0.154955 -3.67067e-15
5 10 0.154955 -3.67067e-15
6 10 0.154955 -3.67067e-15
7 10 0.154955 -3.67067e-15
8 10 0.154955 -3.67067e-15
9 10 0.154955 -3.67067e-15
10 10 0.154955 -3.67067e-15
11 10 0.154955 -3.67067e-15
12 10 0.154955 -3.67067e-15
13 10 0.154955 -3.67067e-15
14 10 0.154955 -3.67067e-15
15 10 0.154955 -3.67067e-15
16 10 0.154955 -3.67067e-15
17 10 0.154955 -3.67067e-15
18 10 0.154955 -3.67067e-15
19 10 0.154955 -3.67067e-15
20 10 0.154955 -3.67067e-15

1 11 0.166814 -2.38004e-15
2 11 0.166814 -2.38004e-15
3 11 0.166814 -2.38004e-15
4 11 0.166814 -2.38004e-15
5 11 0.166814 -2.38004e-15
6 11 0.166814 -2.38004e-15
7 11 0.166814 -2.38004e-15
8 11 0.166814 -2.38004e-15
9 11 0.166814 -2.38004e-15
10 11 0.166814 -2.38004e-15
11 11 0.166814 -2.38004e-15
12 11 0.166814 -2.38004e-15
13 11 0.166814 -2.38004e-15
14 11 0.166814 -2.38004e-15
15 11 0.166814 -2.38004e-15
16 11 0.166814 -2.38004e-15
17 11 0.166814 -2.38004e-15
18 11 0.166814 -2.38004e-15
19 11 0.166814 -2.38004e-15
20 11 0.166814 -2.38004e-15

1 12 0.177851 -4.35069e-15
2 12 0.177851 -4.35069e-15
3 12 0.177851 -4.35069e-15
4 12 0.177851 -4.35069e-15
5 12 0.177851 -4.35069e-15
6 12 0.177851 -4.35069e-15
7 12 0.177851 -4.35069e-15
8 12 0.177851 -4.35069e-15
9 12 0.177851 -4.35069e-15
10 12 0.177851 -4.35069e-15
11 12 0.177851 -4.35069e-15
12 12 0.177851 -4.35069e-15
13 12 0.177851 -4.35069e-15
14 12 0.177851 -4.35069e-15
15 12 0.177851 -4.35069e-15
16 12 0.177851 -4.35069e-15
17 12 0.177851 -4.35069e-15
18 12 0.177851 -4.35069e-15
19 12 0.177851 -4.35069e-15
20 12 0.177851 -4.35069e-15

1 13 0.188072 -3.06699e-15
2 13 0.188072 -3.06699e-15
3 13 0.188072 -3.06699e-15
4 13 0.188072 -3.06699e-15
5 13 0.188072 -3.06699e-15
6 13 0.188072 -3.06699e-15
7 13 0.188072 -3.06699e-15
8 13 0.188072 -3.06699e-15
9 13 0.188072 -3.06699e-15
10 13 0.188072 -3.06699e-15
11 13 0.188072 -3.06699e-15
12 13 0.188072 -3.06699e-15
13 13 0.188072 -3.06699e-15
14 13 0.188072 -3.06699e-15
15 13 0.188072 -3.06699e-15
16 13 0.188072 -3.06699e-15
17 13 0.188072 -3.06699e-15
18 13 0.188072 -3.06699e-15
19 13 0.188072 -3.06699e-15
20 13 0.188072 -3.06699e-15

1 14 0.197484 -4.89886e-15
2 14 0.197484 -4.89886e-15
3 14 0.197484 -4.89886e-15
4 14 0.197484 -4.89886e-15
5 14 0.197484 -4.89886e-15
6 14 0.197484 -4.89886e-15
7 14 0.197484 -4.89886e-15
8 14 0.197484 -4.89886e-15
9 14 0.197484 -4.89886e-15
10 14 0.197484 -4.89886e-15
11 14 0.197484 -4.89886e-15
12 14 0.197484 -4.89886e-15
13 14 0.197484 -4.89886e-15
14 14 0.197484 -4.89886e-15
15 14 0.197484 -4.89886e-15
16 14 0.197484 -4.89886e-15
17 14 0.197484 -4.89886e-15
18 14 0.197484 -4.89886e-15
19 14 0.197484 -4.89886e-15
20 14 0.197484 -4.89886e-15

1 15 0.206091 -3.61516e-15
2 15 0.206091 -3.61516e-15
3 15 0.206091 -3.61516e-15
4 15 0.206091 -3.61516e-15
5 15 0.206091 -3.61516e-15
6 15 0.206091 -3.61516e-15
7 15 0.206091 -3.61516e-15
8 15 0.206091 -3.61516e-15
9 15 0.206091 -3.61516e-15
10 15 0.206091 -3.61516e-15
11 15 0.206091 -3.61516e-15
12 15 0.206091 -3.61516e-15
13 15 0.206091 -3.61516e-15
14 15 0.206091 -3.61516e-15
15 15 0.206091 -3.61516e-15
16 15 0.206091 -3.61516e-15
17 15 0.206091 -3.61516e-15
18 15 0.206091 -3.61516e-15
19 15 0.206091 -3.61516e-15
20 15 0.206091 -3.61516e-15

1 16 0.213898 -5.61357e-15
2 16 0.213898 -5.61357e-15
3 16 0.213898 -5.61357e-15
4 16 0.213898 -5.61357e-15
5 16 0.213898 -5.61357e-15
6 16 0.213898 -5.61357e-15
7 16 0.213898 -5.61357e-15
8 16 0.213898 -5.61357e-15
9 16 0.213898 -5.61357e-15
10 16 0.213898 -5.61357e-15
11 16 0.213898 -5.61357e-15
12 16 0.213898 -5.61357e-15
13 16 0.213898 -5.61357e-15
14 16 0.213898 -5.61357e-15
15 16 0.213898 -5.61357e-15
16 16 0.213898 -5.61357e-15
17 16 0.213898 -5.61357e-15
18 16 0.213898 -5.61357e-15
19 16 0.213898 -5.61357e-15
20 16 0.213898 -5.61357e-15

1 17 0.220911 -4.30905e-15
2 17 0.220911 -4.30905e-15
3 17 0.220911 -4.30905e-15
4 17 0.220911 -4.30905e-15
5 17 0.220911 -4.30905e-15
6 17 0.220911 -4.30905e-15
7 17 0.220911 -4.30905e-15
8 17 0.220911 -4.30905e-15
9 17 0.220911 -4.30905e-15
10 17 0.220911 -4.30905e-15
11 17 0.220911 -4.30905e-15
12 17 0.220911 -4.30905e-15
13 17 0.220911 -4.30905e-15
14 17 0.220911 -4.30905e-15
15 17 0.220911 -4.30905e-15
16 17 0.220911 -4.30905e-15
17 17 0.220911 -4.30905e-15
18 17 0.220911 -4.30905e-15
19 17 0.220911 -4.30905e-15
20 17 0.220911 -4.30905e-15

1 18 0.227134 -6.18255e-15
2 18 0.227134 -6.18255e-15
3 18 0.227134 -6.18255e-15
4 18 0.227134 -6.18255e-15
5 18 0.227134 -6.18255e-15
6 18 0.227134 -6.18255e-15
7 18 0.227134 -6.18255e-15
8 18 0.227134 -6.18255e-15
9 18 0.227134 -6.18255e-15
10 18 0.227134 -6.18255e-15
11 18 0.227134 -6.18255e-15
12 18 0.227134 -6.18255e-15
13 18 0.227134 -6.18255e-15
14 18 0.227134 -6.18255e-15
15 18 0.227134 -6.18255e-15
16 18 0.227134 -6.18255e-15
17 18 0.227134 -6.18255e-15
18 18 0.227134 -6.18255e-15
19 18 0.227134 -6.18255e-15
20 18 0.227134 -6.18255e-15

1 19 0.23257 -4.41314e-15
2 19 0.23257 -4.41314e-15
3 19 0.23257 -4.41314e-15
4 19 0.23257 -4.41314e-15
5 19 0.23257 -4.41314e-15
6 19 0.23257 -4.41314e-15
7 19 0.23257 -4.41314e-15
8 19 0.23257 -4.41314e-15
9 19 0.23257 -4.41314e-15
10 19 0.23257 -4.41314e-15
11 19 0.23257 -4.41314e-15
12 19 0.23257 -4.41314e-15
13 19 0.23257 -4.41314e-15
14 19 0.23257 -4.41314e-15
15 19 0.23257 -4.41314e-15
16 19 0.23257 -4.41314e-15
17 19 0.23257 -4.41314e-15
18 19 0.23257 -4.41314e-15
19 19 0.23257 -4.41314e-15
20 19 0.23257 -4.41314e-15

1 20 0.237223 -6.29358e-15
2 20 0.237223 -6.29358e-15
3 20 0.237223 -6.29358e-15
4 20 0.237223 -6.29358e-15
5 20 0.237223 -6.29358e-15
6 20 0.237223 -6.29358e-15
7 20 0.237223 -6.29358e-15
8 20 0.237223 -6.29358e-15
9 20 0.237223 -6.29358e-15
10 20 0.237223 -6.29358e-15
11 20 0.237223 -6.29358e-15
12 20 0.237223 -6.29358e-15
13 20 0.237223 -6.29358e-15
14 20 0.237223 -6.29358e-15
15 20 0.237223 -6.29358e-15
16 20 0.237223 -6.29358e-15
17 20 0.237223 -6.29358e-15
18 20 0.237223 -6.29358e-15
19 20 0.237223 -6.29358e-15
20 20 0.237223 -6.29358e-15

1 21 0.241096 -4.76008e-15
2 21 0.241096 -4.76008e-15
3 21 0.241096 -4.76008e-15
4 21 0.241096 -4.76008e-15
5 21 0.241096 -4.76008e-15
6 21 0.241096 -4.76008e-15
7 21 0.241096 -4.76008e-15
8 21 0.241096 -4.76008e-15
9 21 0.241096 -4.76008e-15
10 21 0.241096 -4.76008e-15
11 21 0.241096 -4.76008e-15
12 21 0.241096 -4.76008e-15
13 21 0.241096 -4.76008e-15
14 21 0.241096 -4.76008e-15
15 21 0.241096 -4.76008e-15
16 21 0.241096 -4.76008e-15
17 21 0.241096 -4.76008e-15
18 21 0.241096 -4.76008e-15
19 21 0.241096 -4.76008e-15
20 21 0.241096 -4.76008e-15

1 22 0.244191 -6.70297e-15
2 22 0.244191 -6.70297e-15
3 22 0.244191 -6.70297e-15
4 22 0.244191 -6.70297e-15
5 22 0.244191 -6.70297e-15
6 22 0.244191 -6.70297e-15
7 22 0.244191 -6.70297e-15
8 22 0.244191 -6.70297e-15
9 22 0.244191 -6.70297e-15
10 22 0.244191 -6.70297e-15
11 22 0.244191 -6.70297e-15
12 22 0.244191 -6.70297e-15
13 22 0.244191 -6.70297e-15
14 22 0.244191 -6.70297e-15
15 22 0.244191 -6.70297e-15
16 22 0.244191 -6.70297e-15
17 22 0.244191 -6.70297e-15
18 22 0.244191 -6.70297e-15
19 22 0.244191 -6.70297e-15
20 22 0.244191 -6.70297e-15

1 23 0.246511 -4.88498e-15
2 23 0.246511 -4.88498e-15
3 23 0.246511 -4.88498e-15
4 23 0.246511 -4.88498e-15
5 23 0.246511 -4.88498e-15
6 23 0.246511 -4.88498e-15
7 23 0.246511 -4.88498e-15
8 23 0.246511 -4.88498e-15
9 23 0.246511 -4.88498e-15
10 23 0.246511 -4.88498e-15
11 23 0.246511 -4.88498e-15
12 23 0.246511 -4.88498e-15
13 23 0.246511 -4.88498e-15
14 23 0.246511 -4.88498e-15
15 23 0.246511 -4.88498e-15
16 23 0.246511 -4.88498e-15
17 23 0.246511 -4.88498e-15
18 23 0.246511 -4.88498e-15
19 23 0.246511 -4.88498e-15
20 23 0.246511 -4.88498e-15

1 24 0.248057 -6.72379e-15
2 24 0.248057 -6.72379e-15
3 24 0.248057 -6.72379e-15
4 24 0.248057 -6.72379e-15
5 24 0.248057 -6.72379e-15
6 24 0.248057 -6.72379e-15
7 24 0.248057 -6.72379e-15
8 24 0.248057 -6.72379e-15
9 24 0.248057 -6.72379e-15
10 24 0.248057 -6.72379e-15
11 24 0.248057 -6.72379e-15
12 24 0.248057 -6.72379e-15
13 24 0.248057 -6.72379e-15
14 24 0.248057 -6.72379e-15
15 24 0.248057 -6.72379e-15
16 24 0.248057 -6.72379e-15
17 24 0.248057 -6.72379e-15
18 24 0.248057 -6.72379e-15
19 24 0.248057 -6.72379e-15
20 24 0.248057 -6.72379e-15

1 25 0.248829 -4.44089e-15
2 25 0.248829 -4.44089e-15
3 25 0.248829 -4.44089e-15
4 25 0.248829 -4.44089e-15
5 25 0.248829 -4.44089e-15
6 25 0.248829 -4.44089e-15
7 25 0.248829 -4.44089e-15
8 25 0.248829 -4.44089e-15
9 25 0.248829 -4.44089e-15
10 25 0.248829 -4.44089e-15
11 25 0.248829 -4.44089e-15
12 25 0.248829 -4.44089e-15
13 25 0.248829 -4.44089e-15
14 25 0.248829 -4.44089e-15
15 25 0.248829 -4.44089e-15
16 25 0.248829 -4.44089e-15
17 25 0.248829 -4.44089e-15
18 25 0.248829 -4.44089e-15
19 25 0.248829 -4.44089e-15
20 25 0.248829 -4.44089e-15

1 26 0.248829 -6.28664e-15
2 26 0.248829 -6.28664e-15
3 26 0.248829 -6.28664e-15
4 26 0.248829 -6.28664e-15
5 26 0.248829 -6.28664e-15
6 26 0.248829 -6.28664e-15
7 26 0.248829 -6.28664e-15
8 26 0.248829 -6.28664e-15
9 26 0.248829 -6.28664e-15
10 26 0.248829 -6.28664e-15
11 26 0.248829 -6.28664e-15
12 26 0.248829 -6.28664e-15
13 26 0.248829 -6.28664e-15
14 26 0.248829 -6.28664e-15
15 26 0.248829 -6.28664e-15
16 26 0.248829 -6.28664e-15
17 26 0.248829 -6.28664e-15
18 26 0.248829 -6.28664e-15
19 26 0.248829 -6.28664e-15
20 26 0.248829 -6.28664e-15

1 27 0.248057 -3.9968e-15
2 27 0.248057 -3.9968e-15
3 27 0.248057 -3.9968e-15
4 27 0.248057 -3.9968e-15
5 27 0.248057 -3.9968e-15
6 27 0.248057 -3.9968e-15
7 27 0.248057 -3.9968e-15
8 27 0.248057 -3.9968e-15
9 27 0.248057 -3.9968e-15
10 27 0.248057 -3.9968e-15
11 27 0.248057 -3.9968e-15
12 27 0.248057 -3.9968e-15
13 27 0.248057 -3.9968e-15
14 27 0.248057 -3.9968e-15
15 27 0.248057 -3.9968e-15
16 27 0.248057 -3.9968e-15
17 27 0.248057 -3.9968e-15
18 27 0.248057 -3.9968e-15
19 27 0.248057 -3.9968e-15
20 27 0.248057 -3.9968e-15

1 28 0.246511 -5.55112e-15
2 28 0.246511 -5.55112e-15
3 28 0.246511 -5.55112e-15
4 28 0.246511 -5.55112e-15
5 28 0.246511 -5.55112e-15
6 28 0.246511 -5.55112e-15
7 28 0.246511 -5.55112e-15
8 28 0.246511 -5.55112e-15
9 28 0.246511 -5.55112e-15
10 28 0.246511 -5.55112e-15
11 28 0.246511 -5.55112e-15
12 28 0.246511 -5.55112e-15
13 28 0.246511 -5.55112e-15
14 28 0.246511 -5.55112e-15
15 28 0.246511 -5.55112e-15
16 28 0.246511 -5.55112e-15
17 28 0.246511 -5.55112e-15
18 28 0.246511 -5.55112e-15
19 28 0.246511 -5.55112e-15
20 28 0.246511 -5.55112e-15

1 29 0.244191 -3.35149e-15
2 29 0.244191 -3.35149e-15
3 29 0.244191 -3.35149e-15
4 29 0.244191 -3.35149e-15
5 29 0.244191 -3.35149e-15
6 29 0.244191 -3.35149e-15
7 29 0.244191 -3.35149e-15
8 29 0.244191 -3.35149e-15
9 29 0.244191 -3.35149e-15
10 29 0.244191 -3.35149e-15
11 29 0.244191 -3.35149e-15
12 29 0.244191 -3.35149e-15
13 29 0.244191 -3.35149e-15
14 29 0.244191 -3.35149e-15
15 29 0.244191 -3.35149e-15
16 29 0.244191 -3.35149e-15
17 29 0.244191 -3.35149e-15
18 29 0.244191 -3.35149e-15
19 29 0.244191 -3.35149e-15
20 29 0.244191 -3.35149e-15

1 30 0.241096 -4.95437e-15
2 30 0.241096 -4.95437e-15
3 30 0.241096 -4.95437e-15
4 30 0.241096 -4.95437e-15
5 30 0.241096 -4.95437e-15
6 30 0.241096 -4.95437e-15
7 30 0.241096 -4.95437e-15
8 30 0.241096 -4.95437e-15
9 30 0.241096 -4.95437e-15
10 30 0.241096 -4.95437e-15
11 30 0.241096 -4.95437e-15
12 30 0.241096 -4.95437e-15
13 30 0.241096 -4.95437e-15
14 30 0.241096 -4.95437e-15
15 30 0.241096 -4.95437e-15
16 30 0.241096 -4.95437e-15
17 30 0.241096 -4.95437e-15
18 30 0.241096 -4.95437e-15
19 30 0.241096 -4.95437e-15
20 30 0.241096 -4.95437e-15

1 31 0.237223 -2.67841e-15
2 31 0.237223 -2.67841e-15
3 31 0.237223 -2.67841e-15
4 31 0.237223 -2.67841e-15
5 31 0.237223 -2.67841e-15
6 31 0.237223 -2.67841e-15
7 31 0.237223 -2.67841e-15
8 31 0.237223 -2.67841e-15
9 31 0.237223 -2.67841e-15
10 31 0.237223 -2.67841e-15
11 31 0.237223 -2.67841e-15
12 31 0.237223 -2.67841e-15
13 31 0.237223 -2.67841e-15
14 31 0.237223 -2.67841e-15
15 31 0.237223 -2.67841e-15
16 31 0.237223 -2.67841e-15
17 31 0.237223 -2.67841e-15
18 31 0.237223 -2.67841e-15
19 31 0.237223 -2.67841e-15
20 31 0.237223 -2.67841e-15

1 32 0.23257 -4.42008e-15
2 32 0.23257 -4.42008e-15
3 32 0.23257 -4.42008e-15
4 32 0.23257 -4.42008e-15
5 32 0.23257 -4.42008e-15
6 32 0.23257 -4.42008e-15
7 32 0.23257 -4.42008e-15
8 32 0.23257 -4.42008e-15
9 32 0.23257 -4.42008e-15
10 32 0.23257 -4.42008e-15
11 32 0.23257 -4.42008e-15
12 32 0.23257 -4.42008e-15
13 32 0.23257 -4.42008e-15
14 32 0.23257 -4.42008e-15
15 32 0.23257 -4.42008e-15
16 32 0.23257 -4.42008e-15
17 32 0.23257 -4.42008e-15
18 32 0.23257 -4.42008e-15
19 32 0.23257 -4.42008e-15
20 32 0.23257 -4.42008e-15

1 33 0.227134 -2.25514e-15
2 33 0.227134 -2.25514e-15
3 33 0.227134 -2.25514e-15
4 33 0.227134 -2.25514e-15
5 33 0.227134 -2.25514e-15
6 33 0.227134 -2.25514e-15
7 33 0.227134 -2.25514e-15
8 33 0.227134 -2.25514e-15
9 33 0.227134 -2.25514e-15
10 33 0.227134 -2.25514e-15
11 33 0.227134 -2.25514e-15
12 33 0.227134 -2.25514e-15
13 33 0.227134 -2.25514e-15
14 33 0.227134 -2.25514e-15
15 33 0.227134 -2.25514e-15
16 33 0.227134 -2.25514e-15
17 33 0.227134 -2.25514e-15
18 33 0.227134 -2.25514e-15
19 33 0.227134 -2.25514e-15
20 33 0.227134 -2.25514e-15

1 34 0.220911 -3.89966e-15
2 34 0.220911 -3.89966e-15
3 34 0.220911 -3.89966e-15
4 34 0.220911 -3.89966e-15
5 34 0.220911 -3.89966e-15
6 34 0.220911 -3.89966e-15
7 34 0.220911 -3.89966e-15
8 34 0.220911 -3.89966e-15
9 34 0.220911 -3.89966e-15
10 34 0.220911 -3.89966e-15
11 34 0.220911 -3.89966e-15
12 34 0.220911 -3.89966e-15
13 34 0.220911 -3.89966e-15
14 34 0.220911 -3.89966e-15
15 34 0.220911 -3.89966e-15
16 34 0.220911 -3.89966e-15
17 34 0.220911 -3.89966e-15
18 34 0.220911 -3.89966e-15
19 34 0.220911 -3.89966e-15
20 34 0.220911 -3.89966e-15

1 35 0.213898 -1.60982e-15
2 35 0.213898 -1.60982e-15
3 35 0.213898 -1.60982e-15
4 35 0.213898 -1.60982e-15
5 35 0.213898 -1.60982e-15
6 35 0.213898 -1.60982e-15
7 35 0.213898 -1.60982e-15
8 35 0.213898 -1.60982e-15
9 35 0.213898 -1.60982e-15
10 35 0.213898 -1.60982e-15
11 35 0.213898 -1.60982e-15
12 35 0.213898 -1.60982e-15
13 35 0.213898 -1.60982e-15
14 35 0.213898 -1.60982e-15
15 35 0.213898 -1.60982e-15
16 35 0.213898 -1.60982e-15
17 35 0.213898 -1.60982e-15
18 35 0.213898 -1.60982e-15
19 35 0.213898 -1.60982e-15
20 35 0.213898 -1.60982e-15

1 36 0.206091 -3.55271e-15
2 36 0.206091 -3.55271e-15
3 36 0.206091 -3.55271e-15
4 36 0.206091 -3.55271e-15
5 36 0.206091 -3.55271e-15
6 36 0.206091 -3.55271e-15
7 36 0.206091 -3.55271e-15
8 36 0.206091 -3.55271e-15
9 36 0.206091 -3.55271e-15
10 36 0.206091 -3.55271e-15
11 36 0.206091 -3.55271e-15
12 36 0.206091 -3.55271e-15
13 36 0.206091 -3.55271e-15
14 36 0.206091 -3.55271e-15
15 36 0.206091 -3.55271e-15
16 36 0.206091 -3.55271e-15
17 36 0.206091 -3.55271e-15
18 36 0.206091 -3.55271e-15
19 36 0.206091 -3.55271e-15
20 36 0.206091 -3.55271e-15

1 37 0.197484 -1.4988e-15
2 37 0.197484 -1.4988e-15
3 37 0.197484 -1.4988e-15
4 37 0.197484 -1.4988e-15
5 37 0.197484 -1.4988e-15
6 37 0.197484 -1.4988e-15
7 37 0.197484 -1.4988e-15
8 37 0.197484 -1.4988e-15
9 37 0.197484 -1.4988e-15
10 37 0.197484 -1.4988e-15
11 37 0.197484 -1.4988e-15
12 37 0.197484 -1.4988e-15
13 37 0.197484 -1.4988e-15
14 37 0.197484 -1.4988e-15
15 37 0.197484 -1.4988e-15
16 37 0.197484 -1.4988e-15
17 37 0.197484 -1.4988e-15
18 37 0.197484 -1.4988e-15
19 37 0.197484 -1.4988e-15
20 37 0.197484 -1.4988e-15

1 38 0.188072 -3.13638e-15
2 38 0.188072 -3.13638e-15
3 38 0.188072 -3.13638e-15
4 38 0.188072 -3.13638e-15
5 38 0.188072 -3.13638e-15
6 38 0.188072 -3.13638e-15
7 38 0.188072 -3.13638e-15
8 38 0.188072 -3.13638e-15
9 38 0.188072 -3.13638e-15
10 38 0.188072 -3.13638e-15
11 38 0.188072 -3.13638e-15
12 38 0.188072 -3.13638e-15
13 38 0.188072 -3.13638e-15
14 38 0.188072 -3.13638e-15
15 38 0.188072 -3.13638e-15
16 38 0.188072 -3.13638e-15
17 38 0.188072 -3.13638e-15
18 38 0.188072 -3.13638e-15
19 38 0.188072 -3.13638e-15
20 38 0.188072 -3.13638e-15

1 39 0.177851 -1.02696e-15
2 39 0.177851 -1.02696e-15
3 39 0.177851 -1.02696e-15
4 39 0.177851 -1.02696e-15
5 39 0.177851 -1.02696e-15
6 39 0.177851 -1.02696e-15
7 39 0.177851 -1.02696e-15
8 39 0.177851 -1.02696e-15
9 39 0.177851 -1.02696e-15
10 39 0.177851 -1.02696e-15
11 39 0.177851 -1.02696e-15
12 39 0.177851 -1.02696e-15
13 39 0.177851 -1.02696e-15
14 39 0.177851 -1.02696e-15
15 39 0.177851 -1.02696e-15
16 39 0.177851 -1.02696e-15
17 39 0.177851 -1.02696e-15
18 39 0.177851 -1.02696e-15
19 39 0.177851 -1.02696e-15
20 39 0.177851 -1.02696e-15

1 40 0.166814 -2.79637e-15
2 40 0.166814 -2.79637e-15
3 40 0.166814 -2.79637e-15
4 40 0.166814 -2.79637e-15
5 40 0.166814 -2.79637e-15
6 40 0.166814 -2.79637e-15
7 40 0.166814 -2.79637e-15
8 40 0.166814 -2.79637e-15
9 40 0.166814 -2.79637e-15
10 40 0.166814 -2.79637e-15
11 40 0.166814 -2.79637e-15
12 40 0.166814 -2.79637e-15
13 40 0.166814 -2.79637e-15
14 40 0.166814 -2.79637e-15
15 40 0.166814 -2.79637e-15
16 40 0.166814 -2.79637e-15
17 40 0.166814 -2.79637e-15
18 40 0.166814 -2.79637e-15
19 40 0.166814 -2.79637e-15
20 40 0.166814 -2.79637e-15

1 41 0.154955 -7.00828e-16
2 41 0.154955 -7.00828e-16
3 41 0.154955 -7.00828e-16
4 41 0.154955 -7.00828e-16
5 41 0.154955 -7.00828e-16
6 41 0.154955 -7.00828e-16
7 41 0.154955 -7.00828e-16
8 41 0.154955 -7.00828e-16
9 41 0.154955 -7.00828e-16
10 41 0.154955 -7.00828e-16
11 41 0.154955 -7.00828e-16
12 41 0.154955 -7.00828e-16
13 41 0.154955 -7.00828e-16
14 41 0.154955 -7.00828e-16
15 41 0.154955 -7.00828e-16
16 41 0.154955 -7.00828e-16
17 41 0.154955 -7.00828e-16
18 41 0.154955 -7.00828e-16
19 41 0.154955 -7.00828e-16
20 41 0.154955 -7.00828e-16

1 42 0.142267 -2.44943e-15
2 42 0.142267 -2.44943e-15
3 42 0.142267 -2.44943e-15
4 42 0.142267 -2.44943e-15
5 42 0.142267 -2.44943e-15
6 42 0.142267 -2.44943e-15
7 42 0.142267 -2.44943e-15
8 42 0.142267 -2.44943e-15
9 42 0.142267 -2.44943e-15
10 42 0.142267 -2.44943e-15
11 42 0.142267 -2.44943e-15
12 42 0.142267 -2.44943e-15
13 42 0.142267 -2.44943e-15
14 42 0.142267 -2.44943e-15
15 42 0.142267 -2.44943e-15
16 42 0.142267 -2.44943e-15
17 42 0.142267 -2.44943e-15
18 42 0.142267 -2.44943e-15
19 42 0.142267 -2.44943e-15
20 42 0.142267 -2.44943e-15

1 43 0.128744 -4.64906e-16
2 43 0.128744 -4.64906e-16
3 43 0.128744 -4.64906e-16
4 43 0.128744 -4.64906e-16
5 43 0.128744 -4.64906e-16
6 43 0.128744 -4.64906e-16
7 43 0.128744 -4.64906e-16
8 43 0.128744 -4.64906e-16
9 43 0.128744 -4.64906e-16
10 43 0.128744 -4.64906e-16
11 43 0.128744 -4.64906e-16
12 43 0.128744 -4.64906e-16
13 43 0.128744 -4.64906e-16
14 43 0.128744 -4.64906e-16
15 43 0.128744 -4.64906e-16
16 43 0.128744 -4.64906e-16
17 43 0.128744 -4.64906e-16
18 43 0.128744 -4.64906e-16
19 43 0.128744 -4.64906e-16
20 43 0.128744 -4.64906e-16

1 44 0.114379 -2.15106e-15
2 44 0.114379 -2.15106e-15
3 44 0.114379 -2.15106e-15
4 44 0.114379 -2.15106e-15
5 44 0.114379 -2.15106e-15
6 44 0.114379 -2.15106e-15
7 44 0.114379 -2.15106e-15
8 44 0.114379 -2.15106e-15
9 44 0.114379 -2.15106e-15
10 44 0.114379 -2.15106e-15
11 44 0.114379 -2.15106e-15
12 44 0.114379 -2.15106e-15
13 44 0.114379 -2.15106e-15
14 44 0.114379 -2.15106e-15
15 44 0.114379 -2.15106e-15
16 44 0.114379 -2.15106e-15
17 44 0.114379 -2.15106e-15
18 44 0.114379 -2.15106e-15
19 44 0.114379 -2.15106e-15
20 44 0.114379 -2.15106e-15

1 45 0.0991637 2.77556e-17
2 45 0.0991637 2.77556e-17
3 45 0.0991637 2.77556e-17
4 45 0.0991637 2.77556e-17
5 45 0.0991637 2.77556e-17
6 45 0.0991637 2.77556e-17
7 45 0.0991637 2.77556e-17
8 45 0.0991637 2.77556e-17
9 45 0.0991637 2.77556e-17
10 45 0.0991637 2.77556e-17
11 45 0.0991637 2.77556e-17
12 45 0.0991637 2.77556e-17
13 45 0.0991637 2.77556e-17
14 45 0.0991637 2.77556e-17
15 45 0.0991637 2.77556e-17
16 45 0.0991637 2.77556e-17
17 45 0.0991637 2.77556e-17
18 45 0.0991637 2.77556e-17
19 45 0.0991637 2.77556e-17
20 45 0.0991637 2.77556e-17

1 46 0.0830918 -1.4988e-15
2 46 0.0830918 -1.4988e-15
3 46 0.0830918 -1.4988e-15
4 46 0.0830918 -1.4988e-15
5 46 0.0830918 -1.4988e-15
6 46 0.0830918 -1.4988e-15
7 46 0.0830918 -1.4988e-15
8 46 0.0830918 -1.4988e-15
9 46 0.0830918 -1.4988e-15
10 46 0.0830918 -1.4988e-15
11 46 0.0830918 -1.4988e-15
12 46 0.0830918 -1.4988e-15
13 46 0.0830918 -1.4988e-15
14 46 0.0830918 -1.4988e-15
15 46 0.0830918 -1.4988e-15
16 46 0.0830918 -1.4988e-15
17 46 0.0830918 -1.4988e-15
18 46 0.0830918 -1.4988e-15
19 46 0.0830918 -1.4988e-15
20 46 0.0830918 -1.4988e-15

1 47 0.0661551 3.95517e-16
2 47 0.0661551 3.95517e-16
3 47 0.0661551 3.95517e-16
4 47 0.0661551 3.95517e-16
5 47 0.0661551 3.95517e-16
6 47 0.0661551 3.95517e-16
7 47 0.0661551 3.95517e-16
8 47 0.0661551 3.95517e-16
9 47 0.0661551 3.95517e-16
10 47 0.0661551 3.95517e-16
11 47 0.0661551 3.95517e-16
12 47 0.0661551 3.95517e-16
13 47 0.0661551 3.95517e-16
14 47 0.0661551 3.95517e-16
15 47 0.0661551 3.95517e-16
16 47 0.0661551 3.95517e-16
17 47 0.0661551 3.95517e-16
18 47 0.0661551 3.95517e-16
19 47 0.0661551 3.95517e-16
20 47 0.0661551 3.95517e-16

1 48 0.048346 -1.23512e-15
2 48 0.048346 -1.23512e-15
3 48 0.048346 -1.23512e-15
4 48 0.048346 -1.23512e-15
5 48 0.048346 -1.23512e-15
6 48 0.048346 -1.23512e-15
7 48 0.048346 -1.23512e-15
8 48 0.048346 -1.23512e-15
9 48 0.048346 -1.23512e-15
10 48 0.048346 -1.23512e-15
11 48 0.048346 -1.23512e-15
12 48 0.048346 -1.23512e-15
13 48 0.048346 -1.23512e-15
14 48 0.048346 -1.23512e-15
15 48 0.048346 -1.23512e-15
16 48 0.048346 -1.23512e-15
17 48 0.048346 -1.23512e-15
18 48 0.048346 -1.23512e-15
19 48 0.048346 -1.23512e-15
20 48 0.048346 -1.23512e-15

1 49 0.0296565 4.75314e-16
2 49 0.0296565 4.75314e-16
3 49 0.0296565 4.75314e-16
4 49 0.0296565 4.75314e-16
5 49 0.0296565 4.75314e-16
6 49 0.0296565 4.75314e-16
7 49 0.0296565 4.75314e-16
8 49 0.0296565 4.75314e-16
9 49 0.0296565 4.75314e-16
10 49 0.0296565 4.75314e-16
11 49 0.0296565 4.75314e-16
12 49 0.0296565 4.75314e-16
13 49 0.0296565 4.75314e-16
14 49 0.0296565 4.75314e-16
15 49 0.0296565 4.75314e-16
16 49 0.0296565 4.75314e-16
17 49 0.0296565 4.75314e-16
18 49 0.0296565 4.75314e-16
19 49 0.0296565 4.75314e-16
20 49 0.0296565 4.75314e-16

1 50 0.0100787 -1.00614e-15
2 50 0.0100787 -1.00614e-15
3 50 0.0100787 -1.00614e-15
4 50 0.0100787 -1.00614e-15
5 50 0.0100787 -1.00614e-15
6 50 0.0100787 -1.00614e-15
7 50 0.0100787 -1.00614e-15
8 50 0.0100787 -1.00614e-15
9 50 0.0100787 -1.00614e-15
10 50 0.0100787 -1.00614e-15
11 50 0.0100787 -1.00614e-15
12 50 0.0100787 -1.00614e-15
13 50 0.0100787 -1.00614e-15
14 50 0.0100787 -1.00614e-15
15 50 0.0100787 -1.00614e-15
16 50 0.0100787 -1.00614e-15
17 50 0.0100787 -1.00614e-15
18 50 0.0100787 -1.00614e-15
19 50 0.0100787 -1.00614e-15
20 50 0.0100787 -1.00614e-15

