25 1 0.00150413
25 2 0.00243484
25 3 0.00330999
25 4 0.00413134
25 5 0.00490061
25 6 0.00561952
25 7 0.00628972
25 8 0.00691283
25 9 0.00749042
25 10 0.008024
25 11 0.00851502
25 12 0.00896486
25 13 0.00937481
25 14 0.00974611
25 15 0.0100799
25 16 0.0103772
25 17 0.010639
25 18 0.0108662
25 19 0.0110594
25 20 0.0112195
25 21 0.0113468
25 22 0.011442
25 23 0.0115052
25 24 0.0115368
25 25 0.0115368
25 26 0.0115052
25 27 0.011442
25 28 0.0113468
25 29 0.0112195
25 30 0.0110594
25 31 0.0108662
25 32 0.010639
25 33 0.0103772
25 34 0.0100799
25 35 0.00974611
25 36 0.00937481
25 37 0.00896486
25 38 0.00851502
25 39 0.008024
25 40 0.00749042
25 41 0.00691283
25 42 0.00628972
25 43 0.00561952
25 44 0.00490061
25 45 0.00413134
25 46 0.00330999
25 47 0.00243484
25 48 0.00150413
25 49 0.000516081
25 50 -0.000171931

