25 1 0.00169447
25 2 0.00275124
25 3 0.0037512
25 4 0.00469561
25 5 0.00558572
25 6 0.00642275
25 7 0.00720791
25 8 0.00794235
25 9 0.0086272
25 10 0.00926356
25 11 0.00985246
25 12 0.0103949
25 13 0.0108918
25 14 0.0113441
25 15 0.0117525
25 16 0.0121179
25 17 0.0124409
25 18 0.0127221
25 19 0.0129621
25 20 0.0131614
25 21 0.0133203
25 22 0.0134393
25 23 0.0135184
25 24 0.0135579
25 25 0.0135579
25 26 0.0135184
25 27 0.0134393
25 28 0.0133203
25 29 0.0131614
25 30 0.0129621
25 31 0.0127221
25 32 0.0124409
25 33 0.0121179
25 34 0.0117525
25 35 0.0113441
25 36 0.0108918
25 37 0.0103949
25 38 0.00985246
25 39 0.00926356
25 40 0.0086272
25 41 0.00794235
25 42 0.00720791
25 43 0.00642275
25 44 0.00558572
25 45 0.00469561
25 46 0.0037512
25 47 0.00275124
25 48 0.00169447
25 49 0.000579612
25 50 -0.000193107

