25 1 0.0012392
25 2 0.00199447
25 3 0.00269594
25 4 0.00334606
25 5 0.00394726
25 6 0.00450189
25 7 0.00501229
25 8 0.00548069
25 9 0.00590929
25 10 0.00630017
25 11 0.00665534
25 12 0.00697672
25 13 0.0072661
25 14 0.00752517
25 15 0.00775552
25 16 0.00795859
25 17 0.00813569
25 18 0.00828802
25 19 0.00841662
25 20 0.00852239
25 21 0.00860609
25 22 0.00866832
25 23 0.00870956
25 24 0.0087301
25 25 0.0087301
25 26 0.00870956
25 27 0.00866832
25 28 0.00860609
25 29 0.00852239
25 30 0.00841662
25 31 0.00828802
25 32 0.00813569
25 33 0.00795859
25 34 0.00775552
25 35 0.00752517
25 36 0.0072661
25 37 0.00697672
25 38 0.00665534
25 39 0.00630017
25 40 0.00590929
25 41 0.00548069
25 42 0.00501229
25 43 0.00450189
25 44 0.00394726
25 45 0.00334606
25 46 0.00269594
25 47 0.00199447
25 48 0.0012392
25 49 0.000427652
25 50 -0.000142456

