25 1 0.00157465
25 2 0.00255207
25 3 0.00347346
25 4 0.0043404
25 5 0.00515445
25 6 0.00591712
25 7 0.00662991
25 8 0.00729426
25 9 0.00791159
25 10 0.00848325
25 11 0.00901052
25 12 0.00949466
25 13 0.00993682
25 14 0.0103381
25 15 0.0106995
25 16 0.0110221
25 17 0.0113065
25 18 0.0115537
25 19 0.0117643
25 20 0.0119389
25 21 0.0120779
25 22 0.0121819
25 23 0.012251
25 24 0.0122855
25 25 0.0122855
25 26 0.012251
25 27 0.0121819
25 28 0.0120779
25 29 0.0119389
25 30 0.0117643
25 31 0.0115537
25 32 0.0113065
25 33 0.0110221
25 34 0.0106995
25 35 0.0103381
25 36 0.00993682
25 37 0.00949466
25 38 0.00901052
25 39 0.00848325
25 40 0.00791159
25 41 0.00729426
25 42 0.00662991
25 43 0.00591712
25 44 0.00515445
25 45 0.0043404
25 46 0.00347346
25 47 0.00255207
25 48 0.00157465
25 49 0.00053962
25 50 -0.000179777

