25 1 0.00142541
25 2 0.00230399
25 3 0.00312752
25 4 0.00389798
25 5 0.00461728
25 6 0.00528734
25 7 0.00591002
25 8 0.0064871
25 9 0.00702035
25 10 0.00751146
25 11 0.00796202
25 12 0.00837359
25 13 0.00874762
25 14 0.00908547
25 15 0.0093884
25 16 0.00965761
25 17 0.00989414
25 18 0.010099
25 19 0.0102729
25 20 0.0104168
25 21 0.0105311
25 22 0.0106164
25 23 0.0106731
25 24 0.0107013
25 25 0.0107013
25 26 0.0106731
25 27 0.0106164
25 28 0.0105311
25 29 0.0104168
25 30 0.0102729
25 31 0.010099
25 32 0.00989414
25 33 0.00965761
25 34 0.0093884
25 35 0.00908547
25 36 0.00874762
25 37 0.00837359
25 38 0.00796202
25 39 0.00751146
25 40 0.00702035
25 41 0.0064871
25 42 0.00591002
25 43 0.00528734
25 44 0.00461728
25 45 0.00389798
25 46 0.00312752
25 47 0.00230399
25 48 0.00142541
25 49 0.000489806
25 50 -0.000163173

