25 1 0.00194352
25 2 0.00316524
25 3 0.00432851
25 4 0.00543395
25 5 0.00648218
25 6 0.00747379
25 7 0.00840937
25 8 0.00928951
25 9 0.0101147
25 10 0.0108856
25 11 0.0116026
25 12 0.0122662
25 13 0.0128769
25 14 0.0134352
25 15 0.0139413
25 16 0.0143958
25 17 0.0147989
25 18 0.0151509
25 19 0.0154521
25 20 0.0157028
25 21 0.015903
25 22 0.0160531
25 23 0.0161531
25 24 0.0162031
25 25 0.0162031
25 26 0.0161531
25 27 0.0160531
25 28 0.015903
25 29 0.0157028
25 30 0.0154521
25 31 0.0151509
25 32 0.0147989
25 33 0.0143958
25 34 0.0139413
25 35 0.0134352
25 36 0.0128769
25 37 0.0122662
25 38 0.0116026
25 39 0.0108856
25 40 0.0101147
25 41 0.00928951
25 42 0.00840937
25 43 0.00747379
25 44 0.00648218
25 45 0.00543395
25 46 0.00432851
25 47 0.00316524
25 48 0.00194352
25 49 0.000662739
25 50 -0.000220816

