25 1 0.00186796
25 2 0.00303963
25 3 0.00415336
25 4 0.00520994
25 5 0.0062102
25 6 0.00715491
25 7 0.00804486
25 8 0.00888079
25 9 0.00966343
25 10 0.0103935
25 11 0.0110716
25 12 0.0116985
25 13 0.0122747
25 14 0.0128007
25 15 0.0132772
25 16 0.0137047
25 17 0.0140835
25 18 0.014414
25 19 0.0146966
25 20 0.0149317
25 21 0.0151195
25 22 0.0152601
25 23 0.0153538
25 24 0.0154006
25 25 0.0154006
25 26 0.0153538
25 27 0.0152601
25 28 0.0151195
25 29 0.0149317
25 30 0.0146966
25 31 0.014414
25 32 0.0140835
25 33 0.0137047
25 34 0.0132772
25 35 0.0128007
25 36 0.0122747
25 37 0.0116985
25 38 0.0110716
25 39 0.0103935
25 40 0.00966343
25 41 0.00888079
25 42 0.00804486
25 43 0.00715491
25 44 0.0062102
25 45 0.00520994
25 46 0.00415336
25 47 0.00303963
25 48 0.00186796
25 49 0.000637519
25 50 -0.000212409

