25 1 0.00128973
25 2 0.00207846
25 3 0.00281304
25 4 0.00349581
25 5 0.00412903
25 6 0.00471497
25 7 0.00525579
25 8 0.00575364
25 9 0.00621058
25 10 0.0066286
25 11 0.00700959
25 12 0.00735536
25 13 0.00766763
25 14 0.007948
25 15 0.00819796
25 16 0.00841889
25 17 0.00861204
25 18 0.00877853
25 19 0.00891937
25 20 0.00903541
25 21 0.00912736
25 22 0.00919582
25 23 0.00924122
25 24 0.00926384
25 25 0.00926384
25 26 0.00924122
25 27 0.00919582
25 28 0.00912736
25 29 0.00903541
25 30 0.00891937
25 31 0.00877853
25 32 0.00861204
25 33 0.00841889
25 34 0.00819796
25 35 0.007948
25 36 0.00766763
25 37 0.00735536
25 38 0.00700959
25 39 0.0066286
25 40 0.00621058
25 41 0.00575364
25 42 0.00525579
25 43 0.00471497
25 44 0.00412903
25 45 0.00349581
25 46 0.00281304
25 47 0.00207846
25 48 0.00128973
25 49 0.000444519
25 50 -0.000148078

