25 1 0.00112898
25 2 0.00181129
25 3 0.00244057
25 4 0.00301958
25 5 0.00355101
25 6 0.00403755
25 7 0.00448176
25 8 0.00488618
25 9 0.00525324
25 10 0.00558527
25 11 0.00588451
25 12 0.00615308
25 13 0.00639297
25 14 0.00660607
25 15 0.0067941
25 16 0.00695867
25 17 0.00710122
25 18 0.00722306
25 19 0.00732535
25 20 0.00740905
25 21 0.00747502
25 22 0.00752391
25 23 0.00755622
25 24 0.00757229
25 25 0.00757229
25 26 0.00755622
25 27 0.00752391
25 28 0.00747502
25 29 0.00740905
25 30 0.00732535
25 31 0.00722306
25 32 0.00710122
25 33 0.00695867
25 34 0.0067941
25 35 0.00660607
25 36 0.00639297
25 37 0.00615308
25 38 0.00588451
25 39 0.00558527
25 40 0.00525324
25 41 0.00488618
25 42 0.00448176
25 43 0.00403755
25 44 0.00355101
25 45 0.00301958
25 46 0.00244057
25 47 0.00181129
25 48 0.00112898
25 49 0.000390863
25 50 -0.000130193

