25 1 0.00100459
25 2 0.0016046
25 3 0.00215252
25 4 0.00265147
25 5 0.00310451
25 6 0.00351464
25 7 0.00388478
25 8 0.00421774
25 9 0.00451625
25 10 0.00478291
25 11 0.00502019
25 12 0.00523044
25 13 0.00541584
25 14 0.00557846
25 15 0.00572018
25 16 0.00584272
25 17 0.00594767
25 18 0.00603642
25 19 0.0061102
25 20 0.00617006
25 21 0.00621689
25 22 0.00625139
25 23 0.00627409
25 24 0.00628536
25 25 0.00628536
25 26 0.00627409
25 27 0.00625139
25 28 0.00621689
25 29 0.00617006
25 30 0.0061102
25 31 0.00603642
25 32 0.00594767
25 33 0.00584272
25 34 0.00572018
25 35 0.00557846
25 36 0.00541584
25 37 0.00523044
25 38 0.00502019
25 39 0.00478291
25 40 0.00451625
25 41 0.00421774
25 42 0.00388478
25 43 0.00351464
25 44 0.00310451
25 45 0.00265147
25 46 0.00215252
25 47 0.0016046
25 48 0.00100459
25 49 0.000349336
25 50 -0.00011635

