25 1 0.00188478
25 2 0.00306758
25 3 0.00419233
25 4 0.00525978
25 5 0.00627071
25 6 0.00722586
25 7 0.00812596
25 8 0.00897173
25 9 0.00976384
25 10 0.010503
25 11 0.0111898
25 12 0.0118248
25 13 0.0124087
25 14 0.0129419
25 15 0.013425
25 16 0.0138584
25 17 0.0142426
25 18 0.014578
25 19 0.0148647
25 20 0.0151033
25 21 0.0152938
25 22 0.0154365
25 23 0.0155316
25 24 0.0155791
25 25 0.0155791
25 26 0.0155316
25 27 0.0154365
25 28 0.0152938
25 29 0.0151033
25 30 0.0148647
25 31 0.014578
25 32 0.0142426
25 33 0.0138584
25 34 0.013425
25 35 0.0129419
25 36 0.0124087
25 37 0.0118248
25 38 0.0111898
25 39 0.010503
25 40 0.00976384
25 41 0.00897173
25 42 0.00812596
25 43 0.00722586
25 44 0.00627071
25 45 0.00525978
25 46 0.00419233
25 47 0.00306758
25 48 0.00188478
25 49 0.00064313
25 50 -0.00021428

