25 1 0.00197986
25 2 0.00322564
25 3 0.00441274
25 4 0.00554167
25 5 0.00661297
25 6 0.00762714
25 7 0.00858467
25 8 0.00948606
25 9 0.0103318
25 10 0.0111222
25 11 0.0118579
25 12 0.0125392
25 13 0.0131666
25 14 0.0137403
25 15 0.0142607
25 16 0.0147281
25 17 0.0151429
25 18 0.0155052
25 19 0.0158154
25 20 0.0160735
25 21 0.0162799
25 22 0.0164345
25 23 0.0165375
25 24 0.016589
25 25 0.016589
25 26 0.0165375
25 27 0.0164345
25 28 0.0162799
25 29 0.0160735
25 30 0.0158154
25 31 0.0155052
25 32 0.0151429
25 33 0.0147281
25 34 0.0142607
25 35 0.0137403
25 36 0.0131666
25 37 0.0125392
25 38 0.0118579
25 39 0.0111222
25 40 0.0103318
25 41 0.00948606
25 42 0.00858467
25 43 0.00762714
25 44 0.00661297
25 45 0.00554167
25 46 0.00441274
25 47 0.00322564
25 48 0.00197986
25 49 0.000674868
25 50 -0.000224858

