25 1 0.00181162
25 2 0.00294598
25 3 0.00402276
25 4 0.00504292
25 5 0.00600741
25 6 0.00691715
25 7 0.00777307
25 8 0.00857604
25 9 0.00932693
25 10 0.0100266
25 11 0.0106757
25 12 0.0112752
25 13 0.0118256
25 14 0.0123277
25 15 0.0127821
25 16 0.0131894
25 17 0.01355
25 18 0.0138646
25 19 0.0141334
25 20 0.0143568
25 21 0.0145352
25 22 0.0146688
25 23 0.0147578
25 24 0.0148022
25 25 0.0148022
25 26 0.0147578
25 27 0.0146688
25 28 0.0145352
25 29 0.0143568
25 30 0.0141334
25 31 0.0138646
25 32 0.01355
25 33 0.0131894
25 34 0.0127821
25 35 0.0123277
25 36 0.0118256
25 37 0.0112752
25 38 0.0106757
25 39 0.0100266
25 40 0.00932693
25 41 0.00857604
25 42 0.00777307
25 43 0.00691715
25 44 0.00600741
25 45 0.00504292
25 46 0.00402276
25 47 0.00294598
25 48 0.00181162
25 49 0.000618714
25 50 -0.000206141

