25 1 0.00133749
25 2 0.00215785
25 3 0.00292375
25 4 0.00363738
25 5 0.0043009
25 6 0.00491644
25 7 0.00548606
25 8 0.00601178
25 9 0.00649557
25 10 0.00693928
25 11 0.00734473
25 12 0.00771364
25 13 0.00804761
25 14 0.00834817
25 15 0.00861675
25 16 0.00885463
25 17 0.00906301
25 18 0.00924297
25 19 0.00939543
25 20 0.00952123
25 21 0.00962104
25 22 0.00969541
25 23 0.00974476
25 24 0.00976936
25 25 0.00976936
25 26 0.00974476
25 27 0.00969541
25 28 0.00962104
25 29 0.00952123
25 30 0.00939543
25 31 0.00924297
25 32 0.00906301
25 33 0.00885463
25 34 0.00861675
25 35 0.00834817
25 36 0.00804761
25 37 0.00771364
25 38 0.00734473
25 39 0.00693928
25 40 0.00649557
25 41 0.00601178
25 42 0.00548606
25 43 0.00491644
25 44 0.0043009
25 45 0.00363738
25 46 0.00292375
25 47 0.00215785
25 48 0.00133749
25 49 0.000460462
25 50 -0.000153392

