25 1 0.00160712
25 2 0.00260603
25 3 0.00354871
25 4 0.00443664
25 5 0.00527129
25 6 0.00605411
25 7 0.0067865
25 8 0.00746984
25 9 0.00810547
25 10 0.00869465
25 11 0.00923862
25 12 0.00973855
25 13 0.0101955
25 14 0.0106106
25 15 0.0109848
25 16 0.0113189
25 17 0.0116138
25 18 0.0118702
25 19 0.0120888
25 20 0.0122701
25 21 0.0124145
25 22 0.0125225
25 23 0.0125944
25 24 0.0126302
25 25 0.0126302
25 26 0.0125944
25 27 0.0125225
25 28 0.0124145
25 29 0.0122701
25 30 0.0120888
25 31 0.0118702
25 32 0.0116138
25 33 0.0113189
25 34 0.0109848
25 35 0.0106106
25 36 0.0101955
25 37 0.00973855
25 38 0.00923862
25 39 0.00869465
25 40 0.00810547
25 41 0.00746984
25 42 0.0067865
25 43 0.00605411
25 44 0.00527129
25 45 0.00443664
25 46 0.00354871
25 47 0.00260603
25 48 0.00160712
25 49 0.000550455
25 50 -0.000183389

