25 1 0.00191576
25 2 0.00311908
25 3 0.00426415
25 4 0.00535163
25 5 0.00638223
25 6 0.00735661
25 7 0.00827543
25 8 0.00913932
25 9 0.0099489
25 10 0.0107048
25 11 0.0114075
25 12 0.0120576
25 13 0.0126556
25 14 0.013202
25 15 0.0136973
25 16 0.0141418
25 17 0.014536
25 18 0.0148801
25 19 0.0151745
25 20 0.0154194
25 21 0.0156151
25 22 0.0157617
25 23 0.0158594
25 24 0.0159082
25 25 0.0159082
25 26 0.0158594
25 27 0.0157617
25 28 0.0156151
25 29 0.0154194
25 30 0.0151745
25 31 0.0148801
25 32 0.014536
25 33 0.0141418
25 34 0.0136973
25 35 0.013202
25 36 0.0126556
25 37 0.0120576
25 38 0.0114075
25 39 0.0107048
25 40 0.0099489
25 41 0.00913932
25 42 0.00827543
25 43 0.00735661
25 44 0.00638223
25 45 0.00535163
25 46 0.00426415
25 47 0.00311908
25 48 0.00191576
25 49 0.000653472
25 50 -0.000217727

