25 1 0.000471949
25 2 0.000722172
25 3 0.000928097
25 4 0.00109563
25 5 0.00123032
25 6 0.0013373
25 7 0.00142119
25 8 0.00148615
25 9 0.00153578
25 10 0.00157318
25 11 0.00160099
25 12 0.00162138
25 13 0.00163611
25 14 0.0016466
25 15 0.00165396
25 16 0.00165905
25 17 0.00166251
25 18 0.00166483
25 19 0.00166636
25 20 0.00166735
25 21 0.00166797
25 22 0.00166835
25 23 0.00166857
25 24 0.00166867
25 25 0.00166867
25 26 0.00166857
25 27 0.00166835
25 28 0.00166797
25 29 0.00166735
25 30 0.00166636
25 31 0.00166483
25 32 0.00166251
25 33 0.00165905
25 34 0.00165396
25 35 0.0016466
25 36 0.00163611
25 37 0.00162138
25 38 0.00160099
25 39 0.00157318
25 40 0.00153578
25 41 0.00148615
25 42 0.00142119
25 43 0.0013373
25 44 0.00123032
25 45 0.00109563
25 46 0.000928097
25 47 0.000722172
25 48 0.000471949
25 49 0.000171252
25 50 -5.69629e-05

