25 1 0.00163784
25 2 0.00265711
25 3 0.00361994
25 4 0.00452774
25 5 0.0053819
25 6 0.00618379
25 7 0.00693474
25 8 0.00763606
25 9 0.008289
25 10 0.00889477
25 11 0.00945455
25 12 0.00996943
25 13 0.0104405
25 14 0.0108686
25 15 0.0112549
25 16 0.0116
25 17 0.0119047
25 18 0.0121699
25 19 0.012396
25 20 0.0125836
25 21 0.0127331
25 22 0.012845
25 23 0.0129194
25 24 0.0129566
25 25 0.0129566
25 26 0.0129194
25 27 0.012845
25 28 0.0127331
25 29 0.0125836
25 30 0.012396
25 31 0.0121699
25 32 0.0119047
25 33 0.0116
25 34 0.0112549
25 35 0.0108686
25 36 0.0104405
25 37 0.00996943
25 38 0.00945455
25 39 0.00889477
25 40 0.008289
25 41 0.00763606
25 42 0.00693474
25 43 0.00618379
25 44 0.0053819
25 45 0.00452774
25 46 0.00361994
25 47 0.00265711
25 48 0.00163784
25 49 0.000560711
25 50 -0.000186808

