25 1 0.00176858
25 2 0.00287442
25 3 0.00392297
25 4 0.0049153
25 5 0.00585245
25 6 0.00673548
25 7 0.0075654
25 8 0.00834319
25 9 0.00906981
25 10 0.00974619
25 11 0.0103732
25 12 0.0109517
25 13 0.0114825
25 14 0.0119663
25 15 0.0124038
25 16 0.0127956
25 17 0.0131425
25 18 0.0134448
25 19 0.013703
25 20 0.0139176
25 21 0.0140888
25 22 0.014217
25 23 0.0143023
25 24 0.014345
25 25 0.014345
25 26 0.0143023
25 27 0.014217
25 28 0.0140888
25 29 0.0139176
25 30 0.013703
25 31 0.0134448
25 32 0.0131425
25 33 0.0127956
25 34 0.0124038
25 35 0.0119663
25 36 0.0114825
25 37 0.0109517
25 38 0.0103732
25 39 0.00974619
25 40 0.00906981
25 41 0.00834319
25 42 0.0075654
25 43 0.00673548
25 44 0.00585245
25 45 0.0049153
25 46 0.00392297
25 47 0.00287442
25 48 0.00176858
25 49 0.000604346
25 50 -0.000201352

