25 1 0.0011857
25 2 0.00190555
25 3 0.00257196
25 4 0.00318755
25 5 0.00375486
25 6 0.00427641
25 7 0.00475463
25 8 0.00519193
25 9 0.00559059
25 10 0.00595283
25 11 0.00628077
25 12 0.00657643
25 13 0.00684169
25 14 0.00707835
25 15 0.00728806
25 16 0.00747234
25 17 0.00763258
25 18 0.00777002
25 19 0.00788576
25 20 0.00798075
25 21 0.00805578
25 22 0.00811149
25 23 0.00814836
25 24 0.00816672
25 25 0.00816672
25 26 0.00814836
25 27 0.00811149
25 28 0.00805578
25 29 0.00798075
25 30 0.00788576
25 31 0.00777002
25 32 0.00763258
25 33 0.00747234
25 34 0.00728806
25 35 0.00707835
25 36 0.00684169
25 37 0.00657643
25 38 0.00628077
25 39 0.00595283
25 40 0.00559059
25 41 0.00519193
25 42 0.00475463
25 43 0.00427641
25 44 0.00375486
25 45 0.00318755
25 46 0.00257196
25 47 0.00190555
25 48 0.0011857
25 49 0.000409794
25 50 -0.000136503

