25 1 0.00193002
25 2 0.00314279
25 3 0.00429721
25 4 0.00539392
25 5 0.00643357
25 6 0.00741681
25 7 0.00834424
25 8 0.00921647
25 9 0.0100341
25 10 0.0107977
25 11 0.0115077
25 12 0.0121648
25 13 0.0127693
25 14 0.0133218
25 15 0.0138227
25 16 0.0142723
25 17 0.014671
25 18 0.0150192
25 19 0.0153171
25 20 0.015565
25 21 0.015763
25 22 0.0159114
25 23 0.0160103
25 24 0.0160597
25 25 0.0160597
25 26 0.0160103
25 27 0.0159114
25 28 0.015763
25 29 0.015565
25 30 0.0153171
25 31 0.0150192
25 32 0.014671
25 33 0.0142723
25 34 0.0138227
25 35 0.0133218
25 36 0.0127693
25 37 0.0121648
25 38 0.0115077
25 39 0.0107977
25 40 0.0100341
25 41 0.00921647
25 42 0.00834424
25 43 0.00741681
25 44 0.00643357
25 45 0.00539392
25 46 0.00429721
25 47 0.00314279
25 48 0.00193002
25 49 0.000658232
25 50 -0.000219313

