25 1 0.00183144
25 2 0.00297893
25 3 0.0040687
25 4 0.00510167
25 5 0.00607874
25 6 0.00700079
25 7 0.00786868
25 8 0.00868324
25 9 0.0094453
25 10 0.0101556
25 11 0.010815
25 12 0.0114241
25 13 0.0119836
25 14 0.0124941
25 15 0.0129563
25 16 0.0133706
25 17 0.0137377
25 18 0.0140578
25 19 0.0143315
25 20 0.0145591
25 21 0.0147407
25 22 0.0148768
25 23 0.0149674
25 24 0.0150127
25 25 0.0150127
25 26 0.0149674
25 27 0.0148768
25 28 0.0147407
25 29 0.0145591
25 30 0.0143315
25 31 0.0140578
25 32 0.0137377
25 33 0.0133706
25 34 0.0129563
25 35 0.0124941
25 36 0.0119836
25 37 0.0114241
25 38 0.010815
25 39 0.0101556
25 40 0.0094453
25 41 0.00868324
25 42 0.00786868
25 43 0.00700079
25 44 0.00607874
25 45 0.00510167
25 46 0.0040687
25 47 0.00297893
25 48 0.00183144
25 49 0.000625329
25 50 -0.000208346

