25 1 0.00138267
25 2 0.00223294
25 3 0.00302846
25 4 0.00377128
25 5 0.00446347
25 6 0.00510702
25 7 0.00570389
25 8 0.006256
25 9 0.0067652
25 10 0.00723325
25 11 0.00766188
25 12 0.00805269
25 13 0.00840723
25 14 0.00872694
25 15 0.00901316
25 16 0.00926712
25 17 0.00948996
25 18 0.00968268
25 19 0.00984618
25 20 0.00998123
25 21 0.0100885
25 22 0.0101685
25 23 0.0102216
25 24 0.0102481
25 25 0.0102481
25 26 0.0102216
25 27 0.0101685
25 28 0.0100885
25 29 0.00998123
25 30 0.00984618
25 31 0.00968268
25 32 0.00948996
25 33 0.00926712
25 34 0.00901316
25 35 0.00872694
25 36 0.00840723
25 37 0.00805269
25 38 0.00766188
25 39 0.00723325
25 40 0.0067652
25 41 0.006256
25 42 0.00570389
25 43 0.00510702
25 44 0.00446347
25 45 0.00377128
25 46 0.00302846
25 47 0.00223294
25 48 0.00138267
25 49 0.000475541
25 50 -0.000158418

