25 1 0.0018502
25 2 0.00301011
25 3 0.00411219
25 4 0.00515729
25 5 0.00614627
25 6 0.00707996
25 7 0.00795918
25 8 0.00878472
25 9 0.00955735
25 10 0.0102778
25 11 0.0109468
25 12 0.011565
25 13 0.0121331
25 14 0.0126516
25 15 0.0131212
25 16 0.0135422
25 17 0.0139153
25 18 0.0142408
25 19 0.0145191
25 20 0.0147505
25 21 0.0149353
25 22 0.0150737
25 23 0.0151659
25 24 0.0152119
25 25 0.0152119
25 26 0.0151659
25 27 0.0150737
25 28 0.0149353
25 29 0.0147505
25 30 0.0145191
25 31 0.0142408
25 32 0.0139153
25 33 0.0135422
25 34 0.0131212
25 35 0.0126516
25 36 0.0121331
25 37 0.011565
25 38 0.0109468
25 39 0.0102778
25 40 0.00955735
25 41 0.00878472
25 42 0.00795918
25 43 0.00707996
25 44 0.00614627
25 45 0.00515729
25 46 0.00411219
25 47 0.00301011
25 48 0.0018502
25 49 0.000631591
25 50 -0.000210433

