25 1 0.00179069
25 2 0.00291118
25 3 0.00397423
25 4 0.00498086
25 5 0.00593205
25 6 0.00682881
25 7 0.00767208
25 8 0.00846281
25 9 0.00920189
25 10 0.00989021
25 11 0.0105286
25 12 0.0111179
25 13 0.0116587
25 14 0.0121519
25 15 0.0125981
25 16 0.0129979
25 17 0.0133518
25 18 0.0136604
25 19 0.0139241
25 20 0.0141432
25 21 0.0143181
25 22 0.0144491
25 23 0.0145363
25 24 0.0145799
25 25 0.0145799
25 26 0.0145363
25 27 0.0144491
25 28 0.0143181
25 29 0.0141432
25 30 0.0139241
25 31 0.0136604
25 32 0.0133518
25 33 0.0129979
25 34 0.0125981
25 35 0.0121519
25 36 0.0116587
25 37 0.0111179
25 38 0.0105286
25 39 0.00989021
25 40 0.00920189
25 41 0.00846281
25 42 0.00767208
25 43 0.00682881
25 44 0.00593205
25 45 0.00498086
25 46 0.00397423
25 47 0.00291118
25 48 0.00179069
25 49 0.000611727
25 50 -0.000203812

