25 1 0.00174522
25 2 0.00283559
25 3 0.00386882
25 4 0.00484604
25 5 0.00576837
25 6 0.0066369
25 7 0.0074527
25 8 0.00821683
25 9 0.00893028
25 10 0.00959404
25 11 0.010209
25 12 0.0107762
25 13 0.0112963
25 14 0.0117701
25 15 0.0121985
25 16 0.012582
25 17 0.0129213
25 18 0.0132169
25 19 0.0134694
25 20 0.0136792
25 21 0.0138466
25 22 0.0139718
25 23 0.0140552
25 24 0.0140969
25 25 0.0140969
25 26 0.0140552
25 27 0.0139718
25 28 0.0138466
25 29 0.0136792
25 30 0.0134694
25 31 0.0132169
25 32 0.0129213
25 33 0.012582
25 34 0.0121985
25 35 0.0117701
25 36 0.0112963
25 37 0.0107762
25 38 0.010209
25 39 0.00959404
25 40 0.00893028
25 41 0.00821683
25 42 0.0074527
25 43 0.0066369
25 44 0.00576837
25 45 0.00484604
25 46 0.00386882
25 47 0.00283559
25 48 0.00174522
25 49 0.000596549
25 50 -0.000198753

