25 1 0.000591489
25 2 0.000919485
25 3 0.00120039
25 4 0.00143917
25 5 0.00164057
25 6 0.0018091
25 7 0.00194899
25 8 0.00206415
25 9 0.00215814
25 10 0.00223419
25 11 0.00229518
25 12 0.00234366
25 13 0.00238185
25 14 0.00241163
25 15 0.00243465
25 16 0.00245226
25 17 0.0024656
25 18 0.00247558
25 19 0.00248295
25 20 0.0024883
25 21 0.00249208
25 22 0.00249464
25 23 0.00249622
25 24 0.00249697
25 25 0.00249697
25 26 0.00249622
25 27 0.00249464
25 28 0.00249208
25 29 0.0024883
25 30 0.00248295
25 31 0.00247558
25 32 0.0024656
25 33 0.00245226
25 34 0.00243465
25 35 0.00241163
25 36 0.00238185
25 37 0.00234366
25 38 0.00229518
25 39 0.00223419
25 40 0.00215814
25 41 0.00206415
25 42 0.00194899
25 43 0.0018091
25 44 0.00164057
25 45 0.00143917
25 46 0.00120039
25 47 0.000919485
25 48 0.000591489
25 49 0.000211294
25 50 -7.03228e-05

