25 1 0.000692453
25 2 0.00108661
25 3 0.00143198
25 4 0.00173292
25 5 0.00199366
25 6 0.00221824
25 7 0.00241054
25 8 0.00257418
25 9 0.00271257
25 10 0.00282886
25 11 0.00292594
25 12 0.00300646
25 13 0.00307277
25 14 0.003127
25 15 0.00317102
25 16 0.00320645
25 17 0.00323473
25 18 0.00325705
25 19 0.00327442
25 20 0.0032877
25 21 0.00329754
25 22 0.00330448
25 23 0.0033089
25 24 0.00331105
25 25 0.00331105
25 26 0.0033089
25 27 0.00330448
25 28 0.00329754
25 29 0.0032877
25 30 0.00327442
25 31 0.00325705
25 32 0.00323473
25 33 0.00320645
25 34 0.00317102
25 35 0.003127
25 36 0.00307277
25 37 0.00300646
25 38 0.00292594
25 39 0.00282886
25 40 0.00271257
25 41 0.00257418
25 42 0.00241054
25 43 0.00221824
25 44 0.00199366
25 45 0.00173292
25 46 0.00143198
25 47 0.00108661
25 48 0.000692453
25 49 0.000245065
25 50 -8.15861e-05

