25 1 0.000861989
25 2 0.00136778
25 3 0.00182276
25 4 0.00223051
25 5 0.00259457
25 6 0.00291836
25 7 0.0032052
25 8 0.00345828
25 9 0.00368063
25 10 0.00387514
25 11 0.00404453
25 12 0.00419133
25 13 0.00431791
25 14 0.00442643
25 15 0.00451889
25 16 0.00459708
25 17 0.00466261
25 18 0.00471689
25 19 0.00476116
25 20 0.00479646
25 21 0.00482367
25 22 0.00484347
25 23 0.00485639
25 24 0.00486277
25 25 0.00486277
25 26 0.00485639
25 27 0.00484347
25 28 0.00482367
25 29 0.00479646
25 30 0.00476116
25 31 0.00471689
25 32 0.00466261
25 33 0.00459708
25 34 0.00451889
25 35 0.00442643
25 36 0.00431791
25 37 0.00419133
25 38 0.00404453
25 39 0.00387514
25 40 0.00368063
25 41 0.00345828
25 42 0.0032052
25 43 0.00291836
25 44 0.00259457
25 45 0.00223051
25 46 0.00182276
25 47 0.00136778
25 48 0.000861989
25 49 0.000301715
25 50 -0.000100475

