25 1 0.00146585
25 2 0.00237122
25 3 0.00322127
25 4 0.00401787
25 5 0.00476285
25 6 0.005458
25 7 0.00610509
25 8 0.00670582
25 9 0.00726184
25 10 0.00777477
25 11 0.00824611
25 12 0.00867734
25 13 0.00906982
25 14 0.00942484
25 15 0.00974362
25 16 0.0100273
25 17 0.0102768
25 18 0.0104931
25 19 0.0106769
25 20 0.0108291
25 21 0.0109501
25 22 0.0110405
25 23 0.0111005
25 24 0.0111305
25 25 0.0111305
25 26 0.0111005
25 27 0.0110405
25 28 0.0109501
25 29 0.0108291
25 30 0.0106769
25 31 0.0104931
25 32 0.0102768
25 33 0.0100273
25 34 0.00974362
25 35 0.00942484
25 36 0.00906982
25 37 0.00867734
25 38 0.00824611
25 39 0.00777477
25 40 0.00726184
25 41 0.00670582
25 42 0.00610509
25 43 0.005458
25 44 0.00476285
25 45 0.00401787
25 46 0.00322127
25 47 0.00237122
25 48 0.00146585
25 49 0.000503306
25 50 -0.000167673

