25 1 0.00190069
25 2 0.00309404
25 3 0.00422922
25 4 0.00530697
25 5 0.006328
25 6 0.00729303
25 7 0.00820274
25 8 0.00905782
25 9 0.00985891
25 10 0.0106066
25 11 0.0113016
25 12 0.0119444
25 13 0.0125355
25 14 0.0130755
25 15 0.0135649
25 16 0.014004
25 17 0.0143933
25 18 0.0147332
25 19 0.0150239
25 20 0.0152657
25 21 0.0154589
25 22 0.0156036
25 23 0.0157
25 24 0.0157482
25 25 0.0157482
25 26 0.0157
25 27 0.0156036
25 28 0.0154589
25 29 0.0152657
25 30 0.0150239
25 31 0.0147332
25 32 0.0143933
25 33 0.014004
25 34 0.0135649
25 35 0.0130755
25 36 0.0125355
25 37 0.0119444
25 38 0.0113016
25 39 0.0106066
25 40 0.00985891
25 41 0.00905782
25 42 0.00820274
25 43 0.00729303
25 44 0.006328
25 45 0.00530697
25 46 0.00422922
25 47 0.00309404
25 48 0.00190069
25 49 0.000648443
25 50 -0.00021605

