25 1 0.00172054
25 2 0.00279457
25 3 0.00381162
25 4 0.00477289
25 5 0.00567955
25 6 0.00653276
25 7 0.00733366
25 8 0.00808335
25 9 0.0087829
25 10 0.00943333
25 11 0.0100356
25 12 0.0105908
25 13 0.0110996
25 14 0.0115629
25 15 0.0119816
25 16 0.0123563
25 17 0.0126877
25 18 0.0129763
25 19 0.0132227
25 20 0.0134274
25 21 0.0135907
25 22 0.0137128
25 23 0.0137942
25 24 0.0138348
25 25 0.0138348
25 26 0.0137942
25 27 0.0137128
25 28 0.0135907
25 29 0.0134274
25 30 0.0132227
25 31 0.0129763
25 32 0.0126877
25 33 0.0123563
25 34 0.0119816
25 35 0.0115629
25 36 0.0110996
25 37 0.0105908
25 38 0.0100356
25 39 0.00943333
25 40 0.0087829
25 41 0.00808335
25 42 0.00733366
25 43 0.00653276
25 44 0.00567955
25 45 0.00477289
25 46 0.00381162
25 47 0.00279457
25 48 0.00172054
25 49 0.000588312
25 50 -0.000196007

