25 1 0.000781486
25 2 0.0012342
25 3 0.00163697
25 4 0.00199372
25 5 0.00230827
25 6 0.00258434
25 7 0.00282548
25 8 0.0030351
25 9 0.00321641
25 10 0.00337244
25 11 0.00350601
25 12 0.00361974
25 13 0.00371601
25 14 0.00379701
25 15 0.00386472
25 16 0.00392088
25 17 0.00396707
25 18 0.00400463
25 19 0.00403473
25 20 0.00405835
25 21 0.00407631
25 22 0.00408923
25 23 0.00409758
25 24 0.00410168
25 25 0.00410168
25 26 0.00409758
25 27 0.00408923
25 28 0.00407631
25 29 0.00405835
25 30 0.00403473
25 31 0.00400463
25 32 0.00396707
25 33 0.00392088
25 34 0.00386472
25 35 0.00379701
25 36 0.00371601
25 37 0.00361974
25 38 0.00350601
25 39 0.00337244
25 40 0.00321641
25 41 0.0030351
25 42 0.00282548
25 43 0.00258434
25 44 0.00230827
25 45 0.00199372
25 46 0.00163697
25 47 0.0012342
25 48 0.000781486
25 49 0.000274822
25 50 -9.15086e-05

