25 1 0.00166693
25 2 0.00270547
25 3 0.00368737
25 4 0.00461397
25 5 0.0054866
25 6 0.00630654
25 7 0.00707507
25 8 0.0077934
25 9 0.00846273
25 10 0.00908422
25 11 0.00965896
25 12 0.010188
25 13 0.0106723
25 14 0.0111129
25 15 0.0115105
25 16 0.011866
25 17 0.0121801
25 18 0.0124535
25 19 0.0126868
25 20 0.0128804
25 21 0.0130348
25 22 0.0131503
25 23 0.0132271
25 24 0.0132655
25 25 0.0132655
25 26 0.0132271
25 27 0.0131503
25 28 0.0130348
25 29 0.0128804
25 30 0.0126868
25 31 0.0124535
25 32 0.0121801
25 33 0.011866
25 34 0.0115105
25 35 0.0111129
25 36 0.0106723
25 37 0.010188
25 38 0.00965896
25 39 0.00908422
25 40 0.00846273
25 41 0.0077934
25 42 0.00707507
25 43 0.00630654
25 44 0.0054866
25 45 0.00461397
25 46 0.00368737
25 47 0.00270547
25 48 0.00166693
25 49 0.000570421
25 50 -0.000190044

