25 1 0.00106875
25 2 0.0017112
25 3 0.00230106
25 4 0.00284126
25 5 0.00333468
25 6 0.00378413
25 7 0.00419237
25 8 0.00456205
25 9 0.00489575
25 10 0.00519594
25 11 0.00546496
25 12 0.00570506
25 13 0.00591832
25 14 0.00610671
25 15 0.00627205
25 16 0.00641601
25 17 0.00654011
25 18 0.00664569
25 19 0.00673395
25 20 0.00680592
25 21 0.00686246
25 22 0.00690426
25 23 0.00693183
25 24 0.00694554
25 25 0.00694554
25 26 0.00693183
25 27 0.00690426
25 28 0.00686246
25 29 0.00680592
25 30 0.00673395
25 31 0.00664569
25 32 0.00654011
25 33 0.00641601
25 34 0.00627205
25 35 0.00610671
25 36 0.00591832
25 37 0.00570506
25 38 0.00546496
25 39 0.00519594
25 40 0.00489575
25 41 0.00456205
25 42 0.00419237
25 43 0.00378413
25 44 0.00333468
25 45 0.00284126
25 46 0.00230106
25 47 0.0017112
25 48 0.00106875
25 49 0.000370756
25 50 -0.00012349

