25 1 0.00154036
25 2 0.00249507
25 3 0.00339397
25 4 0.00423874
25 5 0.00503101
25 6 0.0057724
25 7 0.00646448
25 8 0.00710878
25 9 0.00770678
25 10 0.00825992
25 11 0.00876957
25 12 0.00923702
25 13 0.00966352
25 14 0.0100502
25 15 0.0103982
25 16 0.0107085
25 17 0.0109819
25 18 0.0112194
25 19 0.0114215
25 20 0.011589
25 21 0.0117224
25 22 0.0118221
25 23 0.0118883
25 24 0.0119214
25 25 0.0119214
25 26 0.0118883
25 27 0.0118221
25 28 0.0117224
25 29 0.011589
25 30 0.0114215
25 31 0.0112194
25 32 0.0109819
25 33 0.0107085
25 34 0.0103982
25 35 0.0100502
25 36 0.00966352
25 37 0.00923702
25 38 0.00876957
25 39 0.00825992
25 40 0.00770678
25 41 0.00710878
25 42 0.00646448
25 43 0.0057724
25 44 0.00503101
25 45 0.00423874
25 46 0.00339397
25 47 0.00249507
25 48 0.00154036
25 49 0.000528174
25 50 -0.000175962

