25 1 0.00196841
25 2 0.0032066
25 3 0.00438618
25 4 0.00550771
25 5 0.00657174
25 6 0.0075788
25 7 0.00852941
25 8 0.0094241
25 9 0.0102633
25 10 0.0110476
25 11 0.0117774
25 12 0.0124532
25 13 0.0130753
25 14 0.0136441
25 15 0.01416
25 16 0.0146234
25 17 0.0150344
25 18 0.0153935
25 19 0.0157009
25 20 0.0159567
25 21 0.0161611
25 22 0.0163143
25 23 0.0164163
25 24 0.0164674
25 25 0.0164674
25 26 0.0164163
25 27 0.0163143
25 28 0.0161611
25 29 0.0159567
25 30 0.0157009
25 31 0.0153935
25 32 0.0150344
25 33 0.0146234
25 34 0.01416
25 35 0.0136441
25 36 0.0130753
25 37 0.0124532
25 38 0.0117774
25 39 0.0110476
25 40 0.0102633
25 41 0.0094241
25 42 0.00852941
25 43 0.0075788
25 44 0.00657174
25 45 0.00550771
25 46 0.00438618
25 47 0.0032066
25 48 0.00196841
25 49 0.000671044
25 50 -0.000223584

