25 1 0.000316878
25 2 0.000467979
25 3 0.000580829
25 4 0.00066312
25 5 0.000721647
25 6 0.000762206
25 7 0.000789568
25 8 0.000807521
25 9 0.000818968
25 10 0.000826054
25 11 0.000830311
25 12 0.000832789
25 13 0.000834188
25 14 0.000834951
25 15 0.000835355
25 16 0.000835561
25 17 0.000835662
25 18 0.000835711
25 19 0.000835733
25 20 0.000835743
25 21 0.000835747
25 22 0.000835749
25 23 0.00083575
25 24 0.00083575
25 25 0.00083575
25 26 0.00083575
25 27 0.000835749
25 28 0.000835747
25 29 0.000835743
25 30 0.000835733
25 31 0.000835711
25 32 0.000835662
25 33 0.000835561
25 34 0.000835355
25 35 0.000834951
25 36 0.000834188
25 37 0.000832789
25 38 0.000830311
25 39 0.000826054
25 40 0.000818968
25 41 0.000807521
25 42 0.000789568
25 43 0.000762206
25 44 0.000721647
25 45 0.00066312
25 46 0.000580829
25 47 0.000467979
25 48 0.000316878
25 49 0.000119126
25 50 -3.95537e-05

