25 1 0.00195631
25 2 0.00318649
25 3 0.00435814
25 4 0.00547184
25 5 0.00652818
25 6 0.00752773
25 7 0.00847104
25 8 0.00935865
25 9 0.0101911
25 10 0.0109688
25 11 0.0116924
25 12 0.0123623
25 13 0.0129788
25 14 0.0135425
25 15 0.0140537
25 16 0.0145127
25 17 0.0149199
25 18 0.0152755
25 19 0.0155799
25 20 0.0158332
25 21 0.0160356
25 22 0.0161873
25 23 0.0162883
25 24 0.0163388
25 25 0.0163388
25 26 0.0162883
25 27 0.0161873
25 28 0.0160356
25 29 0.0158332
25 30 0.0155799
25 31 0.0152755
25 32 0.0149199
25 33 0.0145127
25 34 0.0140537
25 35 0.0135425
25 36 0.0129788
25 37 0.0123623
25 38 0.0116924
25 39 0.0109688
25 40 0.0101911
25 41 0.00935865
25 42 0.00847104
25 43 0.00752773
25 44 0.00652818
25 45 0.00547184
25 46 0.00435814
25 47 0.00318649
25 48 0.00195631
25 49 0.000667005
25 50 -0.000222238

