25 1 0.000935944
25 2 0.00149058
25 3 0.0019937
25 4 0.00244864
25 5 0.00285868
25 6 0.00322702
25 7 0.00355677
25 8 0.00385091
25 9 0.00411232
25 10 0.00434375
25 11 0.00454778
25 12 0.00472687
25 13 0.00488331
25 14 0.00501921
25 15 0.00513653
25 16 0.00523704
25 17 0.00532235
25 18 0.00539389
25 19 0.00545289
25 20 0.00550043
25 21 0.0055374
25 22 0.00556451
25 23 0.00558228
25 24 0.00559108
25 25 0.00559108
25 26 0.00558228
25 27 0.00556451
25 28 0.0055374
25 29 0.00550043
25 30 0.00545289
25 31 0.00539389
25 32 0.00532235
25 33 0.00523704
25 34 0.00513653
25 35 0.00501921
25 36 0.00488331
25 37 0.00472687
25 38 0.00454778
25 39 0.00434375
25 40 0.00411232
25 41 0.00385091
25 42 0.00355677
25 43 0.00322702
25 44 0.00285868
25 45 0.00244864
25 46 0.0019937
25 47 0.00149058
25 48 0.000935944
25 49 0.000326414
25 50 -0.000108709

