25 1 2.5e-06
25 2 2.5e-06
25 3 2.5e-06
25 4 2.5e-06
25 5 2.5e-06
25 6 2.5e-06
25 7 2.5e-06
25 8 2.5e-06
25 9 2.5e-06
25 10 2.5e-06
25 11 2.5e-06
25 12 2.5e-06
25 13 2.5e-06
25 14 2.5e-06
25 15 2.5e-06
25 16 2.5e-06
25 17 2.5e-06
25 18 2.5e-06
25 19 2.5e-06
25 20 2.5e-06
25 21 2.5e-06
25 22 2.5e-06
25 23 2.5e-06
25 24 2.5e-06
25 25 2.5e-06
25 26 2.5e-06
25 27 2.5e-06
25 28 2.5e-06
25 29 2.5e-06
25 30 2.5e-06
25 31 2.5e-06
25 32 2.5e-06
25 33 2.5e-06
25 34 2.5e-06
25 35 2.5e-06
25 36 2.5e-06
25 37 2.5e-06
25 38 2.5e-06
25 39 2.5e-06
25 40 2.5e-06
25 41 2.5e-06
25 42 2.5e-06
25 43 2.5e-06
25 44 2.5e-06
25 45 2.5e-06
25 46 2.5e-06
25 47 2.5e-06
25 48 2.5e-06
25 49 2.5e-06
25 50 2.5e-06

