15 1 0.00741608
15 2 0.0217982
15 3 0.0355803
15 4 0.0487624
15 5 0.0613447
15 6 0.0733271
15 7 0.0847098
15 8 0.095493
15 9 0.105677
15 10 0.115261
15 11 0.124245
15 12 0.132631
15 13 0.140417
15 14 0.147604
15 15 0.154192
15 16 0.16018
15 17 0.16557
15 18 0.170361
15 19 0.174553
15 20 0.178145
15 21 0.181139
15 22 0.183535
15 23 0.185331
15 24 0.186529
15 25 0.187127
15 26 0.187127
15 27 0.186529
15 28 0.185331
15 29 0.183535
15 30 0.181139
15 31 0.178145
15 32 0.174553
15 33 0.170361
15 34 0.16557
15 35 0.16018
15 36 0.154192
15 37 0.147604
15 38 0.140417
15 39 0.132631
15 40 0.124245
15 41 0.115261
15 42 0.105677
15 43 0.095493
15 44 0.0847098
15 45 0.0733271
15 46 0.0613447
15 47 0.0487624
15 48 0.0355803
15 49 0.0217982
15 50 0.00741608

