15 1 0.00742713
15 2 0.0218313
15 3 0.0356353
15 4 0.0488392
15 5 0.0614428
15 6 0.0734463
15 7 0.0848496
15 8 0.0956527
15 9 0.105856
15 10 0.115458
15 11 0.124461
15 12 0.132863
15 13 0.140666
15 14 0.147868
15 15 0.15447
15 16 0.160471
15 17 0.165873
15 18 0.170674
15 19 0.174875
15 20 0.178476
15 21 0.181477
15 22 0.183878
15 23 0.185679
15 24 0.186879
15 25 0.187479
15 26 0.187479
15 27 0.186879
15 28 0.185679
15 29 0.183878
15 30 0.181477
15 31 0.178476
15 32 0.174875
15 33 0.170674
15 34 0.165873
15 35 0.160471
15 36 0.15447
15 37 0.147868
15 38 0.140666
15 39 0.132863
15 40 0.124461
15 41 0.115458
15 42 0.105856
15 43 0.0956527
15 44 0.0848496
15 45 0.0734463
15 46 0.0614428
15 47 0.0488392
15 48 0.0356353
15 49 0.0218313
15 50 0.00742713

