15 1 0.00667005
15 2 0.0195631
15 3 0.0318649
15 4 0.0435814
15 5 0.0547184
15 6 0.0652818
15 7 0.0752773
15 8 0.0847104
15 9 0.0935865
15 10 0.101911
15 11 0.109688
15 12 0.116924
15 13 0.123623
15 14 0.129788
15 15 0.135425
15 16 0.140537
15 17 0.145127
15 18 0.149199
15 19 0.152755
15 20 0.155799
15 21 0.158332
15 22 0.160356
15 23 0.161873
15 24 0.162883
15 25 0.163388
15 26 0.163388
15 27 0.162883
15 28 0.161873
15 29 0.160356
15 30 0.158332
15 31 0.155799
15 32 0.152755
15 33 0.149199
15 34 0.145127
15 35 0.140537
15 36 0.135425
15 37 0.129788
15 38 0.123623
15 39 0.116924
15 40 0.109688
15 41 0.101911
15 42 0.0935865
15 43 0.0847104
15 44 0.0752773
15 45 0.0652818
15 46 0.0547184
15 47 0.0435814
15 48 0.0318649
15 49 0.0195631
15 50 0.00667005

