15 1 0.00742626
15 2 0.0218287
15 3 0.035631
15 4 0.0488331
15 5 0.061435
15 6 0.0734368
15 7 0.0848385
15 8 0.09564
15 9 0.105841
15 10 0.115443
15 11 0.124444
15 12 0.132845
15 13 0.140646
15 14 0.147847
15 15 0.154448
15 16 0.160448
15 17 0.165849
15 18 0.170649
15 19 0.17485
15 20 0.17845
15 21 0.181451
15 22 0.183851
15 23 0.185651
15 24 0.186851
15 25 0.187451
15 26 0.187451
15 27 0.186851
15 28 0.185651
15 29 0.183851
15 30 0.181451
15 31 0.17845
15 32 0.17485
15 33 0.170649
15 34 0.165849
15 35 0.160448
15 36 0.154448
15 37 0.147847
15 38 0.140646
15 39 0.132845
15 40 0.124444
15 41 0.115443
15 42 0.105841
15 43 0.09564
15 44 0.0848385
15 45 0.0734368
15 46 0.061435
15 47 0.0488331
15 48 0.035631
15 49 0.0218287
15 50 0.00742626

