15 1 0.00739392
15 2 0.0217318
15 3 0.0354699
15 4 0.0486085
15 5 0.0611478
15 6 0.0730881
15 7 0.0844296
15 8 0.0951727
15 9 0.105317
15 10 0.114864
15 11 0.123813
15 12 0.132164
15 13 0.139918
15 14 0.147075
15 15 0.153634
15 16 0.159597
15 17 0.164963
15 18 0.169732
15 19 0.173905
15 20 0.177482
15 21 0.180462
15 22 0.182846
15 23 0.184634
15 24 0.185826
15 25 0.186422
15 26 0.186422
15 27 0.185826
15 28 0.184634
15 29 0.182846
15 30 0.180462
15 31 0.177482
15 32 0.173905
15 33 0.169732
15 34 0.164963
15 35 0.159597
15 36 0.153634
15 37 0.147075
15 38 0.139918
15 39 0.132164
15 40 0.123813
15 41 0.114864
15 42 0.105317
15 43 0.0951727
15 44 0.0844296
15 45 0.0730881
15 46 0.0611478
15 47 0.0486085
15 48 0.0354699
15 49 0.0217318
15 50 0.00739392

