15 1 0.00740996
15 2 0.0217799
15 3 0.0355498
15 4 0.0487199
15 5 0.0612903
15 6 0.0732611
15 7 0.0846325
15 8 0.0954045
15 9 0.105577
15 10 0.115151
15 11 0.124126
15 12 0.132502
15 13 0.140279
15 14 0.147458
15 15 0.154038
15 16 0.160019
15 17 0.165402
15 18 0.170187
15 19 0.174374
15 20 0.177962
15 21 0.180952
15 22 0.183345
15 23 0.185139
15 24 0.186335
15 25 0.186933
15 26 0.186933
15 27 0.186335
15 28 0.185139
15 29 0.183345
15 30 0.180952
15 31 0.177962
15 32 0.174374
15 33 0.170187
15 34 0.165402
15 35 0.160019
15 36 0.154038
15 37 0.147458
15 38 0.140279
15 39 0.132502
15 40 0.124126
15 41 0.115151
15 42 0.105577
15 43 0.0954045
15 44 0.0846325
15 45 0.0732611
15 46 0.0612903
15 47 0.0487199
15 48 0.0355498
15 49 0.0217799
15 50 0.00740996

