15 1 0.00742538
15 2 0.0218261
15 3 0.0356266
15 4 0.048827
15 5 0.0614272
15 6 0.0734274
15 7 0.0848274
15 8 0.0956273
15 9 0.105827
15 10 0.115427
15 11 0.124427
15 12 0.132826
15 13 0.140626
15 14 0.147826
15 15 0.154425
15 16 0.160425
15 17 0.165825
15 18 0.170625
15 19 0.174824
15 20 0.178424
15 21 0.181424
15 22 0.183824
15 23 0.185623
15 24 0.186823
15 25 0.187423
15 26 0.187423
15 27 0.186823
15 28 0.185623
15 29 0.183824
15 30 0.181424
15 31 0.178424
15 32 0.174824
15 33 0.170625
15 34 0.165825
15 35 0.160425
15 36 0.154425
15 37 0.147826
15 38 0.140626
15 39 0.132826
15 40 0.124427
15 41 0.115427
15 42 0.105827
15 43 0.0956273
15 44 0.0848274
15 45 0.0734274
15 46 0.0614272
15 47 0.048827
15 48 0.0356266
15 49 0.0218261
15 50 0.00742538

