15 1 0.00741088
15 2 0.0217826
15 3 0.0355544
15 4 0.0487263
15 5 0.0612985
15 6 0.073271
15 7 0.0846441
15 8 0.0954178
15 9 0.105592
15 10 0.115168
15 11 0.124144
15 12 0.132521
15 13 0.1403
15 14 0.14748
15 15 0.154061
15 16 0.160043
15 17 0.165428
15 18 0.170213
15 19 0.174401
15 20 0.17799
15 21 0.180981
15 22 0.183373
15 23 0.185168
15 24 0.186364
15 25 0.186962
15 26 0.186962
15 27 0.186364
15 28 0.185168
15 29 0.183373
15 30 0.180981
15 31 0.17799
15 32 0.174401
15 33 0.170213
15 34 0.165428
15 35 0.160043
15 36 0.154061
15 37 0.14748
15 38 0.1403
15 39 0.132521
15 40 0.124144
15 41 0.115168
15 42 0.105592
15 43 0.0954178
15 44 0.0846441
15 45 0.073271
15 46 0.0612985
15 47 0.0487263
15 48 0.0355544
15 49 0.0217826
15 50 0.00741088

