15 1 0.00618714
15 2 0.0181162
15 3 0.0294598
15 4 0.0402276
15 5 0.0504292
15 6 0.0600741
15 7 0.0691715
15 8 0.0777307
15 9 0.0857604
15 10 0.0932693
15 11 0.100266
15 12 0.106757
15 13 0.112752
15 14 0.118256
15 15 0.123277
15 16 0.127821
15 17 0.131894
15 18 0.1355
15 19 0.138646
15 20 0.141334
15 21 0.143568
15 22 0.145352
15 23 0.146688
15 24 0.147578
15 25 0.148022
15 26 0.148022
15 27 0.147578
15 28 0.146688
15 29 0.145352
15 30 0.143568
15 31 0.141334
15 32 0.138646
15 33 0.1355
15 34 0.131894
15 35 0.127821
15 36 0.123277
15 37 0.118256
15 38 0.112752
15 39 0.106757
15 40 0.100266
15 41 0.0932693
15 42 0.0857604
15 43 0.0777307
15 44 0.0691715
15 45 0.0600741
15 46 0.0504292
15 47 0.0402276
15 48 0.0294598
15 49 0.0181162
15 50 0.00618714

