15 1 0.00427652
15 2 0.012392
15 3 0.0199447
15 4 0.0269594
15 5 0.0334606
15 6 0.0394726
15 7 0.0450189
15 8 0.0501229
15 9 0.0548069
15 10 0.0590929
15 11 0.0630017
15 12 0.0665534
15 13 0.0697672
15 14 0.072661
15 15 0.0752517
15 16 0.0775552
15 17 0.0795859
15 18 0.0813569
15 19 0.0828802
15 20 0.0841662
15 21 0.0852239
15 22 0.0860609
15 23 0.0866832
15 24 0.0870956
15 25 0.087301
15 26 0.087301
15 27 0.0870956
15 28 0.0866832
15 29 0.0860609
15 30 0.0852239
15 31 0.0841662
15 32 0.0828802
15 33 0.0813569
15 34 0.0795859
15 35 0.0775552
15 36 0.0752517
15 37 0.072661
15 38 0.0697672
15 39 0.0665534
15 40 0.0630017
15 41 0.0590929
15 42 0.0548069
15 43 0.0501229
15 44 0.0450189
15 45 0.0394726
15 46 0.0334606
15 47 0.0269594
15 48 0.0199447
15 49 0.012392
15 50 0.00427652

