15 1 0.00741258
15 2 0.0217877
15 3 0.0355628
15 4 0.0487381
15 5 0.0613135
15 6 0.0732893
15 7 0.0846655
15 8 0.0954423
15 9 0.10562
15 10 0.115198
15 11 0.124177
15 12 0.132557
15 13 0.140338
15 14 0.14752
15 15 0.154103
15 16 0.160088
15 17 0.165474
15 18 0.170261
15 19 0.17445
15 20 0.17804
15 21 0.181032
15 22 0.183426
15 23 0.185221
15 24 0.186418
15 25 0.187016
15 26 0.187016
15 27 0.186418
15 28 0.185221
15 29 0.183426
15 30 0.181032
15 31 0.17804
15 32 0.17445
15 33 0.170261
15 34 0.165474
15 35 0.160088
15 36 0.154103
15 37 0.14752
15 38 0.140338
15 39 0.132557
15 40 0.124177
15 41 0.115198
15 42 0.10562
15 43 0.0954423
15 44 0.0846655
15 45 0.0732893
15 46 0.0613135
15 47 0.0487381
15 48 0.0355628
15 49 0.0217877
15 50 0.00741258

