15 1 0.00735551
15 2 0.0216167
15 3 0.0352786
15 4 0.0483417
15 5 0.0608066
15 6 0.0726738
15 7 0.0839439
15 8 0.0946174
15 9 0.104695
15 10 0.114177
15 11 0.123063
15 12 0.131355
15 13 0.139053
15 14 0.146157
15 15 0.152668
15 16 0.158585
15 17 0.16391
15 18 0.168642
15 19 0.172783
15 20 0.176331
15 21 0.179288
15 22 0.181653
15 23 0.183426
15 24 0.184609
15 25 0.1852
15 26 0.1852
15 27 0.184609
15 28 0.183426
15 29 0.181653
15 30 0.179288
15 31 0.176331
15 32 0.172783
15 33 0.168642
15 34 0.16391
15 35 0.158585
15 36 0.152668
15 37 0.146157
15 38 0.139053
15 39 0.131355
15 40 0.123063
15 41 0.114177
15 42 0.104695
15 43 0.0946174
15 44 0.0839439
15 45 0.0726738
15 46 0.0608066
15 47 0.0483417
15 48 0.0352786
15 49 0.0216167
15 50 0.00735551

