15 1 0.00444519
15 2 0.0128973
15 3 0.0207846
15 4 0.0281304
15 5 0.0349581
15 6 0.0412903
15 7 0.0471497
15 8 0.0525579
15 9 0.0575364
15 10 0.0621058
15 11 0.066286
15 12 0.0700959
15 13 0.0735536
15 14 0.0766763
15 15 0.07948
15 16 0.0819796
15 17 0.0841889
15 18 0.0861204
15 19 0.0877853
15 20 0.0891937
15 21 0.0903541
15 22 0.0912736
15 23 0.0919582
15 24 0.0924122
15 25 0.0926384
15 26 0.0926384
15 27 0.0924122
15 28 0.0919582
15 29 0.0912736
15 30 0.0903541
15 31 0.0891937
15 32 0.0877853
15 33 0.0861204
15 34 0.0841889
15 35 0.0819796
15 36 0.07948
15 37 0.0766763
15 38 0.0735536
15 39 0.0700959
15 40 0.066286
15 41 0.0621058
15 42 0.0575364
15 43 0.0525579
15 44 0.0471497
15 45 0.0412903
15 46 0.0349581
15 47 0.0281304
15 48 0.0207846
15 49 0.0128973
15 50 0.00444519

