15 1 0.00734269
15 2 0.0215783
15 3 0.0352148
15 4 0.0482527
15 5 0.0606928
15 6 0.0725356
15 7 0.0837819
15 8 0.0944322
15 9 0.104487
15 10 0.113947
15 11 0.122813
15 12 0.131086
15 13 0.138765
15 14 0.145851
15 15 0.152345
15 16 0.158248
15 17 0.163559
15 18 0.168279
15 19 0.172408
15 20 0.175947
15 21 0.178896
15 22 0.181254
15 23 0.183023
15 24 0.184203
15 25 0.184792
15 26 0.184792
15 27 0.184203
15 28 0.183023
15 29 0.181254
15 30 0.178896
15 31 0.175947
15 32 0.172408
15 33 0.168279
15 34 0.163559
15 35 0.158248
15 36 0.152345
15 37 0.145851
15 38 0.138765
15 39 0.131086
15 40 0.122813
15 41 0.113947
15 42 0.104487
15 43 0.0944322
15 44 0.0837819
15 45 0.0725356
15 46 0.0606928
15 47 0.0482527
15 48 0.0352148
15 49 0.0215783
15 50 0.00734269

