15 1 0.00728099
15 2 0.0213935
15 3 0.0349075
15 4 0.0478242
15 5 0.0601448
15 6 0.0718703
15 7 0.0830018
15 8 0.0935405
15 9 0.103487
15 10 0.112843
15 11 0.121609
15 12 0.129787
15 13 0.137376
15 14 0.144378
15 15 0.150793
15 16 0.156623
15 17 0.161868
15 18 0.166529
15 19 0.170606
15 20 0.174099
15 21 0.177009
15 22 0.179337
15 23 0.181083
15 24 0.182247
15 25 0.182829
15 26 0.182829
15 27 0.182247
15 28 0.181083
15 29 0.179337
15 30 0.177009
15 31 0.174099
15 32 0.170606
15 33 0.166529
15 34 0.161868
15 35 0.156623
15 36 0.150793
15 37 0.144378
15 38 0.137376
15 39 0.129787
15 40 0.121609
15 41 0.112843
15 42 0.103487
15 43 0.0935405
15 44 0.0830018
15 45 0.0718703
15 46 0.0601448
15 47 0.0478242
15 48 0.0349075
15 49 0.0213935
15 50 0.00728099

