15 1 0.00349336
15 2 0.0100459
15 3 0.016046
15 4 0.0215252
15 5 0.0265147
15 6 0.0310451
15 7 0.0351464
15 8 0.0388478
15 9 0.0421774
15 10 0.0451625
15 11 0.0478291
15 12 0.0502019
15 13 0.0523044
15 14 0.0541584
15 15 0.0557846
15 16 0.0572018
15 17 0.0584272
15 18 0.0594767
15 19 0.0603642
15 20 0.061102
15 21 0.0617006
15 22 0.0621689
15 23 0.0625139
15 24 0.0627409
15 25 0.0628536
15 26 0.0628536
15 27 0.0627409
15 28 0.0625139
15 29 0.0621689
15 30 0.0617006
15 31 0.061102
15 32 0.0603642
15 33 0.0594767
15 34 0.0584272
15 35 0.0572018
15 36 0.0557846
15 37 0.0541584
15 38 0.0523044
15 39 0.0502019
15 40 0.0478291
15 41 0.0451625
15 42 0.0421774
15 43 0.0388478
15 44 0.0351464
15 45 0.0310451
15 46 0.0265147
15 47 0.0215252
15 48 0.016046
15 49 0.0100459
15 50 0.00349336

