15 1 0.00625329
15 2 0.0183144
15 3 0.0297893
15 4 0.040687
15 5 0.0510167
15 6 0.0607874
15 7 0.0700079
15 8 0.0786868
15 9 0.0868324
15 10 0.094453
15 11 0.101556
15 12 0.10815
15 13 0.114241
15 14 0.119836
15 15 0.124941
15 16 0.129563
15 17 0.133706
15 18 0.137377
15 19 0.140578
15 20 0.143315
15 21 0.145591
15 22 0.147407
15 23 0.148768
15 24 0.149674
15 25 0.150127
15 26 0.150127
15 27 0.149674
15 28 0.148768
15 29 0.147407
15 30 0.145591
15 31 0.143315
15 32 0.140578
15 33 0.137377
15 34 0.133706
15 35 0.129563
15 36 0.124941
15 37 0.119836
15 38 0.114241
15 39 0.10815
15 40 0.101556
15 41 0.094453
15 42 0.0868324
15 43 0.0786868
15 44 0.0700079
15 45 0.0607874
15 46 0.0510167
15 47 0.040687
15 48 0.0297893
15 49 0.0183144
15 50 0.00625329

