15 1 0.00741827
15 2 0.0218048
15 3 0.0355912
15 4 0.0487776
15 5 0.0613641
15 6 0.0733507
15 7 0.0847375
15 8 0.0955246
15 9 0.105712
15 10 0.1153
15 11 0.124288
15 12 0.132677
15 13 0.140466
15 14 0.147656
15 15 0.154247
15 16 0.160238
15 17 0.16563
15 18 0.170423
15 19 0.174617
15 20 0.178211
15 21 0.181206
15 22 0.183603
15 23 0.1854
15 24 0.186598
15 25 0.187197
15 26 0.187197
15 27 0.186598
15 28 0.1854
15 29 0.183603
15 30 0.181206
15 31 0.178211
15 32 0.174617
15 33 0.170423
15 34 0.16563
15 35 0.160238
15 36 0.154247
15 37 0.147656
15 38 0.140466
15 39 0.132677
15 40 0.124288
15 41 0.1153
15 42 0.105712
15 43 0.0955246
15 44 0.0847375
15 45 0.0733507
15 46 0.0613641
15 47 0.0487776
15 48 0.0355912
15 49 0.0218048
15 50 0.00741827

