15 1 0.00742493
15 2 0.0218247
15 3 0.0356244
15 4 0.0488239
15 5 0.0614233
15 6 0.0734225
15 7 0.0848218
15 8 0.0956209
15 9 0.10582
15 10 0.115419
15 11 0.124418
15 12 0.132817
15 13 0.140616
15 14 0.147815
15 15 0.154414
15 16 0.160413
15 17 0.165813
15 18 0.170612
15 19 0.174811
15 20 0.178411
15 21 0.18141
15 22 0.18381
15 23 0.185609
15 24 0.186809
15 25 0.187409
15 26 0.187409
15 27 0.186809
15 28 0.185609
15 29 0.18381
15 30 0.18141
15 31 0.178411
15 32 0.174811
15 33 0.170612
15 34 0.165813
15 35 0.160413
15 36 0.154414
15 37 0.147815
15 38 0.140616
15 39 0.132817
15 40 0.124418
15 41 0.115419
15 42 0.10582
15 43 0.0956209
15 44 0.0848218
15 45 0.0734225
15 46 0.0614233
15 47 0.0488239
15 48 0.0356244
15 49 0.0218247
15 50 0.00742493

