15 1 0.0073329
15 2 0.021549
15 3 0.035166
15 4 0.0481847
15 5 0.0606058
15 6 0.07243
15 7 0.0836581
15 8 0.0942907
15 9 0.104328
15 10 0.113772
15 11 0.122622
15 12 0.130879
15 13 0.138544
15 14 0.145617
15 15 0.152099
15 16 0.15799
15 17 0.163291
15 18 0.168001
15 19 0.172122
15 20 0.175654
15 21 0.178596
15 22 0.18095
15 23 0.182715
15 24 0.183892
15 25 0.18448
15 26 0.18448
15 27 0.183892
15 28 0.182715
15 29 0.18095
15 30 0.178596
15 31 0.175654
15 32 0.172122
15 33 0.168001
15 34 0.163291
15 35 0.15799
15 36 0.152099
15 37 0.145617
15 38 0.138544
15 39 0.130879
15 40 0.122622
15 41 0.113772
15 42 0.104328
15 43 0.0942907
15 44 0.0836581
15 45 0.07243
15 46 0.0606058
15 47 0.0481847
15 48 0.035166
15 49 0.021549
15 50 0.0073329

