15 1 0.00732759
15 2 0.0215331
15 3 0.0351396
15 4 0.0481478
15 5 0.0605586
15 6 0.0723727
15 7 0.0835909
15 8 0.0942139
15 9 0.104242
15 10 0.113677
15 11 0.122519
15 12 0.130768
15 13 0.138425
15 14 0.14549
15 15 0.151965
15 16 0.15785
15 17 0.163145
15 18 0.16785
15 19 0.171967
15 20 0.175495
15 21 0.178434
15 22 0.180785
15 23 0.182548
15 24 0.183724
15 25 0.184311
15 26 0.184311
15 27 0.183724
15 28 0.182548
15 29 0.180785
15 30 0.178434
15 31 0.175495
15 32 0.171967
15 33 0.16785
15 34 0.163145
15 35 0.15785
15 36 0.151965
15 37 0.14549
15 38 0.138425
15 39 0.130768
15 40 0.122519
15 41 0.113677
15 42 0.104242
15 43 0.0942139
15 44 0.0835909
15 45 0.0723727
15 46 0.0605586
15 47 0.0481478
15 48 0.0351396
15 49 0.0215331
15 50 0.00732759

