15 1 0.00698957
15 2 0.0205203
15 3 0.0334561
15 4 0.0458003
15 5 0.0575563
15 6 0.0687275
15 7 0.0793171
15 8 0.0893284
15 9 0.0987644
15 10 0.107628
15 11 0.115923
15 12 0.123651
15 13 0.130815
15 14 0.137418
15 15 0.143462
15 16 0.14895
15 17 0.153882
15 18 0.158262
15 19 0.162091
15 20 0.16537
15 21 0.1681
15 22 0.170283
15 23 0.17192
15 24 0.17301
15 25 0.173555
15 26 0.173555
15 27 0.17301
15 28 0.17192
15 29 0.170283
15 30 0.1681
15 31 0.16537
15 32 0.162091
15 33 0.158262
15 34 0.153882
15 35 0.14895
15 36 0.143462
15 37 0.137418
15 38 0.130815
15 39 0.123651
15 40 0.115923
15 41 0.107628
15 42 0.0987644
15 43 0.0893284
15 44 0.0793171
15 45 0.0687275
15 46 0.0575563
15 47 0.0458003
15 48 0.0334561
15 49 0.0205203
15 50 0.00698957

