15 1 0.00742609
15 2 0.0218282
15 3 0.0356301
15 4 0.0488319
15 5 0.0614335
15 6 0.073435
15 7 0.0848364
15 8 0.0956376
15 9 0.105839
15 10 0.11544
15 11 0.124441
15 12 0.132841
15 13 0.140642
15 14 0.147843
15 15 0.154443
15 16 0.160444
15 17 0.165844
15 18 0.170645
15 19 0.174845
15 20 0.178445
15 21 0.181445
15 22 0.183846
15 23 0.185646
15 24 0.186846
15 25 0.187446
15 26 0.187446
15 27 0.186846
15 28 0.185646
15 29 0.183846
15 30 0.181445
15 31 0.178445
15 32 0.174845
15 33 0.170645
15 34 0.165844
15 35 0.160444
15 36 0.154443
15 37 0.147843
15 38 0.140642
15 39 0.132841
15 40 0.124441
15 41 0.11544
15 42 0.105839
15 43 0.0956376
15 44 0.0848364
15 45 0.073435
15 46 0.0614335
15 47 0.0488319
15 48 0.0356301
15 49 0.0218282
15 50 0.00742609

