15 1 0.00707573
15 2 0.0207785
15 3 0.0338853
15 4 0.0463987
15 5 0.0583217
15 6 0.0696567
15 7 0.0804066
15 8 0.0905738
15 9 0.100161
15 10 0.10917
15 11 0.117604
15 12 0.125465
15 13 0.132755
15 14 0.139476
15 15 0.14563
15 16 0.151219
15 17 0.156244
15 18 0.160706
15 19 0.164608
15 20 0.167951
15 21 0.170734
15 22 0.17296
15 23 0.174629
15 24 0.175741
15 25 0.176297
15 26 0.176297
15 27 0.175741
15 28 0.174629
15 29 0.17296
15 30 0.170734
15 31 0.167951
15 32 0.164608
15 33 0.160706
15 34 0.156244
15 35 0.151219
15 36 0.14563
15 37 0.139476
15 38 0.132755
15 39 0.125465
15 40 0.117604
15 41 0.10917
15 42 0.100161
15 43 0.0905738
15 44 0.0804066
15 45 0.0696567
15 46 0.0583217
15 47 0.0463987
15 48 0.0338853
15 49 0.0207785
15 50 0.00707573

