15 1 0.00685157
15 2 0.0201069
15 3 0.0327688
15 4 0.0448419
15 5 0.0563306
15 6 0.0672393
15 7 0.0775723
15 8 0.0873338
15 9 0.096528
15 10 0.105159
15 11 0.11323
15 12 0.120746
15 13 0.127709
15 14 0.134123
15 15 0.139991
15 16 0.145316
15 17 0.150101
15 18 0.154348
15 19 0.158059
15 20 0.161236
15 21 0.163881
15 22 0.165996
15 23 0.16758
15 24 0.168636
15 25 0.169164
15 26 0.169164
15 27 0.168636
15 28 0.16758
15 29 0.165996
15 30 0.163881
15 31 0.161236
15 32 0.158059
15 33 0.154348
15 34 0.150101
15 35 0.145316
15 36 0.139991
15 37 0.134123
15 38 0.127709
15 39 0.120746
15 40 0.11323
15 41 0.105159
15 42 0.096528
15 43 0.0873338
15 44 0.0775723
15 45 0.0672393
15 46 0.0563306
15 47 0.0448419
15 48 0.0327688
15 49 0.0201069
15 50 0.00685157

