15 1 0.00742674
15 2 0.0218301
15 3 0.0356334
15 4 0.0488364
15 5 0.0614393
15 6 0.073442
15 7 0.0848446
15 8 0.095647
15 9 0.105849
15 10 0.115451
15 11 0.124453
15 12 0.132855
15 13 0.140657
15 14 0.147858
15 15 0.15446
15 16 0.160461
15 17 0.165862
15 18 0.170663
15 19 0.174864
15 20 0.178465
15 21 0.181465
15 22 0.183866
15 23 0.185666
15 24 0.186866
15 25 0.187467
15 26 0.187467
15 27 0.186866
15 28 0.185666
15 29 0.183866
15 30 0.181465
15 31 0.178465
15 32 0.174864
15 33 0.170663
15 34 0.165862
15 35 0.160461
15 36 0.15446
15 37 0.147858
15 38 0.140657
15 39 0.132855
15 40 0.124453
15 41 0.115451
15 42 0.105849
15 43 0.095647
15 44 0.0848446
15 45 0.073442
15 46 0.0614393
15 47 0.0488364
15 48 0.0356334
15 49 0.0218301
15 50 0.00742674

