15 1 0.00701291
15 2 0.0205903
15 3 0.0335724
15 4 0.0459624
15 5 0.0577637
15 6 0.0689792
15 7 0.0796123
15 8 0.0896658
15 9 0.0991428
15 10 0.108046
15 11 0.116378
15 12 0.124143
15 13 0.131341
15 14 0.137976
15 15 0.14405
15 16 0.149564
15 17 0.154522
15 18 0.158924
15 19 0.162773
15 20 0.166069
15 21 0.168814
15 22 0.171008
15 23 0.172654
15 24 0.17375
15 25 0.174298
15 26 0.174298
15 27 0.17375
15 28 0.172654
15 29 0.171008
15 30 0.168814
15 31 0.166069
15 32 0.162773
15 33 0.158924
15 34 0.154522
15 35 0.149564
15 36 0.14405
15 37 0.137976
15 38 0.131341
15 39 0.124143
15 40 0.116378
15 41 0.108046
15 42 0.0991428
15 43 0.0896658
15 44 0.0796123
15 45 0.0689792
15 46 0.0577637
15 47 0.0459624
15 48 0.0335724
15 49 0.0205903
15 50 0.00701291

