15 1 0.00742704
15 2 0.021831
15 3 0.0356349
15 4 0.0488385
15 5 0.061442
15 6 0.0734452
15 7 0.0848484
15 8 0.0956513
15 9 0.105854
15 10 0.115457
15 11 0.124459
15 12 0.132861
15 13 0.140664
15 14 0.147865
15 15 0.154467
15 16 0.160469
15 17 0.16587
15 18 0.170672
15 19 0.174873
15 20 0.178474
15 21 0.181474
15 22 0.183875
15 23 0.185676
15 24 0.186876
15 25 0.187476
15 26 0.187476
15 27 0.186876
15 28 0.185676
15 29 0.183875
15 30 0.181474
15 31 0.178474
15 32 0.174873
15 33 0.170672
15 34 0.16587
15 35 0.160469
15 36 0.154467
15 37 0.147865
15 38 0.140664
15 39 0.132861
15 40 0.124459
15 41 0.115457
15 42 0.105854
15 43 0.0956513
15 44 0.0848484
15 45 0.0734452
15 46 0.061442
15 47 0.0488385
15 48 0.0356349
15 49 0.021831
15 50 0.00742704

