15 1 0.00742282
15 2 0.0218184
15 3 0.0356139
15 4 0.0488092
15 5 0.0614045
15 6 0.0733998
15 7 0.0847951
15 8 0.0955904
15 9 0.105786
15 10 0.115381
15 11 0.124377
15 12 0.132773
15 13 0.140569
15 14 0.147765
15 15 0.154361
15 16 0.160358
15 17 0.165755
15 18 0.170552
15 19 0.17475
15 20 0.178347
15 21 0.181346
15 22 0.183744
15 23 0.185543
15 24 0.186742
15 25 0.187342
15 26 0.187342
15 27 0.186742
15 28 0.185543
15 29 0.183744
15 30 0.181346
15 31 0.178347
15 32 0.17475
15 33 0.170552
15 34 0.165755
15 35 0.160358
15 36 0.154361
15 37 0.147765
15 38 0.140569
15 39 0.132773
15 40 0.124377
15 41 0.115381
15 42 0.105786
15 43 0.0955904
15 44 0.0847951
15 45 0.0733998
15 46 0.0614045
15 47 0.0488092
15 48 0.0356139
15 49 0.0218184
15 50 0.00742282

