15 1 0.00742656
15 2 0.0218296
15 3 0.0356325
15 4 0.0488352
15 5 0.0614377
15 6 0.0734401
15 7 0.0848423
15 8 0.0956444
15 9 0.105846
15 10 0.115448
15 11 0.12445
15 12 0.132851
15 13 0.140653
15 14 0.147854
15 15 0.154455
15 16 0.160456
15 17 0.165857
15 18 0.170658
15 19 0.174859
15 20 0.178459
15 21 0.18146
15 22 0.18386
15 23 0.18566
15 24 0.186861
15 25 0.187461
15 26 0.187461
15 27 0.186861
15 28 0.18566
15 29 0.18386
15 30 0.18146
15 31 0.178459
15 32 0.174859
15 33 0.170658
15 34 0.165857
15 35 0.160456
15 36 0.154455
15 37 0.147854
15 38 0.140653
15 39 0.132851
15 40 0.12445
15 41 0.115448
15 42 0.105846
15 43 0.0956444
15 44 0.0848423
15 45 0.0734401
15 46 0.0614377
15 47 0.0488352
15 48 0.0356325
15 49 0.0218296
15 50 0.00742656

