15 1 0.00742596
15 2 0.0218278
15 3 0.0356295
15 4 0.048831
15 5 0.0614324
15 6 0.0734336
15 7 0.0848347
15 8 0.0956357
15 9 0.105837
15 10 0.115437
15 11 0.124438
15 12 0.132839
15 13 0.140639
15 14 0.14784
15 15 0.15444
15 16 0.16044
15 17 0.165841
15 18 0.170641
15 19 0.174841
15 20 0.178441
15 21 0.181441
15 22 0.183842
15 23 0.185642
15 24 0.186842
15 25 0.187442
15 26 0.187442
15 27 0.186842
15 28 0.185642
15 29 0.183842
15 30 0.181441
15 31 0.178441
15 32 0.174841
15 33 0.170641
15 34 0.165841
15 35 0.16044
15 36 0.15444
15 37 0.14784
15 38 0.140639
15 39 0.132839
15 40 0.124438
15 41 0.115437
15 42 0.105837
15 43 0.0956357
15 44 0.0848347
15 45 0.0734336
15 46 0.0614324
15 47 0.048831
15 48 0.0356295
15 49 0.0218278
15 50 0.00742596

