15 1 0.00489806
15 2 0.0142541
15 3 0.0230399
15 4 0.0312752
15 5 0.0389798
15 6 0.0461728
15 7 0.0528734
15 8 0.0591002
15 9 0.064871
15 10 0.0702035
15 11 0.0751146
15 12 0.0796202
15 13 0.0837359
15 14 0.0874762
15 15 0.0908547
15 16 0.093884
15 17 0.0965761
15 18 0.0989414
15 19 0.10099
15 20 0.102729
15 21 0.104168
15 22 0.105311
15 23 0.106164
15 24 0.106731
15 25 0.107013
15 26 0.107013
15 27 0.106731
15 28 0.106164
15 29 0.105311
15 30 0.104168
15 31 0.102729
15 32 0.10099
15 33 0.0989414
15 34 0.0965761
15 35 0.093884
15 36 0.0908547
15 37 0.0874762
15 38 0.0837359
15 39 0.0796202
15 40 0.0751146
15 41 0.0702035
15 42 0.064871
15 43 0.0591002
15 44 0.0528734
15 45 0.0461728
15 46 0.0389798
15 47 0.0312752
15 48 0.0230399
15 49 0.0142541
15 50 0.00489806

