15 1 0.00742077
15 2 0.0218123
15 3 0.0356037
15 4 0.048795
15 5 0.0613863
15 6 0.0733777
15 7 0.0847692
15 8 0.0955608
15 9 0.105753
15 10 0.115345
15 11 0.124337
15 12 0.13273
15 13 0.140523
15 14 0.147716
15 15 0.15431
15 16 0.160304
15 17 0.165699
15 18 0.170494
15 19 0.17469
15 20 0.178286
15 21 0.181283
15 22 0.18368
15 23 0.185479
15 24 0.186677
15 25 0.187277
15 26 0.187277
15 27 0.186677
15 28 0.185479
15 29 0.18368
15 30 0.181283
15 31 0.178286
15 32 0.17469
15 33 0.170494
15 34 0.165699
15 35 0.160304
15 36 0.15431
15 37 0.147716
15 38 0.140523
15 39 0.13273
15 40 0.124337
15 41 0.115345
15 42 0.105753
15 43 0.0955608
15 44 0.0847692
15 45 0.0733777
15 46 0.0613863
15 47 0.048795
15 48 0.0356037
15 49 0.0218123
15 50 0.00742077

