15 1 0.00662739
15 2 0.0194352
15 3 0.0316524
15 4 0.0432851
15 5 0.0543395
15 6 0.0648218
15 7 0.0747379
15 8 0.0840937
15 9 0.0928951
15 10 0.101147
15 11 0.108856
15 12 0.116026
15 13 0.122662
15 14 0.128769
15 15 0.134352
15 16 0.139413
15 17 0.143958
15 18 0.147989
15 19 0.151509
15 20 0.154521
15 21 0.157028
15 22 0.15903
15 23 0.160531
15 24 0.161531
15 25 0.162031
15 26 0.162031
15 27 0.161531
15 28 0.160531
15 29 0.15903
15 30 0.157028
15 31 0.154521
15 32 0.151509
15 33 0.147989
15 34 0.143958
15 35 0.139413
15 36 0.134352
15 37 0.128769
15 38 0.122662
15 39 0.116026
15 40 0.108856
15 41 0.101147
15 42 0.0928951
15 43 0.0840937
15 44 0.0747379
15 45 0.0648218
15 46 0.0543395
15 47 0.0432851
15 48 0.0316524
15 49 0.0194352
15 50 0.00662739

