15 1 0.00739897
15 2 0.0217469
15 3 0.0354951
15 4 0.0486435
15 5 0.0611926
15 6 0.0731425
15 7 0.0844934
15 8 0.0952456
15 9 0.105399
15 10 0.114954
15 11 0.123911
15 12 0.13227
15 13 0.140032
15 14 0.147195
15 15 0.153761
15 16 0.15973
15 17 0.165101
15 18 0.169875
15 19 0.174053
15 20 0.177633
15 21 0.180616
15 22 0.183003
15 23 0.184793
15 24 0.185986
15 25 0.186583
15 26 0.186583
15 27 0.185986
15 28 0.184793
15 29 0.183003
15 30 0.180616
15 31 0.177633
15 32 0.174053
15 33 0.169875
15 34 0.165101
15 35 0.15973
15 36 0.153761
15 37 0.147195
15 38 0.140032
15 39 0.13227
15 40 0.123911
15 41 0.114954
15 42 0.105399
15 43 0.0952456
15 44 0.0844934
15 45 0.0731425
15 46 0.0611926
15 47 0.0486435
15 48 0.0354951
15 49 0.0217469
15 50 0.00739897

