15 1 0.00740688
15 2 0.0217706
15 3 0.0355345
15 4 0.0486985
15 5 0.0612629
15 6 0.0732279
15 7 0.0845935
15 8 0.09536
15 9 0.105527
15 10 0.115096
15 11 0.124066
15 12 0.132437
15 13 0.14021
15 14 0.147384
15 15 0.15396
15 16 0.159938
15 17 0.165318
15 18 0.1701
15 19 0.174284
15 20 0.17787
15 21 0.180858
15 22 0.183249
15 23 0.185042
15 24 0.186237
15 25 0.186835
15 26 0.186835
15 27 0.186237
15 28 0.185042
15 29 0.183249
15 30 0.180858
15 31 0.17787
15 32 0.174284
15 33 0.1701
15 34 0.165318
15 35 0.159938
15 36 0.15396
15 37 0.147384
15 38 0.14021
15 39 0.132437
15 40 0.124066
15 41 0.115096
15 42 0.105527
15 43 0.09536
15 44 0.0845935
15 45 0.0732279
15 46 0.0612629
15 47 0.0486985
15 48 0.0355345
15 49 0.0217706
15 50 0.00740688

