15 1 0.00741546
15 2 0.0217963
15 3 0.0355772
15 4 0.0487581
15 5 0.0613391
15 6 0.0733203
15 7 0.0847019
15 8 0.0954839
15 9 0.105666
15 10 0.115249
15 11 0.124233
15 12 0.132618
15 13 0.140403
15 14 0.147589
15 15 0.154176
15 16 0.160164
15 17 0.165553
15 18 0.170343
15 19 0.174534
15 20 0.178127
15 21 0.18112
15 22 0.183515
15 23 0.185311
15 24 0.186509
15 25 0.187107
15 26 0.187107
15 27 0.186509
15 28 0.185311
15 29 0.183515
15 30 0.18112
15 31 0.178127
15 32 0.174534
15 33 0.170343
15 34 0.165553
15 35 0.160164
15 36 0.154176
15 37 0.147589
15 38 0.140403
15 39 0.132618
15 40 0.124233
15 41 0.115249
15 42 0.105666
15 43 0.0954839
15 44 0.0847019
15 45 0.0733203
15 46 0.0613391
15 47 0.0487581
15 48 0.0355772
15 49 0.0217963
15 50 0.00741546

