15 1 0.00409794
15 2 0.011857
15 3 0.0190555
15 4 0.0257196
15 5 0.0318755
15 6 0.0375486
15 7 0.0427641
15 8 0.0475463
15 9 0.0519193
15 10 0.0559059
15 11 0.0595283
15 12 0.0628077
15 13 0.0657643
15 14 0.0684169
15 15 0.0707835
15 16 0.0728806
15 17 0.0747234
15 18 0.0763258
15 19 0.0777002
15 20 0.0788576
15 21 0.0798075
15 22 0.0805578
15 23 0.0811149
15 24 0.0814836
15 25 0.0816672
15 26 0.0816672
15 27 0.0814836
15 28 0.0811149
15 29 0.0805578
15 30 0.0798075
15 31 0.0788576
15 32 0.0777002
15 33 0.0763258
15 34 0.0747234
15 35 0.0728806
15 36 0.0707835
15 37 0.0684169
15 38 0.0657643
15 39 0.0628077
15 40 0.0595283
15 41 0.0559059
15 42 0.0519193
15 43 0.0475463
15 44 0.0427641
15 45 0.0375486
15 46 0.0318755
15 47 0.0257196
15 48 0.0190555
15 49 0.011857
15 50 0.00409794

