15 1 0.00550455
15 2 0.0160712
15 3 0.0260603
15 4 0.0354871
15 5 0.0443664
15 6 0.0527129
15 7 0.0605411
15 8 0.067865
15 9 0.0746984
15 10 0.0810547
15 11 0.0869465
15 12 0.0923862
15 13 0.0973855
15 14 0.101955
15 15 0.106106
15 16 0.109848
15 17 0.113189
15 18 0.116138
15 19 0.118702
15 20 0.120888
15 21 0.122701
15 22 0.124145
15 23 0.125225
15 24 0.125944
15 25 0.126302
15 26 0.126302
15 27 0.125944
15 28 0.125225
15 29 0.124145
15 30 0.122701
15 31 0.120888
15 32 0.118702
15 33 0.116138
15 34 0.113189
15 35 0.109848
15 36 0.106106
15 37 0.101955
15 38 0.0973855
15 39 0.0923862
15 40 0.0869465
15 41 0.0810547
15 42 0.0746984
15 43 0.067865
15 44 0.0605411
15 45 0.0527129
15 46 0.0443664
15 47 0.0354871
15 48 0.0260603
15 49 0.0160712
15 50 0.00550455

