15 1 0.00742041
15 2 0.0218112
15 3 0.0356019
15 4 0.0487925
15 5 0.0613831
15 6 0.0733738
15 7 0.0847646
15 8 0.0955556
15 9 0.105747
15 10 0.115338
15 11 0.12433
15 12 0.132722
15 13 0.140514
15 14 0.147707
15 15 0.154301
15 16 0.160294
15 17 0.165689
15 18 0.170484
15 19 0.174679
15 20 0.178275
15 21 0.181272
15 22 0.183669
15 23 0.185467
15 24 0.186666
15 25 0.187265
15 26 0.187265
15 27 0.186666
15 28 0.185467
15 29 0.183669
15 30 0.181272
15 31 0.178275
15 32 0.174679
15 33 0.170484
15 34 0.165689
15 35 0.160294
15 36 0.154301
15 37 0.147707
15 38 0.140514
15 39 0.132722
15 40 0.12433
15 41 0.115338
15 42 0.105747
15 43 0.0955556
15 44 0.0847646
15 45 0.0733738
15 46 0.0613831
15 47 0.0487925
15 48 0.0356019
15 49 0.0218112
15 50 0.00742041

