15 1 0.00742144
15 2 0.0218143
15 3 0.035607
15 4 0.0487996
15 5 0.0613923
15 6 0.0733849
15 7 0.0847776
15 8 0.0955704
15 9 0.105763
15 10 0.115357
15 11 0.12435
15 12 0.132744
15 13 0.140538
15 14 0.147732
15 15 0.154326
15 16 0.160321
15 17 0.165717
15 18 0.170513
15 19 0.174709
15 20 0.178306
15 21 0.181303
15 22 0.183701
15 23 0.1855
15 24 0.186699
15 25 0.187298
15 26 0.187298
15 27 0.186699
15 28 0.1855
15 29 0.183701
15 30 0.181303
15 31 0.178306
15 32 0.174709
15 33 0.170513
15 34 0.165717
15 35 0.160321
15 36 0.154326
15 37 0.147732
15 38 0.140538
15 39 0.132744
15 40 0.12435
15 41 0.115357
15 42 0.105763
15 43 0.0955704
15 44 0.0847776
15 45 0.0733849
15 46 0.0613923
15 47 0.0487996
15 48 0.035607
15 49 0.0218143
15 50 0.00742144

