15 1 0.00742603
15 2 0.021828
15 3 0.0356298
15 4 0.0488315
15 5 0.061433
15 6 0.0734343
15 7 0.0848356
15 8 0.0956367
15 9 0.105838
15 10 0.115439
15 11 0.124439
15 12 0.13284
15 13 0.140641
15 14 0.147841
15 15 0.154442
15 16 0.160442
15 17 0.165843
15 18 0.170643
15 19 0.174843
15 20 0.178443
15 21 0.181444
15 22 0.183844
15 23 0.185644
15 24 0.186844
15 25 0.187444
15 26 0.187444
15 27 0.186844
15 28 0.185644
15 29 0.183844
15 30 0.181444
15 31 0.178443
15 32 0.174843
15 33 0.170643
15 34 0.165843
15 35 0.160442
15 36 0.154442
15 37 0.147841
15 38 0.140641
15 39 0.13284
15 40 0.124439
15 41 0.115439
15 42 0.105838
15 43 0.0956367
15 44 0.0848356
15 45 0.0734343
15 46 0.061433
15 47 0.0488315
15 48 0.0356298
15 49 0.021828
15 50 0.00742603

