15 1 0.0074192
15 2 0.0218075
15 3 0.0355958
15 4 0.0487841
15 5 0.0613723
15 6 0.0733607
15 7 0.0847493
15 8 0.095538
15 9 0.105727
15 10 0.115316
15 11 0.124306
15 12 0.132696
15 13 0.140487
15 14 0.147678
15 15 0.15427
15 16 0.160262
15 17 0.165655
15 18 0.170449
15 19 0.174644
15 20 0.178239
15 21 0.181235
15 22 0.183632
15 23 0.185429
15 24 0.186627
15 25 0.187227
15 26 0.187227
15 27 0.186627
15 28 0.185429
15 29 0.183632
15 30 0.181235
15 31 0.178239
15 32 0.174644
15 33 0.170449
15 34 0.165655
15 35 0.160262
15 36 0.15427
15 37 0.147678
15 38 0.140487
15 39 0.132696
15 40 0.124306
15 41 0.115316
15 42 0.105727
15 43 0.095538
15 44 0.0847493
15 45 0.0733607
15 46 0.0613723
15 47 0.0487841
15 48 0.0355958
15 49 0.0218075
15 50 0.0074192

