15 1 0.00648443
15 2 0.0190069
15 3 0.0309404
15 4 0.0422922
15 5 0.0530697
15 6 0.06328
15 7 0.0729303
15 8 0.0820274
15 9 0.0905782
15 10 0.0985891
15 11 0.106066
15 12 0.113016
15 13 0.119444
15 14 0.125355
15 15 0.130755
15 16 0.135649
15 17 0.14004
15 18 0.143933
15 19 0.147332
15 20 0.150239
15 21 0.152657
15 22 0.154589
15 23 0.156036
15 24 0.157
15 25 0.157482
15 26 0.157482
15 27 0.157
15 28 0.156036
15 29 0.154589
15 30 0.152657
15 31 0.150239
15 32 0.147332
15 33 0.143933
15 34 0.14004
15 35 0.135649
15 36 0.130755
15 37 0.125355
15 38 0.119444
15 39 0.113016
15 40 0.106066
15 41 0.0985891
15 42 0.0905782
15 43 0.0820274
15 44 0.0729303
15 45 0.06328
15 46 0.0530697
15 47 0.0422922
15 48 0.0309404
15 49 0.0190069
15 50 0.00648443

