15 1 0.00742453
15 2 0.0218235
15 3 0.0356223
15 4 0.0488211
15 5 0.0614197
15 6 0.0734182
15 7 0.0848166
15 8 0.095615
15 9 0.105813
15 10 0.115412
15 11 0.12441
15 12 0.132809
15 13 0.140607
15 14 0.147805
15 15 0.154404
15 16 0.160403
15 17 0.165801
15 18 0.1706
15 19 0.174799
15 20 0.178398
15 21 0.181398
15 22 0.183797
15 23 0.185597
15 24 0.186796
15 25 0.187396
15 26 0.187396
15 27 0.186796
15 28 0.185597
15 29 0.183797
15 30 0.181398
15 31 0.178398
15 32 0.174799
15 33 0.1706
15 34 0.165801
15 35 0.160403
15 36 0.154404
15 37 0.147805
15 38 0.140607
15 39 0.132809
15 40 0.12441
15 41 0.115412
15 42 0.105813
15 43 0.095615
15 44 0.0848166
15 45 0.0734182
15 46 0.0614197
15 47 0.0488211
15 48 0.0356223
15 49 0.0218235
15 50 0.00742453

