15 1 0.0074269
15 2 0.0218306
15 3 0.0356342
15 4 0.0488376
15 5 0.0614408
15 6 0.0734438
15 7 0.0848467
15 8 0.0956494
15 9 0.105852
15 10 0.115454
15 11 0.124456
15 12 0.132859
15 13 0.14066
15 14 0.147862
15 15 0.154464
15 16 0.160465
15 17 0.165867
15 18 0.170668
15 19 0.174869
15 20 0.17847
15 21 0.18147
15 22 0.183871
15 23 0.185671
15 24 0.186872
15 25 0.187472
15 26 0.187472
15 27 0.186872
15 28 0.185671
15 29 0.183871
15 30 0.18147
15 31 0.17847
15 32 0.174869
15 33 0.170668
15 34 0.165867
15 35 0.160465
15 36 0.154464
15 37 0.147862
15 38 0.14066
15 39 0.132859
15 40 0.124456
15 41 0.115454
15 42 0.105852
15 43 0.0956494
15 44 0.0848467
15 45 0.0734438
15 46 0.0614408
15 47 0.0488376
15 48 0.0356342
15 49 0.0218306
15 50 0.0074269

