15 1 0.00658232
15 2 0.0193002
15 3 0.0314279
15 4 0.0429721
15 5 0.0539392
15 6 0.0643357
15 7 0.0741681
15 8 0.0834424
15 9 0.0921647
15 10 0.100341
15 11 0.107977
15 12 0.115077
15 13 0.121648
15 14 0.127693
15 15 0.133218
15 16 0.138227
15 17 0.142723
15 18 0.14671
15 19 0.150192
15 20 0.153171
15 21 0.15565
15 22 0.15763
15 23 0.159114
15 24 0.160103
15 25 0.160597
15 26 0.160597
15 27 0.160103
15 28 0.159114
15 29 0.15763
15 30 0.15565
15 31 0.153171
15 32 0.150192
15 33 0.14671
15 34 0.142723
15 35 0.138227
15 36 0.133218
15 37 0.127693
15 38 0.121648
15 39 0.115077
15 40 0.107977
15 41 0.100341
15 42 0.0921647
15 43 0.0834424
15 44 0.0741681
15 45 0.0643357
15 46 0.0539392
15 47 0.0429721
15 48 0.0314279
15 49 0.0193002
15 50 0.00658232

