15 1 0.00741175
15 2 0.0217852
15 3 0.0355587
15 4 0.0487323
15 5 0.0613062
15 6 0.0732804
15 7 0.0846551
15 8 0.0954304
15 9 0.105606
15 10 0.115183
15 11 0.124161
15 12 0.13254
15 13 0.140319
15 14 0.1475
15 15 0.154083
15 16 0.160066
15 17 0.165451
15 18 0.170238
15 19 0.174426
15 20 0.178016
15 21 0.181007
15 22 0.1834
15 23 0.185195
15 24 0.186391
15 25 0.18699
15 26 0.18699
15 27 0.186391
15 28 0.185195
15 29 0.1834
15 30 0.181007
15 31 0.178016
15 32 0.174426
15 33 0.170238
15 34 0.165451
15 35 0.160066
15 36 0.154083
15 37 0.1475
15 38 0.140319
15 39 0.13254
15 40 0.124161
15 41 0.115183
15 42 0.105606
15 43 0.0954304
15 44 0.0846551
15 45 0.0732804
15 46 0.0613062
15 47 0.0487323
15 48 0.0355587
15 49 0.0217852
15 50 0.00741175

