15 1 0.00727275
15 2 0.0213688
15 3 0.0348665
15 4 0.047767
15 5 0.0600716
15 6 0.0717814
15 7 0.0828976
15 8 0.0934214
15 9 0.103354
15 10 0.112696
15 11 0.121449
15 12 0.129613
15 13 0.13719
15 14 0.144181
15 15 0.150586
15 16 0.156406
15 17 0.161642
15 18 0.166295
15 19 0.170365
15 20 0.173852
15 21 0.176758
15 22 0.179082
15 23 0.180824
15 24 0.181986
15 25 0.182567
15 26 0.182567
15 27 0.181986
15 28 0.180824
15 29 0.179082
15 30 0.176758
15 31 0.173852
15 32 0.170365
15 33 0.166295
15 34 0.161642
15 35 0.156406
15 36 0.150586
15 37 0.144181
15 38 0.13719
15 39 0.129613
15 40 0.121449
15 41 0.112696
15 42 0.103354
15 43 0.0934214
15 44 0.0828976
15 45 0.0717814
15 46 0.0600716
15 47 0.047767
15 48 0.0348665
15 49 0.0213688
15 50 0.00727275

