15 1 0.00740453
15 2 0.0217636
15 3 0.0355227
15 4 0.0486822
15 5 0.061242
15 6 0.0732025
15 7 0.0845637
15 8 0.0953259
15 9 0.105489
15 10 0.115054
15 11 0.12402
15 12 0.132387
15 13 0.140157
15 14 0.147328
15 15 0.153901
15 16 0.159876
15 17 0.165253
15 18 0.170033
15 19 0.174215
15 20 0.177799
15 21 0.180786
15 22 0.183176
15 23 0.184968
15 24 0.186162
15 25 0.18676
15 26 0.18676
15 27 0.186162
15 28 0.184968
15 29 0.183176
15 30 0.180786
15 31 0.177799
15 32 0.174215
15 33 0.170033
15 34 0.165253
15 35 0.159876
15 36 0.153901
15 37 0.147328
15 38 0.140157
15 39 0.132387
15 40 0.12402
15 41 0.115054
15 42 0.105489
15 43 0.0953259
15 44 0.0845637
15 45 0.0732025
15 46 0.061242
15 47 0.0486822
15 48 0.0355227
15 49 0.0217636
15 50 0.00740453

