15 1 0.00742659
15 2 0.0218297
15 3 0.0356326
15 4 0.0488354
15 5 0.061438
15 6 0.0734404
15 7 0.0848427
15 8 0.0956449
15 9 0.105847
15 10 0.115449
15 11 0.12445
15 12 0.132852
15 13 0.140653
15 14 0.147855
15 15 0.154456
15 16 0.160457
15 17 0.165858
15 18 0.170659
15 19 0.17486
15 20 0.17846
15 21 0.181461
15 22 0.183861
15 23 0.185662
15 24 0.186862
15 25 0.187462
15 26 0.187462
15 27 0.186862
15 28 0.185662
15 29 0.183861
15 30 0.181461
15 31 0.17846
15 32 0.17486
15 33 0.170659
15 34 0.165858
15 35 0.160457
15 36 0.154456
15 37 0.147855
15 38 0.140653
15 39 0.132852
15 40 0.12445
15 41 0.115449
15 42 0.105847
15 43 0.0956449
15 44 0.0848427
15 45 0.0734404
15 46 0.061438
15 47 0.0488354
15 48 0.0356326
15 49 0.0218297
15 50 0.00742659

