15 1 0.00724515
15 2 0.0212861
15 3 0.034729
15 4 0.0475753
15 5 0.0598264
15 6 0.0714837
15 7 0.0825486
15 8 0.0930224
15 9 0.102906
15 10 0.112202
15 11 0.12091
15 12 0.129032
15 13 0.136569
15 14 0.143522
15 15 0.149892
15 16 0.155679
15 17 0.160886
15 18 0.165512
15 19 0.169558
15 20 0.173025
15 21 0.175914
15 22 0.178224
15 23 0.179956
15 24 0.181111
15 25 0.181688
15 26 0.181688
15 27 0.181111
15 28 0.179956
15 29 0.178224
15 30 0.175914
15 31 0.173025
15 32 0.169558
15 33 0.165512
15 34 0.160886
15 35 0.155679
15 36 0.149892
15 37 0.143522
15 38 0.136569
15 39 0.129032
15 40 0.12091
15 41 0.112202
15 42 0.102906
15 43 0.0930224
15 44 0.0825486
15 45 0.0714837
15 46 0.0598264
15 47 0.0475753
15 48 0.034729
15 49 0.0212861
15 50 0.00724515

