15 1 0.00742687
15 2 0.0218305
15 3 0.035634
15 4 0.0488373
15 5 0.0614404
15 6 0.0734434
15 7 0.0848462
15 8 0.0956489
15 9 0.105851
15 10 0.115454
15 11 0.124456
15 12 0.132858
15 13 0.14066
15 14 0.147861
15 15 0.154463
15 16 0.160464
15 17 0.165866
15 18 0.170667
15 19 0.174868
15 20 0.178469
15 21 0.181469
15 22 0.18387
15 23 0.18567
15 24 0.18687
15 25 0.187471
15 26 0.187471
15 27 0.18687
15 28 0.18567
15 29 0.18387
15 30 0.181469
15 31 0.178469
15 32 0.174868
15 33 0.170667
15 34 0.165866
15 35 0.160464
15 36 0.154463
15 37 0.147861
15 38 0.14066
15 39 0.132858
15 40 0.124456
15 41 0.115454
15 42 0.105851
15 43 0.0956489
15 44 0.0848462
15 45 0.0734434
15 46 0.0614404
15 47 0.0488373
15 48 0.035634
15 49 0.0218305
15 50 0.00742687

