15 1 0.00741668
15 2 0.0218
15 3 0.0355832
15 4 0.0487665
15 5 0.0613499
15 6 0.0733335
15 7 0.0847173
15 8 0.0955015
15 9 0.105686
15 10 0.115271
15 11 0.124257
15 12 0.132643
15 13 0.14043
15 14 0.147618
15 15 0.154207
15 16 0.160196
15 17 0.165586
15 18 0.170378
15 19 0.17457
15 20 0.178163
15 21 0.181158
15 22 0.183553
15 23 0.18535
15 24 0.186547
15 25 0.187146
15 26 0.187146
15 27 0.186547
15 28 0.18535
15 29 0.183553
15 30 0.181158
15 31 0.178163
15 32 0.17457
15 33 0.170378
15 34 0.165586
15 35 0.160196
15 36 0.154207
15 37 0.147618
15 38 0.14043
15 39 0.132643
15 40 0.124257
15 41 0.115271
15 42 0.105686
15 43 0.0955015
15 44 0.0847173
15 45 0.0733335
15 46 0.0613499
15 47 0.0487665
15 48 0.0355832
15 49 0.0218
15 50 0.00741668

