15 1 0.00742306
15 2 0.0218191
15 3 0.035615
15 4 0.0488108
15 5 0.0614066
15 6 0.0734023
15 7 0.084798
15 8 0.0955938
15 9 0.10579
15 10 0.115385
15 11 0.124381
15 12 0.132778
15 13 0.140574
15 14 0.14777
15 15 0.154367
15 16 0.160364
15 17 0.165761
15 18 0.170559
15 19 0.174756
15 20 0.178354
15 21 0.181353
15 22 0.183751
15 23 0.18555
15 24 0.18675
15 25 0.187349
15 26 0.187349
15 27 0.18675
15 28 0.18555
15 29 0.183751
15 30 0.181353
15 31 0.178354
15 32 0.174756
15 33 0.170559
15 34 0.165761
15 35 0.160364
15 36 0.154367
15 37 0.14777
15 38 0.140574
15 39 0.132778
15 40 0.124381
15 41 0.115385
15 42 0.10579
15 43 0.0955938
15 44 0.084798
15 45 0.0734023
15 46 0.0614066
15 47 0.0488108
15 48 0.035615
15 49 0.0218191
15 50 0.00742306

