15 1 0.00736962
15 2 0.021659
15 3 0.0353489
15 4 0.0484398
15 5 0.060932
15 6 0.0728261
15 7 0.0841224
15 8 0.0948215
15 9 0.104924
15 10 0.114429
15 11 0.123339
15 12 0.131653
15 13 0.139371
15 14 0.146494
15 15 0.153023
15 16 0.158957
15 17 0.164297
15 18 0.169043
15 19 0.173195
15 20 0.176754
15 21 0.179719
15 22 0.182091
15 23 0.18387
15 24 0.185056
15 25 0.185649
15 26 0.185649
15 27 0.185056
15 28 0.18387
15 29 0.182091
15 30 0.179719
15 31 0.176754
15 32 0.173195
15 33 0.169043
15 34 0.164297
15 35 0.158957
15 36 0.153023
15 37 0.146494
15 38 0.139371
15 39 0.131653
15 40 0.123339
15 41 0.114429
15 42 0.104924
15 43 0.0948215
15 44 0.0841224
15 45 0.0728261
15 46 0.060932
15 47 0.0484398
15 48 0.0353489
15 49 0.021659
15 50 0.00736962

