15 1 0.00688227
15 2 0.0201989
15 3 0.0329218
15 4 0.0450552
15 5 0.0566033
15 6 0.0675704
15 7 0.0779605
15 8 0.0877776
15 9 0.0970257
15 10 0.105708
15 11 0.113829
15 12 0.121392
15 13 0.1284
15 14 0.134856
15 15 0.140763
15 16 0.146125
15 17 0.150942
15 18 0.155219
15 19 0.158956
15 20 0.162156
15 21 0.16482
15 22 0.16695
15 23 0.168546
15 24 0.16961
15 25 0.170141
15 26 0.170141
15 27 0.16961
15 28 0.168546
15 29 0.16695
15 30 0.16482
15 31 0.162156
15 32 0.158956
15 33 0.155219
15 34 0.150942
15 35 0.146125
15 36 0.140763
15 37 0.134856
15 38 0.1284
15 39 0.121392
15 40 0.113829
15 41 0.105708
15 42 0.0970257
15 43 0.0877776
15 44 0.0779605
15 45 0.0675704
15 46 0.0566033
15 47 0.0450552
15 48 0.0329218
15 49 0.0201989
15 50 0.00688227

