15 1 0.00742671
15 2 0.0218301
15 3 0.0356332
15 4 0.0488362
15 5 0.0614391
15 6 0.0734417
15 7 0.0848443
15 8 0.0956466
15 9 0.105849
15 10 0.115451
15 11 0.124453
15 12 0.132855
15 13 0.140656
15 14 0.147858
15 15 0.154459
15 16 0.16046
15 17 0.165861
15 18 0.170662
15 19 0.174863
15 20 0.178464
15 21 0.181464
15 22 0.183865
15 23 0.185665
15 24 0.186866
15 25 0.187466
15 26 0.187466
15 27 0.186866
15 28 0.185665
15 29 0.183865
15 30 0.181464
15 31 0.178464
15 32 0.174863
15 33 0.170662
15 34 0.165861
15 35 0.16046
15 36 0.154459
15 37 0.147858
15 38 0.140656
15 39 0.132855
15 40 0.124453
15 41 0.115451
15 42 0.105849
15 43 0.0956466
15 44 0.0848443
15 45 0.0734417
15 46 0.0614391
15 47 0.0488362
15 48 0.0356332
15 49 0.0218301
15 50 0.00742671

