15 1 0.00560711
15 2 0.0163784
15 3 0.0265711
15 4 0.0361994
15 5 0.0452774
15 6 0.053819
15 7 0.0618379
15 8 0.0693474
15 9 0.0763606
15 10 0.08289
15 11 0.0889477
15 12 0.0945455
15 13 0.0996943
15 14 0.104405
15 15 0.108686
15 16 0.112549
15 17 0.116
15 18 0.119047
15 19 0.121699
15 20 0.12396
15 21 0.125836
15 22 0.127331
15 23 0.12845
15 24 0.129194
15 25 0.129566
15 26 0.129566
15 27 0.129194
15 28 0.12845
15 29 0.127331
15 30 0.125836
15 31 0.12396
15 32 0.121699
15 33 0.119047
15 34 0.116
15 35 0.112549
15 36 0.108686
15 37 0.104405
15 38 0.0996943
15 39 0.0945455
15 40 0.0889477
15 41 0.08289
15 42 0.0763606
15 43 0.0693474
15 44 0.0618379
15 45 0.053819
15 46 0.0452774
15 47 0.0361994
15 48 0.0265711
15 49 0.0163784
15 50 0.00560711

