15 1 0.00742574
15 2 0.0218271
15 3 0.0356284
15 4 0.0488295
15 5 0.0614304
15 6 0.0734312
15 7 0.0848319
15 8 0.0956325
15 9 0.105833
15 10 0.115433
15 11 0.124434
15 12 0.132834
15 13 0.140634
15 14 0.147834
15 15 0.154435
15 16 0.160435
15 17 0.165835
15 18 0.170635
15 19 0.174835
15 20 0.178435
15 21 0.181435
15 22 0.183835
15 23 0.185635
15 24 0.186835
15 25 0.187435
15 26 0.187435
15 27 0.186835
15 28 0.185635
15 29 0.183835
15 30 0.181435
15 31 0.178435
15 32 0.174835
15 33 0.170635
15 34 0.165835
15 35 0.160435
15 36 0.154435
15 37 0.147834
15 38 0.140634
15 39 0.132834
15 40 0.124434
15 41 0.115433
15 42 0.105833
15 43 0.0956325
15 44 0.0848319
15 45 0.0734312
15 46 0.0614304
15 47 0.0488295
15 48 0.0356284
15 49 0.0218271
15 50 0.00742574

