15 1 0.00726405
15 2 0.0213427
15 3 0.0348231
15 4 0.0477066
15 5 0.0599943
15 6 0.0716876
15 7 0.0827876
15 8 0.0932956
15 9 0.103213
15 10 0.11254
15 11 0.121279
15 12 0.12943
15 13 0.136994
15 14 0.143973
15 15 0.150367
15 16 0.156177
15 17 0.161404
15 18 0.166048
15 19 0.170111
15 20 0.173591
15 21 0.176492
15 22 0.178811
15 23 0.180551
15 24 0.18171
15 25 0.18229
15 26 0.18229
15 27 0.18171
15 28 0.180551
15 29 0.178811
15 30 0.176492
15 31 0.173591
15 32 0.170111
15 33 0.166048
15 34 0.161404
15 35 0.156177
15 36 0.150367
15 37 0.143973
15 38 0.136994
15 39 0.12943
15 40 0.121279
15 41 0.11254
15 42 0.103213
15 43 0.0932956
15 44 0.0827876
15 45 0.0716876
15 46 0.0599943
15 47 0.0477066
15 48 0.0348231
15 49 0.0213427
15 50 0.00726405

