15 1 0.00741777
15 2 0.0218033
15 3 0.0355887
15 4 0.0487741
15 5 0.0613596
15 6 0.0733453
15 7 0.0847312
15 8 0.0955173
15 9 0.105704
15 10 0.115291
15 11 0.124278
15 12 0.132666
15 13 0.140455
15 14 0.147644
15 15 0.154234
15 16 0.160225
15 17 0.165616
15 18 0.170409
15 19 0.174602
15 20 0.178196
15 21 0.181191
15 22 0.183587
15 23 0.185384
15 24 0.186582
15 25 0.187181
15 26 0.187181
15 27 0.186582
15 28 0.185384
15 29 0.183587
15 30 0.181191
15 31 0.178196
15 32 0.174602
15 33 0.170409
15 34 0.165616
15 35 0.160225
15 36 0.154234
15 37 0.147644
15 38 0.140455
15 39 0.132666
15 40 0.124278
15 41 0.115291
15 42 0.105704
15 43 0.0955173
15 44 0.0847312
15 45 0.0733453
15 46 0.0613596
15 47 0.0487741
15 48 0.0355887
15 49 0.0218033
15 50 0.00741777

