15 1 0.00516081
15 2 0.0150413
15 3 0.0243484
15 4 0.0330999
15 5 0.0413134
15 6 0.0490061
15 7 0.0561952
15 8 0.0628972
15 9 0.0691283
15 10 0.0749042
15 11 0.08024
15 12 0.0851502
15 13 0.0896486
15 14 0.0937481
15 15 0.0974611
15 16 0.100799
15 17 0.103772
15 18 0.10639
15 19 0.108662
15 20 0.110594
15 21 0.112195
15 22 0.113468
15 23 0.11442
15 24 0.115052
15 25 0.115368
15 26 0.115368
15 27 0.115052
15 28 0.11442
15 29 0.113468
15 30 0.112195
15 31 0.110594
15 32 0.108662
15 33 0.10639
15 34 0.103772
15 35 0.100799
15 36 0.0974611
15 37 0.0937481
15 38 0.0896486
15 39 0.0851502
15 40 0.08024
15 41 0.0749042
15 42 0.0691283
15 43 0.0628972
15 44 0.0561952
15 45 0.0490061
15 46 0.0413134
15 47 0.0330999
15 48 0.0243484
15 49 0.0150413
15 50 0.00516081

