15 1 0.00735147
15 2 0.0216046
15 3 0.0352585
15 4 0.0483137
15 5 0.0607707
15 6 0.0726303
15 7 0.0838929
15 8 0.0945591
15 9 0.104629
15 10 0.114104
15 11 0.122985
15 12 0.13127
15 13 0.138962
15 14 0.146061
15 15 0.152566
15 16 0.158479
15 17 0.163799
15 18 0.168528
15 19 0.172665
15 20 0.17621
15 21 0.179164
15 22 0.181527
15 23 0.183299
15 24 0.184481
15 25 0.185071
15 26 0.185071
15 27 0.184481
15 28 0.183299
15 29 0.181527
15 30 0.179164
15 31 0.17621
15 32 0.172665
15 33 0.168528
15 34 0.163799
15 35 0.158479
15 36 0.152566
15 37 0.146061
15 38 0.138962
15 39 0.13127
15 40 0.122985
15 41 0.114104
15 42 0.104629
15 43 0.0945591
15 44 0.0838929
15 45 0.0726303
15 46 0.0607707
15 47 0.0483137
15 48 0.0352585
15 49 0.0216046
15 50 0.00735147

