15 1 0.00742175
15 2 0.0218152
15 3 0.0356085
15 4 0.0488018
15 5 0.061395
15 6 0.0733882
15 7 0.0847815
15 8 0.0955749
15 9 0.105768
15 10 0.115362
15 11 0.124356
15 12 0.13275
15 13 0.140544
15 14 0.147739
15 15 0.154334
15 16 0.16033
15 17 0.165725
15 18 0.170522
15 19 0.174718
15 20 0.178315
15 21 0.181313
15 22 0.183711
15 23 0.185509
15 24 0.186708
15 25 0.187308
15 26 0.187308
15 27 0.186708
15 28 0.185509
15 29 0.183711
15 30 0.181313
15 31 0.178315
15 32 0.174718
15 33 0.170522
15 34 0.165725
15 35 0.16033
15 36 0.154334
15 37 0.147739
15 38 0.140544
15 39 0.13275
15 40 0.124356
15 41 0.115362
15 42 0.105768
15 43 0.0955749
15 44 0.0847815
15 45 0.0733882
15 46 0.061395
15 47 0.0488018
15 48 0.0356085
15 49 0.0218152
15 50 0.00742175

