15 1 0.00691134
15 2 0.020286
15 3 0.0330665
15 4 0.045257
15 5 0.0568615
15 6 0.0678839
15 7 0.0783281
15 8 0.0881978
15 9 0.0974967
15 10 0.106228
15 11 0.114397
15 12 0.122004
15 13 0.129054
15 14 0.13555
15 15 0.141495
15 16 0.14689
15 17 0.151739
15 18 0.156043
15 19 0.159805
15 20 0.163026
15 21 0.165708
15 22 0.167853
15 23 0.16946
15 24 0.170531
15 25 0.171066
15 26 0.171066
15 27 0.170531
15 28 0.16946
15 29 0.167853
15 30 0.165708
15 31 0.163026
15 32 0.159805
15 33 0.156043
15 34 0.151739
15 35 0.14689
15 36 0.141495
15 37 0.13555
15 38 0.129054
15 39 0.122004
15 40 0.114397
15 41 0.106228
15 42 0.0974967
15 43 0.0881978
15 44 0.0783281
15 45 0.0678839
15 46 0.0568615
15 47 0.045257
15 48 0.0330665
15 49 0.020286
15 50 0.00691134

