15 1 0.00604346
15 2 0.0176858
15 3 0.0287442
15 4 0.0392297
15 5 0.049153
15 6 0.0585245
15 7 0.0673548
15 8 0.075654
15 9 0.0834319
15 10 0.0906981
15 11 0.0974619
15 12 0.103732
15 13 0.109517
15 14 0.114825
15 15 0.119663
15 16 0.124038
15 17 0.127956
15 18 0.131425
15 19 0.134448
15 20 0.13703
15 21 0.139176
15 22 0.140888
15 23 0.14217
15 24 0.143023
15 25 0.14345
15 26 0.14345
15 27 0.143023
15 28 0.14217
15 29 0.140888
15 30 0.139176
15 31 0.13703
15 32 0.134448
15 33 0.131425
15 34 0.127956
15 35 0.124038
15 36 0.119663
15 37 0.114825
15 38 0.109517
15 39 0.103732
15 40 0.0974619
15 41 0.0906981
15 42 0.0834319
15 43 0.075654
15 44 0.0673548
15 45 0.0585245
15 46 0.049153
15 47 0.0392297
15 48 0.0287442
15 49 0.0176858
15 50 0.00604346

