15 1 0.00736638
15 2 0.0216493
15 3 0.0353327
15 4 0.0484172
15 5 0.0609032
15 6 0.0727911
15 7 0.0840814
15 8 0.0947746
15 9 0.104871
15 10 0.114371
15 11 0.123276
15 12 0.131584
15 13 0.139298
15 14 0.146417
15 15 0.152941
15 16 0.158872
15 17 0.164208
15 18 0.168951
15 19 0.1731
15 20 0.176657
15 21 0.17962
15 22 0.18199
15 23 0.183768
15 24 0.184953
15 25 0.185546
15 26 0.185546
15 27 0.184953
15 28 0.183768
15 29 0.18199
15 30 0.17962
15 31 0.176657
15 32 0.1731
15 33 0.168951
15 34 0.164208
15 35 0.158872
15 36 0.152941
15 37 0.146417
15 38 0.139298
15 39 0.131584
15 40 0.123276
15 41 0.114371
15 42 0.104871
15 43 0.0947746
15 44 0.0840814
15 45 0.0727911
15 46 0.0609032
15 47 0.0484172
15 48 0.0353327
15 49 0.0216493
15 50 0.00736638

