15 1 0.00742566
15 2 0.0218269
15 3 0.035628
15 4 0.0488289
15 5 0.0614297
15 6 0.0734303
15 7 0.0848309
15 8 0.0956313
15 9 0.105832
15 10 0.115432
15 11 0.124432
15 12 0.132832
15 13 0.140632
15 14 0.147832
15 15 0.154432
15 16 0.160432
15 17 0.165832
15 18 0.170632
15 19 0.174832
15 20 0.178432
15 21 0.181432
15 22 0.183832
15 23 0.185632
15 24 0.186832
15 25 0.187432
15 26 0.187432
15 27 0.186832
15 28 0.185632
15 29 0.183832
15 30 0.181432
15 31 0.178432
15 32 0.174832
15 33 0.170632
15 34 0.165832
15 35 0.160432
15 36 0.154432
15 37 0.147832
15 38 0.140632
15 39 0.132832
15 40 0.124432
15 41 0.115432
15 42 0.105832
15 43 0.0956313
15 44 0.0848309
15 45 0.0734303
15 46 0.0614297
15 47 0.0488289
15 48 0.035628
15 49 0.0218269
15 50 0.00742566

