15 1 0.00742112
15 2 0.0218133
15 3 0.0356054
15 4 0.0487974
15 5 0.0613894
15 6 0.0733814
15 7 0.0847735
15 8 0.0955657
15 9 0.105758
15 10 0.115351
15 11 0.124344
15 12 0.132737
15 13 0.14053
15 14 0.147724
15 15 0.154318
15 16 0.160313
15 17 0.165708
15 18 0.170504
15 19 0.1747
15 20 0.178296
15 21 0.181293
15 22 0.183691
15 23 0.185489
15 24 0.186688
15 25 0.187288
15 26 0.187288
15 27 0.186688
15 28 0.185489
15 29 0.183691
15 30 0.181293
15 31 0.178296
15 32 0.1747
15 33 0.170504
15 34 0.165708
15 35 0.160313
15 36 0.154318
15 37 0.147724
15 38 0.14053
15 39 0.132737
15 40 0.124344
15 41 0.115351
15 42 0.105758
15 43 0.0955657
15 44 0.0847735
15 45 0.0733814
15 46 0.0613894
15 47 0.0487974
15 48 0.0356054
15 49 0.0218133
15 50 0.00742112

