15 1 0.00742662
15 2 0.0218298
15 3 0.0356328
15 4 0.0488356
15 5 0.0614383
15 6 0.0734408
15 7 0.0848431
15 8 0.0956453
15 9 0.105847
15 10 0.115449
15 11 0.124451
15 12 0.132853
15 13 0.140654
15 14 0.147856
15 15 0.154457
15 16 0.160458
15 17 0.165859
15 18 0.17066
15 19 0.174861
15 20 0.178461
15 21 0.181462
15 22 0.183862
15 23 0.185663
15 24 0.186863
15 25 0.187463
15 26 0.187463
15 27 0.186863
15 28 0.185663
15 29 0.183862
15 30 0.181462
15 31 0.178461
15 32 0.174861
15 33 0.17066
15 34 0.165859
15 35 0.160458
15 36 0.154457
15 37 0.147856
15 38 0.140654
15 39 0.132853
15 40 0.124451
15 41 0.115449
15 42 0.105847
15 43 0.0956453
15 44 0.0848431
15 45 0.0734408
15 46 0.0614383
15 47 0.0488356
15 48 0.0356328
15 49 0.0218298
15 50 0.00742662

