15 1 0.00740574
15 2 0.0217672
15 3 0.0355288
15 4 0.0486906
15 5 0.0612528
15 6 0.0732155
15 7 0.084579
15 8 0.0953434
15 9 0.105509
15 10 0.115076
15 11 0.124043
15 12 0.132413
15 13 0.140184
15 14 0.147357
15 15 0.153931
15 16 0.159908
15 17 0.165287
15 18 0.170067
15 19 0.17425
15 20 0.177836
15 21 0.180823
15 22 0.183213
15 23 0.185006
15 24 0.186201
15 25 0.186798
15 26 0.186798
15 27 0.186201
15 28 0.185006
15 29 0.183213
15 30 0.180823
15 31 0.177836
15 32 0.17425
15 33 0.170067
15 34 0.165287
15 35 0.159908
15 36 0.153931
15 37 0.147357
15 38 0.140184
15 39 0.132413
15 40 0.124043
15 41 0.115076
15 42 0.105509
15 43 0.0953434
15 44 0.084579
15 45 0.0732155
15 46 0.0612528
15 47 0.0486906
15 48 0.0355288
15 49 0.0217672
15 50 0.00740574

