15 1 0.00718774
15 2 0.0211141
15 3 0.0344431
15 4 0.0471766
15 5 0.0593165
15 6 0.0708646
15 7 0.0818227
15 8 0.0921926
15 9 0.101976
15 10 0.111175
15 11 0.11979
15 12 0.127823
15 13 0.135277
15 14 0.142151
15 15 0.148448
15 16 0.154168
15 17 0.159313
15 18 0.163884
15 19 0.167881
15 20 0.171306
15 21 0.174159
15 22 0.17644
15 23 0.178151
15 24 0.179291
15 25 0.179861
15 26 0.179861
15 27 0.179291
15 28 0.178151
15 29 0.17644
15 30 0.174159
15 31 0.171306
15 32 0.167881
15 33 0.163884
15 34 0.159313
15 35 0.154168
15 36 0.148448
15 37 0.142151
15 38 0.135277
15 39 0.127823
15 40 0.11979
15 41 0.111175
15 42 0.101976
15 43 0.0921926
15 44 0.0818227
15 45 0.0708646
15 46 0.0593165
15 47 0.0471766
15 48 0.0344431
15 49 0.0211141
15 50 0.00718774

