15 1 0.00742644
15 2 0.0218293
15 3 0.0356319
15 4 0.0488344
15 5 0.0614367
15 6 0.0734388
15 7 0.0848408
15 8 0.0956427
15 9 0.105844
15 10 0.115446
15 11 0.124448
15 12 0.132849
15 13 0.14065
15 14 0.147851
15 15 0.154452
15 16 0.160453
15 17 0.165854
15 18 0.170655
15 19 0.174855
15 20 0.178456
15 21 0.181456
15 22 0.183857
15 23 0.185657
15 24 0.186857
15 25 0.187457
15 26 0.187457
15 27 0.186857
15 28 0.185657
15 29 0.183857
15 30 0.181456
15 31 0.178456
15 32 0.174855
15 33 0.170655
15 34 0.165854
15 35 0.160453
15 36 0.154452
15 37 0.147851
15 38 0.14065
15 39 0.132849
15 40 0.124448
15 41 0.115446
15 42 0.105844
15 43 0.0956427
15 44 0.0848408
15 45 0.0734388
15 46 0.0614367
15 47 0.0488344
15 48 0.0356319
15 49 0.0218293
15 50 0.00742644

