15 1 0.0053962
15 2 0.0157465
15 3 0.0255207
15 4 0.0347346
15 5 0.043404
15 6 0.0515445
15 7 0.0591712
15 8 0.0662991
15 9 0.0729426
15 10 0.0791159
15 11 0.0848325
15 12 0.0901052
15 13 0.0949466
15 14 0.0993682
15 15 0.103381
15 16 0.106995
15 17 0.110221
15 18 0.113065
15 19 0.115537
15 20 0.117643
15 21 0.119389
15 22 0.120779
15 23 0.121819
15 24 0.12251
15 25 0.122855
15 26 0.122855
15 27 0.12251
15 28 0.121819
15 29 0.120779
15 30 0.119389
15 31 0.117643
15 32 0.115537
15 33 0.113065
15 34 0.110221
15 35 0.106995
15 36 0.103381
15 37 0.0993682
15 38 0.0949466
15 39 0.0901052
15 40 0.0848325
15 41 0.0791159
15 42 0.0729426
15 43 0.0662991
15 44 0.0591712
15 45 0.0515445
15 46 0.043404
15 47 0.0347346
15 48 0.0255207
15 49 0.0157465
15 50 0.0053962

