15 1 0.00671044
15 2 0.0196841
15 3 0.032066
15 4 0.0438618
15 5 0.0550771
15 6 0.0657174
15 7 0.075788
15 8 0.0852941
15 9 0.094241
15 10 0.102633
15 11 0.110476
15 12 0.117774
15 13 0.124532
15 14 0.130753
15 15 0.136441
15 16 0.1416
15 17 0.146234
15 18 0.150344
15 19 0.153935
15 20 0.157009
15 21 0.159567
15 22 0.161611
15 23 0.163143
15 24 0.164163
15 25 0.164674
15 26 0.164674
15 27 0.164163
15 28 0.163143
15 29 0.161611
15 30 0.159567
15 31 0.157009
15 32 0.153935
15 33 0.150344
15 34 0.146234
15 35 0.1416
15 36 0.136441
15 37 0.130753
15 38 0.124532
15 39 0.117774
15 40 0.110476
15 41 0.102633
15 42 0.094241
15 43 0.0852941
15 44 0.075788
15 45 0.0657174
15 46 0.0550771
15 47 0.0438618
15 48 0.032066
15 49 0.0196841
15 50 0.00671044

