15 1 0.00742349
15 2 0.0218204
15 3 0.0356172
15 4 0.0488138
15 5 0.0614104
15 6 0.0734069
15 7 0.0848035
15 8 0.0956
15 9 0.105797
15 10 0.115393
15 11 0.12439
15 12 0.132787
15 13 0.140584
15 14 0.147781
15 15 0.154378
15 16 0.160375
15 17 0.165773
15 18 0.170571
15 19 0.174769
15 20 0.178367
15 21 0.181366
15 22 0.183765
15 23 0.185564
15 24 0.186763
15 25 0.187363
15 26 0.187363
15 27 0.186763
15 28 0.185564
15 29 0.183765
15 30 0.181366
15 31 0.178367
15 32 0.174769
15 33 0.170571
15 34 0.165773
15 35 0.160375
15 36 0.154378
15 37 0.147781
15 38 0.140584
15 39 0.132787
15 40 0.12439
15 41 0.115393
15 42 0.105797
15 43 0.0956
15 44 0.0848035
15 45 0.0734069
15 46 0.0614104
15 47 0.0488138
15 48 0.0356172
15 49 0.0218204
15 50 0.00742349

