15 1 0.0073756
15 2 0.0216769
15 3 0.0353787
15 4 0.0484813
15 5 0.0609851
15 6 0.0728906
15 7 0.084198
15 8 0.0949079
15 9 0.105021
15 10 0.114536
15 11 0.123455
15 12 0.131778
15 13 0.139506
15 14 0.146637
15 15 0.153173
15 16 0.159114
15 17 0.164461
15 18 0.169212
15 19 0.17337
15 20 0.176933
15 21 0.179902
15 22 0.182277
15 23 0.184058
15 24 0.185246
15 25 0.185839
15 26 0.185839
15 27 0.185246
15 28 0.184058
15 29 0.182277
15 30 0.179902
15 31 0.176933
15 32 0.17337
15 33 0.169212
15 34 0.164461
15 35 0.159114
15 36 0.153173
15 37 0.146637
15 38 0.139506
15 39 0.131778
15 40 0.123455
15 41 0.114536
15 42 0.105021
15 43 0.0949079
15 44 0.084198
15 45 0.0728906
15 46 0.0609851
15 47 0.0484813
15 48 0.0353787
15 49 0.0216769
15 50 0.0073756

