15 1 0.00742717
15 2 0.0218314
15 3 0.0356355
15 4 0.0488394
15 5 0.0614431
15 6 0.0734467
15 7 0.0848501
15 8 0.0956532
15 9 0.105856
15 10 0.115459
15 11 0.124462
15 12 0.132864
15 13 0.140667
15 14 0.147869
15 15 0.154471
15 16 0.160472
15 17 0.165874
15 18 0.170675
15 19 0.174877
15 20 0.178478
15 21 0.181479
15 22 0.183879
15 23 0.18568
15 24 0.18688
15 25 0.18748
15 26 0.18748
15 27 0.18688
15 28 0.18568
15 29 0.183879
15 30 0.181479
15 31 0.178478
15 32 0.174877
15 33 0.170675
15 34 0.165874
15 35 0.160472
15 36 0.154471
15 37 0.147869
15 38 0.140667
15 39 0.132864
15 40 0.124462
15 41 0.115459
15 42 0.105856
15 43 0.0956532
15 44 0.0848501
15 45 0.0734467
15 46 0.0614431
15 47 0.0488394
15 48 0.0356355
15 49 0.0218314
15 50 0.00742717

