15 1 0.00742438
15 2 0.0218231
15 3 0.0356216
15 4 0.04882
15 5 0.0614183
15 6 0.0734166
15 7 0.0848147
15 8 0.0956129
15 9 0.105811
15 10 0.115409
15 11 0.124407
15 12 0.132805
15 13 0.140604
15 14 0.147802
15 15 0.1544
15 16 0.160399
15 17 0.165797
15 18 0.170596
15 19 0.174795
15 20 0.178394
15 21 0.181393
15 22 0.183792
15 23 0.185592
15 24 0.186792
15 25 0.187391
15 26 0.187391
15 27 0.186792
15 28 0.185592
15 29 0.183792
15 30 0.181393
15 31 0.178394
15 32 0.174795
15 33 0.170596
15 34 0.165797
15 35 0.160399
15 36 0.1544
15 37 0.147802
15 38 0.140604
15 39 0.132805
15 40 0.124407
15 41 0.115409
15 42 0.105811
15 43 0.0956129
15 44 0.0848147
15 45 0.0734166
15 46 0.0614183
15 47 0.04882
15 48 0.0356216
15 49 0.0218231
15 50 0.00742438

