15 1 0.00301715
15 2 0.00861989
15 3 0.0136778
15 4 0.0182276
15 5 0.0223051
15 6 0.0259457
15 7 0.0291836
15 8 0.032052
15 9 0.0345828
15 10 0.0368063
15 11 0.0387514
15 12 0.0404453
15 13 0.0419133
15 14 0.0431791
15 15 0.0442643
15 16 0.0451889
15 17 0.0459708
15 18 0.0466261
15 19 0.0471689
15 20 0.0476116
15 21 0.0479646
15 22 0.0482367
15 23 0.0484347
15 24 0.0485639
15 25 0.0486277
15 26 0.0486277
15 27 0.0485639
15 28 0.0484347
15 29 0.0482367
15 30 0.0479646
15 31 0.0476116
15 32 0.0471689
15 33 0.0466261
15 34 0.0459708
15 35 0.0451889
15 36 0.0442643
15 37 0.0431791
15 38 0.0419133
15 39 0.0404453
15 40 0.0387514
15 41 0.0368063
15 42 0.0345828
15 43 0.032052
15 44 0.0291836
15 45 0.0259457
15 46 0.0223051
15 47 0.0182276
15 48 0.0136778
15 49 0.00861989
15 50 0.00301715

