15 1 0.00742668
15 2 0.02183
15 3 0.0356331
15 4 0.048836
15 5 0.0614388
15 6 0.0734414
15 7 0.0848439
15 8 0.0956462
15 9 0.105848
15 10 0.11545
15 11 0.124452
15 12 0.132854
15 13 0.140656
15 14 0.147857
15 15 0.154458
15 16 0.16046
15 17 0.165861
15 18 0.170662
15 19 0.174862
15 20 0.178463
15 21 0.181464
15 22 0.183864
15 23 0.185664
15 24 0.186865
15 25 0.187465
15 26 0.187465
15 27 0.186865
15 28 0.185664
15 29 0.183864
15 30 0.181464
15 31 0.178463
15 32 0.174862
15 33 0.170662
15 34 0.165861
15 35 0.16046
15 36 0.154458
15 37 0.147857
15 38 0.140656
15 39 0.132854
15 40 0.124452
15 41 0.11545
15 42 0.105848
15 43 0.0956462
15 44 0.0848439
15 45 0.0734414
15 46 0.0614388
15 47 0.048836
15 48 0.0356331
15 49 0.02183
15 50 0.00742668

