15 1 0.00742699
15 2 0.0218309
15 3 0.0356346
15 4 0.0488381
15 5 0.0614415
15 6 0.0734447
15 7 0.0848477
15 8 0.0956506
15 9 0.105853
15 10 0.115456
15 11 0.124458
15 12 0.13286
15 13 0.140662
15 14 0.147864
15 15 0.154466
15 16 0.160467
15 17 0.165869
15 18 0.17067
15 19 0.174871
15 20 0.178472
15 21 0.181473
15 22 0.183873
15 23 0.185674
15 24 0.186874
15 25 0.187474
15 26 0.187474
15 27 0.186874
15 28 0.185674
15 29 0.183873
15 30 0.181473
15 31 0.178472
15 32 0.174871
15 33 0.17067
15 34 0.165869
15 35 0.160467
15 36 0.154466
15 37 0.147864
15 38 0.140662
15 39 0.13286
15 40 0.124458
15 41 0.115456
15 42 0.105853
15 43 0.0956506
15 44 0.0848477
15 45 0.0734447
15 46 0.0614415
15 47 0.0488381
15 48 0.0356346
15 49 0.0218309
15 50 0.00742699

