15 1 0.00696491
15 2 0.0204465
15 3 0.0333333
15 4 0.0456291
15 5 0.0573373
15 6 0.0684616
15 7 0.0790053
15 8 0.088972
15 9 0.0983648
15 10 0.107187
15 11 0.115442
15 12 0.123132
15 13 0.13026
15 14 0.136829
15 15 0.142842
15 16 0.1483
15 17 0.153207
15 18 0.157563
15 19 0.16137
15 20 0.164631
15 21 0.167346
15 22 0.169517
15 23 0.171144
15 24 0.172229
15 25 0.172771
15 26 0.172771
15 27 0.172229
15 28 0.171144
15 29 0.169517
15 30 0.167346
15 31 0.164631
15 32 0.16137
15 33 0.157563
15 34 0.153207
15 35 0.1483
15 36 0.142842
15 37 0.136829
15 38 0.13026
15 39 0.123132
15 40 0.115442
15 41 0.107187
15 42 0.0983648
15 43 0.088972
15 44 0.0790053
15 45 0.0684616
15 46 0.0573373
15 47 0.0456291
15 48 0.0333333
15 49 0.0204465
15 50 0.00696491

