15 1 0.00730978
15 2 0.0214797
15 3 0.0350509
15 4 0.0480241
15 5 0.0604005
15 6 0.0721807
15 7 0.0833658
15 8 0.0939565
15 9 0.103954
15 10 0.113358
15 11 0.122171
15 12 0.130393
15 13 0.138024
15 14 0.145065
15 15 0.151518
15 16 0.157381
15 17 0.162657
15 18 0.167345
15 19 0.171447
15 20 0.174961
15 21 0.17789
15 22 0.180232
15 23 0.181988
15 24 0.183159
15 25 0.183745
15 26 0.183745
15 27 0.183159
15 28 0.181988
15 29 0.180232
15 30 0.17789
15 31 0.174961
15 32 0.171447
15 33 0.167345
15 34 0.162657
15 35 0.157381
15 36 0.151518
15 37 0.145065
15 38 0.138024
15 39 0.130393
15 40 0.122171
15 41 0.113358
15 42 0.103954
15 43 0.0939565
15 44 0.0833658
15 45 0.0721807
15 46 0.0604005
15 47 0.0480241
15 48 0.0350509
15 49 0.0214797
15 50 0.00730978

