15 1 0.0074262
15 2 0.0218285
15 3 0.0356307
15 4 0.0488327
15 5 0.0614346
15 6 0.0734363
15 7 0.0848378
15 8 0.0956393
15 9 0.105841
15 10 0.115442
15 11 0.124443
15 12 0.132844
15 13 0.140645
15 14 0.147846
15 15 0.154446
15 16 0.160447
15 17 0.165847
15 18 0.170648
15 19 0.174848
15 20 0.178449
15 21 0.181449
15 22 0.183849
15 23 0.185649
15 24 0.186849
15 25 0.18745
15 26 0.18745
15 27 0.186849
15 28 0.185649
15 29 0.183849
15 30 0.181449
15 31 0.178449
15 32 0.174848
15 33 0.170648
15 34 0.165847
15 35 0.160447
15 36 0.154446
15 37 0.147846
15 38 0.140645
15 39 0.132844
15 40 0.124443
15 41 0.115442
15 42 0.105841
15 43 0.0956393
15 44 0.0848378
15 45 0.0734363
15 46 0.0614346
15 47 0.0488327
15 48 0.0356307
15 49 0.0218285
15 50 0.0074262

