15 1 0.00709448
15 2 0.0208347
15 3 0.0339786
15 4 0.0465289
15 5 0.0584882
15 6 0.0698589
15 7 0.0806436
15 8 0.0908448
15 9 0.100465
15 10 0.109506
15 11 0.11797
15 12 0.12586
15 13 0.133177
15 14 0.139924
15 15 0.146102
15 16 0.151712
15 17 0.156757
15 18 0.161238
15 19 0.165156
15 20 0.168512
15 21 0.171307
15 22 0.173543
15 23 0.175219
15 24 0.176336
15 25 0.176894
15 26 0.176894
15 27 0.176336
15 28 0.175219
15 29 0.173543
15 30 0.171307
15 31 0.168512
15 32 0.165156
15 33 0.161238
15 34 0.156757
15 35 0.151712
15 36 0.146102
15 37 0.139924
15 38 0.133177
15 39 0.12586
15 40 0.11797
15 41 0.109506
15 42 0.100465
15 43 0.0908448
15 44 0.0806436
15 45 0.0698589
15 46 0.0584882
15 47 0.0465289
15 48 0.0339786
15 49 0.0208347
15 50 0.00709448

