15 1 0.00742648
15 2 0.0218294
15 3 0.0356321
15 4 0.0488346
15 5 0.061437
15 6 0.0734393
15 7 0.0848414
15 8 0.0956433
15 9 0.105845
15 10 0.115447
15 11 0.124448
15 12 0.13285
15 13 0.140651
15 14 0.147852
15 15 0.154453
15 16 0.160454
15 17 0.165855
15 18 0.170656
15 19 0.174856
15 20 0.178457
15 21 0.181457
15 22 0.183858
15 23 0.185658
15 24 0.186858
15 25 0.187458
15 26 0.187458
15 27 0.186858
15 28 0.185658
15 29 0.183858
15 30 0.181457
15 31 0.178457
15 32 0.174856
15 33 0.170656
15 34 0.165855
15 35 0.160454
15 36 0.154453
15 37 0.147852
15 38 0.140651
15 39 0.13285
15 40 0.124448
15 41 0.115447
15 42 0.105845
15 43 0.0956433
15 44 0.0848414
15 45 0.0734393
15 46 0.061437
15 47 0.0488346
15 48 0.0356321
15 49 0.0218294
15 50 0.00742648

