15 1 0.00596549
15 2 0.0174522
15 3 0.0283559
15 4 0.0386882
15 5 0.0484604
15 6 0.0576837
15 7 0.066369
15 8 0.074527
15 9 0.0821683
15 10 0.0893028
15 11 0.0959404
15 12 0.10209
15 13 0.107762
15 14 0.112963
15 15 0.117701
15 16 0.121985
15 17 0.12582
15 18 0.129213
15 19 0.132169
15 20 0.134694
15 21 0.136792
15 22 0.138466
15 23 0.139718
15 24 0.140552
15 25 0.140969
15 26 0.140969
15 27 0.140552
15 28 0.139718
15 29 0.138466
15 30 0.136792
15 31 0.134694
15 32 0.132169
15 33 0.129213
15 34 0.12582
15 35 0.121985
15 36 0.117701
15 37 0.112963
15 38 0.107762
15 39 0.10209
15 40 0.0959404
15 41 0.0893028
15 42 0.0821683
15 43 0.074527
15 44 0.066369
15 45 0.0576837
15 46 0.0484604
15 47 0.0386882
15 48 0.0283559
15 49 0.0174522
15 50 0.00596549

