15 1 0.0073957
15 2 0.0217371
15 3 0.0354788
15 4 0.0486208
15 5 0.0611636
15 6 0.0731073
15 7 0.0844521
15 8 0.0951983
15 9 0.105346
15 10 0.114896
15 11 0.123848
15 12 0.132202
15 13 0.139958
15 14 0.147117
15 15 0.153679
15 16 0.159644
15 17 0.165011
15 18 0.169782
15 19 0.173957
15 20 0.177535
15 21 0.180516
15 22 0.182901
15 23 0.18469
15 24 0.185882
15 25 0.186479
15 26 0.186479
15 27 0.185882
15 28 0.18469
15 29 0.182901
15 30 0.180516
15 31 0.177535
15 32 0.173957
15 33 0.169782
15 34 0.165011
15 35 0.159644
15 36 0.153679
15 37 0.147117
15 38 0.139958
15 39 0.132202
15 40 0.123848
15 41 0.114896
15 42 0.105346
15 43 0.0951983
15 44 0.0844521
15 45 0.0731073
15 46 0.0611636
15 47 0.0486208
15 48 0.0354788
15 49 0.0217371
15 50 0.0073957

