15 1 0.00274822
15 2 0.00781486
15 3 0.012342
15 4 0.0163697
15 5 0.0199372
15 6 0.0230827
15 7 0.0258434
15 8 0.0282548
15 9 0.030351
15 10 0.0321641
15 11 0.0337244
15 12 0.0350601
15 13 0.0361974
15 14 0.0371601
15 15 0.0379701
15 16 0.0386472
15 17 0.0392088
15 18 0.0396707
15 19 0.0400463
15 20 0.0403473
15 21 0.0405835
15 22 0.0407631
15 23 0.0408923
15 24 0.0409758
15 25 0.0410168
15 26 0.0410168
15 27 0.0409758
15 28 0.0408923
15 29 0.0407631
15 30 0.0405835
15 31 0.0403473
15 32 0.0400463
15 33 0.0396707
15 34 0.0392088
15 35 0.0386472
15 36 0.0379701
15 37 0.0371601
15 38 0.0361974
15 39 0.0350601
15 40 0.0337244
15 41 0.0321641
15 42 0.030351
15 43 0.0282548
15 44 0.0258434
15 45 0.0230827
15 46 0.0199372
15 47 0.0163697
15 48 0.012342
15 49 0.00781486
15 50 0.00274822

