15 1 0.00742467
15 2 0.0218239
15 3 0.0356231
15 4 0.048822
15 5 0.0614209
15 6 0.0734197
15 7 0.0848184
15 8 0.0956171
15 9 0.105816
15 10 0.115414
15 11 0.124413
15 12 0.132812
15 13 0.14061
15 14 0.147809
15 15 0.154408
15 16 0.160406
15 17 0.165805
15 18 0.170604
15 19 0.174803
15 20 0.178403
15 21 0.181402
15 22 0.183802
15 23 0.185601
15 24 0.186801
15 25 0.187401
15 26 0.187401
15 27 0.186801
15 28 0.185601
15 29 0.183802
15 30 0.181402
15 31 0.178403
15 32 0.174803
15 33 0.170604
15 34 0.165805
15 35 0.160406
15 36 0.154408
15 37 0.147809
15 38 0.14061
15 39 0.132812
15 40 0.124413
15 41 0.115414
15 42 0.105816
15 43 0.0956171
15 44 0.0848184
15 45 0.0734197
15 46 0.0614209
15 47 0.048822
15 48 0.0356231
15 49 0.0218239
15 50 0.00742467

