15 1 0.00741963
15 2 0.0218088
15 3 0.0355979
15 4 0.048787
15 5 0.0613761
15 6 0.0733653
15 7 0.0847546
15 8 0.0955442
15 9 0.105734
15 10 0.115324
15 11 0.124314
15 12 0.132705
15 13 0.140497
15 14 0.147688
15 15 0.154281
15 16 0.160274
15 17 0.165667
15 18 0.170461
15 19 0.174656
15 20 0.178252
15 21 0.181248
15 22 0.183645
15 23 0.185442
15 24 0.186641
15 25 0.18724
15 26 0.18724
15 27 0.186641
15 28 0.185442
15 29 0.183645
15 30 0.181248
15 31 0.178252
15 32 0.174656
15 33 0.170461
15 34 0.165667
15 35 0.160274
15 36 0.154281
15 37 0.147688
15 38 0.140497
15 39 0.132705
15 40 0.124314
15 41 0.115324
15 42 0.105734
15 43 0.0955442
15 44 0.0847546
15 45 0.0733653
15 46 0.0613761
15 47 0.048787
15 48 0.0355979
15 49 0.0218088
15 50 0.00741963

