15 1 0.00742328
15 2 0.0218198
15 3 0.0356161
15 4 0.0488124
15 5 0.0614086
15 6 0.0734047
15 7 0.0848008
15 8 0.095597
15 9 0.105793
15 10 0.115389
15 11 0.124386
15 12 0.132782
15 13 0.140579
15 14 0.147776
15 15 0.154373
15 16 0.16037
15 17 0.165767
15 18 0.170565
15 19 0.174763
15 20 0.178361
15 21 0.181359
15 22 0.183758
15 23 0.185557
15 24 0.186757
15 25 0.187356
15 26 0.187356
15 27 0.186757
15 28 0.185557
15 29 0.183758
15 30 0.181359
15 31 0.178361
15 32 0.174763
15 33 0.170565
15 34 0.165767
15 35 0.16037
15 36 0.154373
15 37 0.147776
15 38 0.140579
15 39 0.132782
15 40 0.124386
15 41 0.115389
15 42 0.105793
15 43 0.095597
15 44 0.0848008
15 45 0.0734047
15 46 0.0614086
15 47 0.0488124
15 48 0.0356161
15 49 0.0218198
15 50 0.00742328

