15 1 0.00174498
15 2 0.00471886
15 3 0.00699226
15 4 0.00869092
15 5 0.00993
15 6 0.0108114
15 7 0.0114221
15 8 0.0118339
15 9 0.0121038
15 10 0.0122756
15 11 0.0123817
15 12 0.0124452
15 13 0.0124819
15 14 0.0125025
15 15 0.0125137
15 16 0.0125195
15 17 0.0125224
15 18 0.0125238
15 19 0.0125245
15 20 0.0125248
15 21 0.0125249
15 22 0.012525
15 23 0.012525
15 24 0.012525
15 25 0.012525
15 26 0.012525
15 27 0.012525
15 28 0.012525
15 29 0.012525
15 30 0.0125249
15 31 0.0125248
15 32 0.0125245
15 33 0.0125238
15 34 0.0125224
15 35 0.0125195
15 36 0.0125137
15 37 0.0125025
15 38 0.0124819
15 39 0.0124452
15 40 0.0123817
15 41 0.0122756
15 42 0.0121038
15 43 0.0118339
15 44 0.0114221
15 45 0.0108114
15 46 0.00993
15 47 0.00869092
15 48 0.00699226
15 49 0.00471886
15 50 0.00174498

