15 1 0.0108078
15 2 0.0318409
15 3 0.0519771
15 4 0.0712186
15 5 0.0895677
15 6 0.107027
15 7 0.123597
15 8 0.139282
15 9 0.154083
15 10 0.168002
15 11 0.181041
15 12 0.193201
15 13 0.204486
15 14 0.214895
15 15 0.224432
15 16 0.233096
15 17 0.240891
15 18 0.247816
15 19 0.253873
15 20 0.259063
15 21 0.263386
15 22 0.266844
15 23 0.269437
15 24 0.271166
15 25 0.27203
15 26 0.27203
15 27 0.271166
15 28 0.269437
15 29 0.266844
15 30 0.263386
15 31 0.259063
15 32 0.253873
15 33 0.247816
15 34 0.240891
15 35 0.233096
15 36 0.224432
15 37 0.214895
15 38 0.204486
15 39 0.193201
15 40 0.181041
15 41 0.168002
15 42 0.154083
15 43 0.139282
15 44 0.123597
15 45 0.107027
15 46 0.0895677
15 47 0.0712186
15 48 0.0519771
15 49 0.0318409
15 50 0.0108078

