15 1 0.0107915
15 2 0.0317922
15 3 0.0518962
15 4 0.0711058
15 5 0.0894234
15 6 0.106851
15 7 0.123392
15 8 0.139047
15 9 0.153819
15 10 0.167711
15 11 0.180724
15 12 0.192859
15 13 0.20412
15 14 0.214507
15 15 0.224023
15 16 0.232669
15 17 0.240445
15 18 0.247355
15 19 0.253398
15 20 0.258576
15 21 0.262889
15 22 0.266339
15 23 0.268926
15 24 0.270651
15 25 0.271513
15 26 0.271513
15 27 0.270651
15 28 0.268926
15 29 0.266339
15 30 0.262889
15 31 0.258576
15 32 0.253398
15 33 0.247355
15 34 0.240445
15 35 0.232669
15 36 0.224023
15 37 0.214507
15 38 0.20412
15 39 0.192859
15 40 0.180724
15 41 0.167711
15 42 0.153819
15 43 0.139047
15 44 0.123392
15 45 0.106851
15 46 0.0894234
15 47 0.0711058
15 48 0.0518962
15 49 0.0317922
15 50 0.0107915

