15 1 0.0107743
15 2 0.0317408
15 3 0.0518107
15 4 0.0709866
15 5 0.0892709
15 6 0.106666
15 7 0.123175
15 8 0.138799
15 9 0.153541
15 10 0.167404
15 11 0.180389
15 12 0.192498
15 13 0.203734
15 14 0.214097
15 15 0.223591
15 16 0.232217
15 17 0.239975
15 18 0.246868
15 19 0.252897
15 20 0.258062
15 21 0.262365
15 22 0.265806
15 23 0.268387
15 24 0.270107
15 25 0.270967
15 26 0.270967
15 27 0.270107
15 28 0.268387
15 29 0.265806
15 30 0.262365
15 31 0.258062
15 32 0.252897
15 33 0.246868
15 34 0.239975
15 35 0.232217
15 36 0.223591
15 37 0.214097
15 38 0.203734
15 39 0.192498
15 40 0.180389
15 41 0.167404
15 42 0.153541
15 43 0.138799
15 44 0.123175
15 45 0.106666
15 46 0.0892709
15 47 0.0709866
15 48 0.0518107
15 49 0.0317408
15 50 0.0107743

