15 1 0.0104749
15 2 0.0308437
15 3 0.0503194
15 4 0.068907
15 5 0.0866113
15 6 0.103437
15 7 0.119389
15 8 0.134471
15 9 0.148689
15 10 0.162045
15 11 0.174546
15 12 0.186194
15 13 0.196993
15 14 0.206947
15 15 0.216059
15 16 0.224332
15 17 0.23177
15 18 0.238374
15 19 0.244148
15 20 0.249092
15 21 0.25321
15 22 0.256503
15 23 0.258971
15 24 0.260616
15 25 0.261438
15 26 0.261438
15 27 0.260616
15 28 0.258971
15 29 0.256503
15 30 0.25321
15 31 0.249092
15 32 0.244148
15 33 0.238374
15 34 0.23177
15 35 0.224332
15 36 0.216059
15 37 0.206947
15 38 0.196993
15 39 0.186194
15 40 0.174546
15 41 0.162045
15 42 0.148689
15 43 0.134471
15 44 0.119389
15 45 0.103437
15 46 0.0866113
15 47 0.068907
15 48 0.0503194
15 49 0.0308437
15 50 0.0104749

