15 1 0.0109825
15 2 0.0323646
15 3 0.0528476
15 4 0.0724325
15 5 0.0911202
15 6 0.108911
15 7 0.125807
15 8 0.141808
15 9 0.156915
15 10 0.171129
15 11 0.184451
15 12 0.196881
15 13 0.20842
15 14 0.219069
15 15 0.228829
15 16 0.237699
15 17 0.24568
15 18 0.252774
15 19 0.25898
15 20 0.264298
15 21 0.26873
15 22 0.272275
15 23 0.274933
15 24 0.276706
15 25 0.277592
15 26 0.277592
15 27 0.276706
15 28 0.274933
15 29 0.272275
15 30 0.26873
15 31 0.264298
15 32 0.25898
15 33 0.252774
15 34 0.24568
15 35 0.237699
15 36 0.228829
15 37 0.219069
15 38 0.20842
15 39 0.196881
15 40 0.184451
15 41 0.171129
15 42 0.156915
15 43 0.141808
15 44 0.125807
15 45 0.108911
15 46 0.0911202
15 47 0.0724325
15 48 0.0528476
15 49 0.0323646
15 50 0.0109825

