15 1 0.0108769
15 2 0.032048
15 3 0.0523214
15 4 0.0716987
15 5 0.0901817
15 6 0.107772
15 7 0.124471
15 8 0.140281
15 9 0.155203
15 10 0.169239
15 11 0.182389
15 12 0.194657
15 13 0.206042
15 14 0.216546
15 15 0.226171
15 16 0.234917
15 17 0.242785
15 18 0.249777
15 19 0.255892
15 20 0.261133
15 21 0.2655
15 22 0.268992
15 23 0.271611
15 24 0.273357
15 25 0.27423
15 26 0.27423
15 27 0.273357
15 28 0.271611
15 29 0.268992
15 30 0.2655
15 31 0.261133
15 32 0.255892
15 33 0.249777
15 34 0.242785
15 35 0.234917
15 36 0.226171
15 37 0.216546
15 38 0.206042
15 39 0.194657
15 40 0.182389
15 41 0.169239
15 42 0.155203
15 43 0.140281
15 44 0.124471
15 45 0.107772
15 46 0.0901817
15 47 0.0716987
15 48 0.0523214
15 49 0.032048
15 50 0.0108769

