15 1 0.00448189
15 2 0.0128899
15 3 0.0204806
15 4 0.0273089
15 5 0.0334287
15 6 0.0388929
15 7 0.0437528
15 8 0.0480583
15 9 0.0518571
15 10 0.0551948
15 11 0.0581146
15 12 0.0606574
15 13 0.0628611
15 14 0.0647613
15 15 0.0663905
15 16 0.0677785
15 17 0.0689523
15 18 0.069936
15 19 0.0707509
15 20 0.0714154
15 21 0.0719453
15 22 0.0723538
15 23 0.0726511
15 24 0.072845
15 25 0.0729407
15 26 0.0729407
15 27 0.072845
15 28 0.0726511
15 29 0.0723538
15 30 0.0719453
15 31 0.0714154
15 32 0.0707509
15 33 0.069936
15 34 0.0689523
15 35 0.0677785
15 36 0.0663905
15 37 0.0647613
15 38 0.0628611
15 39 0.0606574
15 40 0.0581146
15 41 0.0551948
15 42 0.0518571
15 43 0.0480583
15 44 0.0437528
15 45 0.0388929
15 46 0.0334287
15 47 0.0273089
15 48 0.0204806
15 49 0.0128899
15 50 0.00448189

