15 1 0.0103226
15 2 0.0303873
15 3 0.0495609
15 4 0.0678492
15 5 0.0852585
15 6 0.101794
15 7 0.117463
15 8 0.13227
15 9 0.14622
15 10 0.15932
15 11 0.171574
15 12 0.182987
15 13 0.193564
15 14 0.203309
15 15 0.212227
15 16 0.220321
15 17 0.227596
15 18 0.234053
15 19 0.239697
15 20 0.24453
15 21 0.248554
15 22 0.25177
15 23 0.254182
15 24 0.255788
15 25 0.256592
15 26 0.256592
15 27 0.255788
15 28 0.254182
15 29 0.25177
15 30 0.248554
15 31 0.24453
15 32 0.239697
15 33 0.234053
15 34 0.227596
15 35 0.220321
15 36 0.212227
15 37 0.203309
15 38 0.193564
15 39 0.182987
15 40 0.171574
15 41 0.15932
15 42 0.14622
15 43 0.13227
15 44 0.117463
15 45 0.101794
15 46 0.0852585
15 47 0.0678492
15 48 0.0495609
15 49 0.0303873
15 50 0.0103226

