15 1 0.0101329
15 2 0.0298191
15 3 0.0486163
15 4 0.0665321
15 5 0.0835739
15 6 0.0997491
15 7 0.115065
15 8 0.129528
15 9 0.143147
15 10 0.155926
15 11 0.167873
15 12 0.178994
15 13 0.189294
15 14 0.19878
15 15 0.207456
15 16 0.215327
15 17 0.222399
15 18 0.228673
15 19 0.234156
15 20 0.238849
15 21 0.242755
15 22 0.245878
15 23 0.248218
15 24 0.249777
15 25 0.250557
15 26 0.250557
15 27 0.249777
15 28 0.248218
15 29 0.245878
15 30 0.242755
15 31 0.238849
15 32 0.234156
15 33 0.228673
15 34 0.222399
15 35 0.215327
15 36 0.207456
15 37 0.19878
15 38 0.189294
15 39 0.178994
15 40 0.167873
15 41 0.155926
15 42 0.143147
15 43 0.129528
15 44 0.115065
15 45 0.0997491
15 46 0.0835739
15 47 0.0665321
15 48 0.0486163
15 49 0.0298191
15 50 0.0101329

