15 1 0.00407859
15 2 0.0116827
15 3 0.0184774
15 4 0.0245227
15 5 0.0298775
15 6 0.0345992
15 7 0.0387434
15 8 0.0423634
15 9 0.0455103
15 10 0.0482324
15 11 0.0505749
15 12 0.0525802
15 13 0.0542876
15 14 0.055733
15 15 0.0569491
15 16 0.0579655
15 17 0.0588087
15 18 0.0595021
15 19 0.0600659
15 20 0.0605177
15 21 0.0608723
15 22 0.0611418
15 23 0.0613356
15 24 0.061461
15 25 0.0615225
15 26 0.0615225
15 27 0.061461
15 28 0.0613356
15 29 0.0611418
15 30 0.0608723
15 31 0.0605177
15 32 0.0600659
15 33 0.0595021
15 34 0.0588087
15 35 0.0579655
15 36 0.0569491
15 37 0.055733
15 38 0.0542876
15 39 0.0525802
15 40 0.0505749
15 41 0.0482324
15 42 0.0455103
15 43 0.0423634
15 44 0.0387434
15 45 0.0345992
15 46 0.0298775
15 47 0.0245227
15 48 0.0184774
15 49 0.0116827
15 50 0.00407859

