15 1 0.00252586
15 2 0.00704202
15 3 0.0108008
15 4 0.0138946
15 5 0.0164121
15 6 0.0184363
15 7 0.0200441
15 8 0.0213051
15 9 0.0222814
15 10 0.0230272
15 11 0.0235893
15 12 0.024007
15 13 0.024313
15 14 0.024534
15 15 0.0246912
15 16 0.0248014
15 17 0.0248774
15 18 0.024929
15 19 0.0249635
15 20 0.0249862
15 21 0.0250008
15 22 0.0250101
15 23 0.0250157
15 24 0.0250188
15 25 0.0250203
15 26 0.0250203
15 27 0.0250188
15 28 0.0250157
15 29 0.0250101
15 30 0.0250008
15 31 0.0249862
15 32 0.0249635
15 33 0.024929
15 34 0.0248774
15 35 0.0248014
15 36 0.0246912
15 37 0.024534
15 38 0.024313
15 39 0.024007
15 40 0.0235893
15 41 0.0230272
15 42 0.0222814
15 43 0.0213051
15 44 0.0200441
15 45 0.0184363
15 46 0.0164121
15 47 0.0138946
15 48 0.0108008
15 49 0.00704202
15 50 0.00252586

