15 1 0.00821271
15 2 0.024066
15 3 0.0390531
15 4 0.0531964
15 5 0.0665185
15 6 0.0790412
15 7 0.0907863
15 8 0.101775
15 9 0.112028
15 10 0.121565
15 11 0.130405
15 12 0.138566
15 13 0.146067
15 14 0.152924
15 15 0.159153
15 16 0.164767
15 17 0.16978
15 18 0.174205
15 19 0.178052
15 20 0.181331
15 21 0.184051
15 22 0.186219
15 23 0.187839
15 24 0.188917
15 25 0.189456
15 26 0.189456
15 27 0.188917
15 28 0.187839
15 29 0.186219
15 30 0.184051
15 31 0.181331
15 32 0.178052
15 33 0.174205
15 34 0.16978
15 35 0.164767
15 36 0.159153
15 37 0.152924
15 38 0.146067
15 39 0.138566
15 40 0.130405
15 41 0.121565
15 42 0.112028
15 43 0.101775
15 44 0.0907863
15 45 0.0790412
15 46 0.0665185
15 47 0.0531964
15 48 0.0390531
15 49 0.024066
15 50 0.00821271

