15 1 0.0109383
15 2 0.0322321
15 3 0.0526274
15 4 0.0721254
15 5 0.0907274
15 6 0.108435
15 7 0.125248
15 8 0.141169
15 9 0.156199
15 10 0.170338
15 11 0.183588
15 12 0.19595
15 13 0.207425
15 14 0.218013
15 15 0.227716
15 16 0.236534
15 17 0.244469
15 18 0.251519
15 19 0.257688
15 20 0.262974
15 21 0.267378
15 22 0.270901
15 23 0.273543
15 24 0.275304
15 25 0.276185
15 26 0.276185
15 27 0.275304
15 28 0.273543
15 29 0.270901
15 30 0.267378
15 31 0.262974
15 32 0.257688
15 33 0.251519
15 34 0.244469
15 35 0.236534
15 36 0.227716
15 37 0.218013
15 38 0.207425
15 39 0.19595
15 40 0.183588
15 41 0.170338
15 42 0.156199
15 43 0.141169
15 44 0.125248
15 45 0.108435
15 46 0.0907274
15 47 0.0721254
15 48 0.0526274
15 49 0.0322321
15 50 0.0109383

