15 1 0.00708905
15 2 0.0206995
15 3 0.033457
15 4 0.045393
15 5 0.0565386
15 6 0.0669245
15 7 0.0765806
15 8 0.0855366
15 9 0.093821
15 10 0.101461
15 11 0.108485
15 12 0.114916
15 13 0.120781
15 14 0.126101
15 15 0.130898
15 16 0.135193
15 17 0.139004
15 18 0.142348
15 19 0.14524
15 20 0.147694
15 21 0.14972
15 22 0.15133
15 23 0.15253
15 24 0.153327
15 25 0.153724
15 26 0.153724
15 27 0.153327
15 28 0.15253
15 29 0.15133
15 30 0.14972
15 31 0.147694
15 32 0.14524
15 33 0.142348
15 34 0.139004
15 35 0.135193
15 36 0.130898
15 37 0.126101
15 38 0.120781
15 39 0.114916
15 40 0.108485
15 41 0.101461
15 42 0.093821
15 43 0.0855366
15 44 0.0765806
15 45 0.0669245
15 46 0.0565386
15 47 0.045393
15 48 0.033457
15 49 0.0206995
15 50 0.00708905

