15 1 0.01092
15 2 0.0321773
15 3 0.0525364
15 4 0.0719985
15 5 0.090565
15 6 0.108237
15 7 0.125017
15 8 0.140905
15 9 0.155903
15 10 0.170011
15 11 0.183232
15 12 0.195565
15 13 0.207013
15 14 0.217577
15 15 0.227256
15 16 0.236053
15 17 0.243968
15 18 0.251001
15 19 0.257154
15 20 0.262426
15 21 0.266819
15 22 0.270333
15 23 0.272968
15 24 0.274725
15 25 0.275603
15 26 0.275603
15 27 0.274725
15 28 0.272968
15 29 0.270333
15 30 0.266819
15 31 0.262426
15 32 0.257154
15 33 0.251001
15 34 0.243968
15 35 0.236053
15 36 0.227256
15 37 0.217577
15 38 0.207013
15 39 0.195565
15 40 0.183232
15 41 0.170011
15 42 0.155903
15 43 0.140905
15 44 0.125017
15 45 0.108237
15 46 0.090565
15 47 0.0719985
15 48 0.0525364
15 49 0.0321773
15 50 0.01092

