15 1 0.00363238
15 2 0.0103476
15 3 0.0162642
15 4 0.0214488
15 5 0.0259667
15 6 0.0298813
15 7 0.0332533
15 8 0.0361406
15 9 0.0385978
15 10 0.0406758
15 11 0.042422
15 12 0.0438799
15 13 0.0450889
15 14 0.0460846
15 15 0.0468988
15 16 0.0475596
15 17 0.0480915
15 18 0.0485159
15 19 0.0488508
15 20 0.0491115
15 21 0.0493107
15 22 0.0494583
15 23 0.0495624
15 24 0.0496286
15 25 0.0496608
15 26 0.0496608
15 27 0.0496286
15 28 0.0495624
15 29 0.0494583
15 30 0.0493107
15 31 0.0491115
15 32 0.0488508
15 33 0.0485159
15 34 0.0480915
15 35 0.0475596
15 36 0.0468988
15 37 0.0460846
15 38 0.0450889
15 39 0.0438799
15 40 0.042422
15 41 0.0406758
15 42 0.0385978
15 43 0.0361406
15 44 0.0332533
15 45 0.0298813
15 46 0.0259667
15 47 0.0214488
15 48 0.0162642
15 49 0.0103476
15 50 0.00363238

