15 1 0.0108997
15 2 0.0321162
15 3 0.0524348
15 4 0.0718568
15 5 0.0903839
15 6 0.108017
15 7 0.124759
15 8 0.14061
15 9 0.155572
15 10 0.169646
15 11 0.182834
15 12 0.195136
15 13 0.206554
15 14 0.21709
15 15 0.226743
15 16 0.235516
15 17 0.243409
15 18 0.250422
15 19 0.256558
15 20 0.261815
15 21 0.266195
15 22 0.269699
15 23 0.272327
15 24 0.274078
15 25 0.274954
15 26 0.274954
15 27 0.274078
15 28 0.272327
15 29 0.269699
15 30 0.266195
15 31 0.261815
15 32 0.256558
15 33 0.250422
15 34 0.243409
15 35 0.235516
15 36 0.226743
15 37 0.21709
15 38 0.206554
15 39 0.195136
15 40 0.182834
15 41 0.169646
15 42 0.155572
15 43 0.14061
15 44 0.124759
15 45 0.108017
15 46 0.0903839
15 47 0.0718568
15 48 0.0524348
15 49 0.0321162
15 50 0.0108997

