15 1 0.0110098
15 2 0.0324461
15 3 0.0529832
15 4 0.0726215
15 5 0.0913619
15 6 0.109205
15 7 0.126151
15 8 0.142202
15 9 0.157356
15 10 0.171617
15 11 0.184982
15 12 0.197454
15 13 0.209033
15 14 0.219719
15 15 0.229513
15 16 0.238415
15 17 0.246426
15 18 0.253546
15 19 0.259775
15 20 0.265114
15 21 0.269562
15 22 0.273121
15 23 0.275789
15 24 0.277568
15 25 0.278458
15 26 0.278458
15 27 0.277568
15 28 0.275789
15 29 0.273121
15 30 0.269562
15 31 0.265114
15 32 0.259775
15 33 0.253546
15 34 0.246426
15 35 0.238415
15 36 0.229513
15 37 0.219719
15 38 0.209033
15 39 0.197454
15 40 0.184982
15 41 0.171617
15 42 0.157356
15 43 0.142202
15 44 0.126151
15 45 0.109205
15 46 0.0913619
15 47 0.0726215
15 48 0.0529832
15 49 0.0324461
15 50 0.0110098

