15 1 0.00519608
15 2 0.0150286
15 3 0.0240324
15 4 0.0322547
15 5 0.0397422
15 6 0.046541
15 7 0.052696
15 8 0.0582509
15 9 0.063248
15 10 0.0677282
15 11 0.0717304
15 12 0.0752917
15 13 0.0784474
15 14 0.0812303
15 15 0.0836711
15 16 0.0857982
15 17 0.0876377
15 18 0.0892131
15 19 0.0905452
15 20 0.0916527
15 21 0.0925512
15 22 0.0932541
15 23 0.093772
15 24 0.0941129
15 25 0.094282
15 26 0.094282
15 27 0.0941129
15 28 0.093772
15 29 0.0932541
15 30 0.0925512
15 31 0.0916527
15 32 0.0905452
15 33 0.0892131
15 34 0.0876377
15 35 0.0857982
15 36 0.0836711
15 37 0.0812303
15 38 0.0784474
15 39 0.0752917
15 40 0.0717304
15 41 0.0677282
15 42 0.063248
15 43 0.0582509
15 44 0.052696
15 45 0.046541
15 46 0.0397422
15 47 0.0322547
15 48 0.0240324
15 49 0.0150286
15 50 0.00519608

