15 1 0.00890406
15 2 0.0261373
15 3 0.0424962
15 4 0.0579977
15 5 0.072659
15 6 0.0864967
15 7 0.0995274
15 8 0.111767
15 9 0.123232
15 10 0.133936
15 11 0.143894
15 12 0.153121
15 13 0.16163
15 14 0.169434
15 15 0.176543
15 16 0.18297
15 17 0.188724
15 18 0.193815
15 19 0.198251
15 20 0.202039
15 21 0.205186
15 22 0.207697
15 23 0.209577
15 24 0.210828
15 25 0.211453
15 26 0.211453
15 27 0.210828
15 28 0.209577
15 29 0.207697
15 30 0.205186
15 31 0.202039
15 32 0.198251
15 33 0.193815
15 34 0.188724
15 35 0.18297
15 36 0.176543
15 37 0.169434
15 38 0.16163
15 39 0.153121
15 40 0.143894
15 41 0.133936
15 42 0.123232
15 43 0.111767
15 44 0.0995274
15 45 0.0864967
15 46 0.072659
15 47 0.0579977
15 48 0.0424962
15 49 0.0261373
15 50 0.00890406

