15 1 0.00960269
15 2 0.0282305
15 3 0.0459755
15 4 0.0628496
15 5 0.0788643
15 6 0.0940309
15 7 0.108361
15 8 0.121865
15 9 0.134553
15 10 0.146437
15 11 0.157527
15 12 0.16783
15 13 0.177358
15 14 0.186117
15 15 0.194118
15 16 0.201366
15 17 0.207868
15 18 0.213632
15 19 0.218663
15 20 0.222966
15 21 0.226545
15 22 0.229403
15 23 0.231545
15 24 0.232971
15 25 0.233684
15 26 0.233684
15 27 0.232971
15 28 0.231545
15 29 0.229403
15 30 0.226545
15 31 0.222966
15 32 0.218663
15 33 0.213632
15 34 0.207868
15 35 0.201366
15 36 0.194118
15 37 0.186117
15 38 0.177358
15 39 0.16783
15 40 0.157527
15 41 0.146437
15 42 0.134553
15 43 0.121865
15 44 0.108361
15 45 0.0940309
15 46 0.0788643
15 47 0.0628496
15 48 0.0459755
15 49 0.0282305
15 50 0.00960269

