15 1 0.0106729
15 2 0.0314368
15 3 0.0513054
15 4 0.0702819
15 5 0.0883697
15 6 0.105572
15 7 0.121892
15 8 0.137333
15 9 0.151897
15 10 0.165588
15 11 0.178409
15 12 0.190362
15 13 0.201449
15 14 0.211674
15 15 0.221039
15 16 0.229545
15 17 0.237195
15 18 0.24399
15 19 0.249932
15 20 0.255022
15 21 0.259263
15 22 0.262654
15 23 0.265196
15 24 0.266891
15 25 0.267738
15 26 0.267738
15 27 0.266891
15 28 0.265196
15 29 0.262654
15 30 0.259263
15 31 0.255022
15 32 0.249932
15 33 0.24399
15 34 0.237195
15 35 0.229545
15 36 0.221039
15 37 0.211674
15 38 0.201449
15 39 0.190362
15 40 0.178409
15 41 0.165588
15 42 0.151897
15 43 0.137333
15 44 0.121892
15 45 0.105572
15 46 0.0883697
15 47 0.0702819
15 48 0.0513054
15 49 0.0314368
15 50 0.0106729

