15 1 0.00551735
15 2 0.0159909
15 3 0.0256312
15 4 0.0344826
15 5 0.0425889
15 6 0.0499932
15 7 0.056738
15 8 0.0628644
15 9 0.0684123
15 10 0.0734204
15 11 0.0779256
15 12 0.0819631
15 13 0.0855665
15 14 0.0887673
15 15 0.0915949
15 16 0.0940766
15 17 0.0962373
15 18 0.0980999
15 19 0.0996846
15 20 0.101009
15 21 0.10209
15 22 0.102938
15 23 0.103566
15 24 0.10398
15 25 0.104185
15 26 0.104185
15 27 0.10398
15 28 0.103566
15 29 0.102938
15 30 0.10209
15 31 0.101009
15 32 0.0996846
15 33 0.0980999
15 34 0.0962373
15 35 0.0940766
15 36 0.0915949
15 37 0.0887673
15 38 0.0855665
15 39 0.0819631
15 40 0.0779256
15 41 0.0734204
15 42 0.0684123
15 43 0.0628644
15 44 0.056738
15 45 0.0499932
15 46 0.0425889
15 47 0.0344826
15 48 0.0256312
15 49 0.0159909
15 50 0.00551735

