15 1 0.0106955
15 2 0.0315045
15 3 0.0514178
15 4 0.0704387
15 5 0.0885702
15 6 0.105815
15 7 0.122177
15 8 0.137659
15 9 0.152263
15 10 0.165992
15 11 0.178849
15 12 0.190837
15 13 0.201958
15 14 0.212213
15 15 0.221607
15 16 0.230139
15 17 0.237813
15 18 0.24463
15 19 0.250592
15 20 0.255699
15 21 0.259953
15 22 0.263355
15 23 0.265906
15 24 0.267606
15 25 0.268456
15 26 0.268456
15 27 0.267606
15 28 0.265906
15 29 0.263355
15 30 0.259953
15 31 0.255699
15 32 0.250592
15 33 0.24463
15 34 0.237813
15 35 0.230139
15 36 0.221607
15 37 0.212213
15 38 0.201958
15 39 0.190837
15 40 0.178849
15 41 0.165992
15 42 0.152263
15 43 0.137659
15 44 0.122177
15 45 0.105815
15 46 0.0885702
15 47 0.0704387
15 48 0.0514178
15 49 0.0315045
15 50 0.0106955

