15 1 2.5e-05
15 2 2.5e-05
15 3 2.5e-05
15 4 2.5e-05
15 5 2.5e-05
15 6 2.5e-05
15 7 2.5e-05
15 8 2.5e-05
15 9 2.5e-05
15 10 2.5e-05
15 11 2.5e-05
15 12 2.5e-05
15 13 2.5e-05
15 14 2.5e-05
15 15 2.5e-05
15 16 2.5e-05
15 17 2.5e-05
15 18 2.5e-05
15 19 2.5e-05
15 20 2.5e-05
15 21 2.5e-05
15 22 2.5e-05
15 23 2.5e-05
15 24 2.5e-05
15 25 2.5e-05
15 26 2.5e-05
15 27 2.5e-05
15 28 2.5e-05
15 29 2.5e-05
15 30 2.5e-05
15 31 2.5e-05
15 32 2.5e-05
15 33 2.5e-05
15 34 2.5e-05
15 35 2.5e-05
15 36 2.5e-05
15 37 2.5e-05
15 38 2.5e-05
15 39 2.5e-05
15 40 2.5e-05
15 41 2.5e-05
15 42 2.5e-05
15 43 2.5e-05
15 44 2.5e-05
15 45 2.5e-05
15 46 2.5e-05
15 47 2.5e-05
15 48 2.5e-05
15 49 2.5e-05
15 50 2.5e-05

