15 1 0.0103639
15 2 0.030511
15 3 0.0497664
15 4 0.0681358
15 5 0.085625
15 6 0.102239
15 7 0.117985
15 8 0.132866
15 9 0.146889
15 10 0.160058
15 11 0.172379
15 12 0.183856
15 13 0.194493
15 14 0.204295
15 15 0.213265
15 16 0.221408
15 17 0.228727
15 18 0.235224
15 19 0.240903
15 20 0.245766
15 21 0.249815
15 22 0.253053
15 23 0.255479
15 24 0.257096
15 25 0.257905
15 26 0.257905
15 27 0.257096
15 28 0.255479
15 29 0.253053
15 30 0.249815
15 31 0.245766
15 32 0.240903
15 33 0.235224
15 34 0.228727
15 35 0.221408
15 36 0.213265
15 37 0.204295
15 38 0.194493
15 39 0.183856
15 40 0.172379
15 41 0.160058
15 42 0.146889
15 43 0.132866
15 44 0.117985
15 45 0.102239
15 46 0.085625
15 47 0.0681358
15 48 0.0497664
15 49 0.030511
15 50 0.0103639

