15 1 0.00662374
15 2 0.0193054
15 3 0.0311398
15 4 0.0421619
15 5 0.0524066
15 6 0.0619081
15 7 0.0707
15 8 0.0788153
15 9 0.0862858
15 10 0.0931424
15 11 0.0994151
15 12 0.105132
15 13 0.110321
15 14 0.115007
15 15 0.119214
15 16 0.122965
15 17 0.126281
15 18 0.129179
15 19 0.131678
15 20 0.133792
15 21 0.135533
15 22 0.136913
15 23 0.13794
15 24 0.138622
15 25 0.138961
15 26 0.138961
15 27 0.138622
15 28 0.13794
15 29 0.136913
15 30 0.135533
15 31 0.133792
15 32 0.131678
15 33 0.129179
15 34 0.126281
15 35 0.122965
15 36 0.119214
15 37 0.115007
15 38 0.110321
15 39 0.105132
15 40 0.0994151
15 41 0.0931424
15 42 0.0862858
15 43 0.0788153
15 44 0.0707
15 45 0.0619081
15 46 0.0524066
15 47 0.0421619
15 48 0.0311398
15 49 0.0193054
15 50 0.00662374

