15 1 0.010279
15 2 0.0302567
15 3 0.0493438
15 4 0.0675465
15 5 0.0848713
15 6 0.101324
15 7 0.116912
15 8 0.13164
15 9 0.145514
15 10 0.15854
15 11 0.170723
15 12 0.182069
15 13 0.192583
15 14 0.202268
15 15 0.211131
15 16 0.219174
15 17 0.226401
15 18 0.232817
15 19 0.238424
15 20 0.243224
15 21 0.247221
15 22 0.250416
15 23 0.252811
15 24 0.254407
15 25 0.255205
15 26 0.255205
15 27 0.254407
15 28 0.252811
15 29 0.250416
15 30 0.247221
15 31 0.243224
15 32 0.238424
15 33 0.232817
15 34 0.226401
15 35 0.219174
15 36 0.211131
15 37 0.202268
15 38 0.192583
15 39 0.182069
15 40 0.170723
15 41 0.15854
15 42 0.145514
15 43 0.13164
15 44 0.116912
15 45 0.101324
15 46 0.0848713
15 47 0.0675465
15 48 0.0493438
15 49 0.0302567
15 50 0.010279

