15 1 0.010508
15 2 0.030943
15 3 0.0504845
15 4 0.0691372
15 5 0.0869056
15 6 0.103794
15 7 0.119808
15 8 0.13495
15 9 0.149226
15 10 0.162638
15 11 0.175192
15 12 0.186891
15 13 0.197739
15 14 0.207738
15 15 0.216892
15 16 0.225205
15 17 0.232678
15 18 0.239314
15 19 0.245116
15 20 0.250085
15 21 0.254223
15 22 0.257532
15 23 0.260013
15 24 0.261666
15 25 0.262493
15 26 0.262493
15 27 0.261666
15 28 0.260013
15 29 0.257532
15 30 0.254223
15 31 0.250085
15 32 0.245116
15 33 0.239314
15 34 0.232678
15 35 0.225205
15 36 0.216892
15 37 0.207738
15 38 0.197739
15 39 0.186891
15 40 0.175192
15 41 0.162638
15 42 0.149226
15 43 0.13495
15 44 0.119808
15 45 0.103794
15 46 0.0869056
15 47 0.0691372
15 48 0.0504845
15 49 0.030943
15 50 0.010508

