15 1 0.00913171
15 2 0.0268194
15 3 0.0436299
15 4 0.0595787
15 5 0.074681
15 6 0.0889517
15 7 0.102406
15 8 0.115057
15 9 0.126921
15 10 0.138009
15 11 0.148336
15 12 0.157914
15 13 0.166755
15 14 0.17487
15 15 0.18227
15 16 0.188964
15 17 0.194962
15 18 0.200272
15 19 0.204902
15 20 0.208858
15 21 0.212146
15 22 0.21477
15 23 0.216735
15 24 0.218043
15 25 0.218697
15 26 0.218697
15 27 0.218043
15 28 0.216735
15 29 0.21477
15 30 0.212146
15 31 0.208858
15 32 0.204902
15 33 0.200272
15 34 0.194962
15 35 0.188964
15 36 0.18227
15 37 0.17487
15 38 0.166755
15 39 0.157914
15 40 0.148336
15 41 0.138009
15 42 0.126921
15 43 0.115057
15 44 0.102406
15 45 0.0889517
15 46 0.074681
15 47 0.0595787
15 48 0.0436299
15 49 0.0268194
15 50 0.00913171

