15 1 0.0100213
15 2 0.0294847
15 3 0.0480604
15 4 0.0657569
15 5 0.0825825
15 6 0.0985454
15 7 0.113654
15 8 0.127915
15 9 0.141338
15 10 0.153929
15 11 0.165695
15 12 0.176644
15 13 0.186782
15 14 0.196114
15 15 0.204648
15 16 0.212388
15 17 0.21934
15 18 0.225507
15 19 0.230895
15 20 0.235505
15 21 0.239343
15 22 0.24241
15 23 0.244708
15 24 0.24624
15 25 0.247005
15 26 0.247005
15 27 0.24624
15 28 0.244708
15 29 0.24241
15 30 0.239343
15 31 0.235505
15 32 0.230895
15 33 0.225507
15 34 0.21934
15 35 0.212388
15 36 0.204648
15 37 0.196114
15 38 0.186782
15 39 0.176644
15 40 0.165695
15 41 0.153929
15 42 0.141338
15 43 0.127915
15 44 0.113654
15 45 0.0985454
15 46 0.0825825
15 47 0.0657569
15 48 0.0480604
15 49 0.0294847
15 50 0.0100213

