15 1 0.0080502
15 2 0.0235791
15 3 0.0382437
15 4 0.0520678
15 5 0.065075
15 6 0.0772887
15 7 0.0887316
15 8 0.0994262
15 9 0.109394
15 10 0.118657
15 11 0.127234
15 12 0.135145
15 13 0.142409
15 14 0.149044
15 15 0.155065
15 16 0.160488
15 17 0.165327
15 18 0.169596
15 19 0.173304
15 20 0.176464
15 21 0.179084
15 22 0.18117
15 23 0.18273
15 24 0.183767
15 25 0.184285
15 26 0.184285
15 27 0.183767
15 28 0.18273
15 29 0.18117
15 30 0.179084
15 31 0.176464
15 32 0.173304
15 33 0.169596
15 34 0.165327
15 35 0.160488
15 36 0.155065
15 37 0.149044
15 38 0.142409
15 39 0.135145
15 40 0.127234
15 41 0.118657
15 42 0.109394
15 43 0.0994262
15 44 0.0887316
15 45 0.0772887
15 46 0.065075
15 47 0.0520678
15 48 0.0382437
15 49 0.0235791
15 50 0.0080502

