15 1 0.00951853
15 2 0.0279783
15 3 0.0455564
15 4 0.0622651
15 5 0.0781167
15 6 0.0931233
15 7 0.107297
15 8 0.120648
15 9 0.13319
15 10 0.144931
15 11 0.155884
15 12 0.166058
15 13 0.175463
15 14 0.184108
15 15 0.192
15 16 0.199149
15 17 0.205562
15 18 0.211245
15 19 0.216204
15 20 0.220445
15 21 0.223972
15 22 0.226789
15 23 0.228898
15 24 0.230304
15 25 0.231006
15 26 0.231006
15 27 0.230304
15 28 0.228898
15 29 0.226789
15 30 0.223972
15 31 0.220445
15 32 0.216204
15 33 0.211245
15 34 0.205562
15 35 0.199149
15 36 0.192
15 37 0.184108
15 38 0.175463
15 39 0.166058
15 40 0.155884
15 41 0.144931
15 42 0.13319
15 43 0.120648
15 44 0.107297
15 45 0.0931233
15 46 0.0781167
15 47 0.0622651
15 48 0.0455564
15 49 0.0279783
15 50 0.00951853

