15 1 0.0109623
15 2 0.0323038
15 3 0.0527465
15 4 0.0722916
15 5 0.0909399
15 6 0.108693
15 7 0.125551
15 8 0.141515
15 9 0.156586
15 10 0.170766
15 11 0.184055
15 12 0.196454
15 13 0.207964
15 14 0.218585
15 15 0.228318
15 16 0.237164
15 17 0.245124
15 18 0.252198
15 19 0.258387
15 20 0.26369
15 21 0.268109
15 22 0.271644
15 23 0.274295
15 24 0.276062
15 25 0.276946
15 26 0.276946
15 27 0.276062
15 28 0.274295
15 29 0.271644
15 30 0.268109
15 31 0.26369
15 32 0.258387
15 33 0.252198
15 34 0.245124
15 35 0.237164
15 36 0.228318
15 37 0.218585
15 38 0.207964
15 39 0.196454
15 40 0.184055
15 41 0.170766
15 42 0.156586
15 43 0.141515
15 44 0.125551
15 45 0.108693
15 46 0.0909399
15 47 0.0722916
15 48 0.0527465
15 49 0.0323038
15 50 0.0109623

