15 1 0.0105691
15 2 0.0311259
15 3 0.0507886
15 4 0.0695613
15 5 0.087448
15 6 0.104453
15 7 0.12058
15 8 0.135833
15 9 0.150215
15 10 0.163731
15 11 0.176384
15 12 0.188177
15 13 0.199113
15 14 0.209196
15 15 0.218428
15 16 0.226813
15 17 0.234351
15 18 0.241046
15 19 0.2469
15 20 0.251914
15 21 0.25609
15 22 0.25943
15 23 0.261933
15 24 0.263602
15 25 0.264436
15 26 0.264436
15 27 0.263602
15 28 0.261933
15 29 0.25943
15 30 0.25609
15 31 0.251914
15 32 0.2469
15 33 0.241046
15 34 0.234351
15 35 0.226813
15 36 0.218428
15 37 0.209196
15 38 0.199113
15 39 0.188177
15 40 0.176384
15 41 0.163731
15 42 0.150215
15 43 0.135833
15 44 0.12058
15 45 0.104453
15 46 0.087448
15 47 0.0695613
15 48 0.0507886
15 49 0.0311259
15 50 0.0105691

