15 1 0.0104029
15 2 0.030628
15 3 0.0499609
15 4 0.0684071
15 5 0.0859719
15 6 0.102661
15 7 0.118479
15 8 0.133431
15 9 0.147522
15 10 0.160757
15 11 0.173141
15 12 0.184678
15 13 0.195372
15 14 0.205227
15 15 0.214248
15 16 0.222437
15 17 0.229797
15 18 0.236332
15 19 0.242044
15 20 0.246936
15 21 0.25101
15 22 0.254266
15 23 0.256707
15 24 0.258334
15 25 0.259148
15 26 0.259148
15 27 0.258334
15 28 0.256707
15 29 0.254266
15 30 0.25101
15 31 0.246936
15 32 0.242044
15 33 0.236332
15 34 0.229797
15 35 0.222437
15 36 0.214248
15 37 0.205227
15 38 0.195372
15 39 0.184678
15 40 0.173141
15 41 0.160757
15 42 0.147522
15 43 0.133431
15 44 0.118479
15 45 0.102661
15 46 0.0859719
15 47 0.0684071
15 48 0.0499609
15 49 0.030628
15 50 0.0104029

