15 1 0.0107562
15 2 0.0316865
15 3 0.0517204
15 4 0.0708607
15 5 0.0891099
15 6 0.106471
15 7 0.122946
15 8 0.138537
15 9 0.153247
15 10 0.167079
15 11 0.180035
15 12 0.192116
15 13 0.203325
15 14 0.213664
15 15 0.223135
15 16 0.231739
15 17 0.239478
15 18 0.246354
15 19 0.252367
15 20 0.257519
15 21 0.26181
15 22 0.265243
15 23 0.267817
15 24 0.269532
15 25 0.27039
15 26 0.27039
15 27 0.269532
15 28 0.267817
15 29 0.265243
15 30 0.26181
15 31 0.257519
15 32 0.252367
15 33 0.246354
15 34 0.239478
15 35 0.231739
15 36 0.223135
15 37 0.213664
15 38 0.203325
15 39 0.192116
15 40 0.180035
15 41 0.167079
15 42 0.153247
15 43 0.138537
15 44 0.122946
15 45 0.106471
15 46 0.0891099
15 47 0.0708607
15 48 0.0517204
15 49 0.0316865
15 50 0.0107562

