15 1 0.00581894
15 2 0.0168944
15 3 0.0271325
15 4 0.0365751
15 5 0.0452634
15 6 0.0532381
15 7 0.0605391
15 8 0.0672052
15 9 0.0732742
15 10 0.0787826
15 11 0.0837655
15 12 0.0882563
15 13 0.0922869
15 14 0.0958872
15 15 0.0990853
15 16 0.101907
15 17 0.104377
15 18 0.106517
15 19 0.108346
15 20 0.109881
15 21 0.111137
15 22 0.112127
15 23 0.112861
15 24 0.113346
15 25 0.113587
15 26 0.113587
15 27 0.113346
15 28 0.112861
15 29 0.112127
15 30 0.111137
15 31 0.109881
15 32 0.108346
15 33 0.106517
15 34 0.104377
15 35 0.101907
15 36 0.0990853
15 37 0.0958872
15 38 0.0922869
15 39 0.0882563
15 40 0.0837655
15 41 0.0787826
15 42 0.0732742
15 43 0.0672052
15 44 0.0605391
15 45 0.0532381
15 46 0.0452634
15 47 0.0365751
15 48 0.0271325
15 49 0.0168944
15 50 0.00581894

