15 1 0.00610289
15 2 0.017745
15 3 0.0285462
15 4 0.0385458
15 5 0.0477829
15 6 0.0562957
15 7 0.0641218
15 8 0.0712981
15 9 0.0778602
15 10 0.0838427
15 11 0.0892788
15 12 0.0942001
15 13 0.098637
15 14 0.102618
15 15 0.10617
15 16 0.109317
15 17 0.112082
15 18 0.114487
15 19 0.11655
15 20 0.118287
15 21 0.119713
15 22 0.120839
15 23 0.121675
15 24 0.122228
15 25 0.122504
15 26 0.122504
15 27 0.122228
15 28 0.121675
15 29 0.120839
15 30 0.119713
15 31 0.118287
15 32 0.11655
15 33 0.114487
15 34 0.112082
15 35 0.109317
15 36 0.10617
15 37 0.102618
15 38 0.098637
15 39 0.0942001
15 40 0.0892788
15 41 0.0838427
15 42 0.0778602
15 43 0.0712981
15 44 0.0641218
15 45 0.0562957
15 46 0.0477829
15 47 0.0385458
15 48 0.0285462
15 49 0.017745
15 50 0.00610289

