15 1 0.0108377
15 2 0.0319306
15 3 0.0521262
15 4 0.0714266
15 5 0.0898336
15 6 0.107349
15 7 0.123976
15 8 0.139715
15 9 0.154568
15 10 0.168537
15 11 0.181625
15 12 0.193832
15 13 0.20516
15 14 0.21561
15 15 0.225185
15 16 0.233885
15 17 0.241711
15 18 0.248665
15 19 0.254748
15 20 0.259959
15 21 0.264302
15 22 0.267775
15 23 0.270379
15 24 0.272115
15 25 0.272983
15 26 0.272983
15 27 0.272115
15 28 0.270379
15 29 0.267775
15 30 0.264302
15 31 0.259959
15 32 0.254748
15 33 0.248665
15 34 0.241711
15 35 0.233885
15 36 0.225185
15 37 0.21561
15 38 0.20516
15 39 0.193832
15 40 0.181625
15 41 0.168537
15 42 0.154568
15 43 0.139715
15 44 0.123976
15 45 0.107349
15 46 0.0898336
15 47 0.0714266
15 48 0.0521262
15 49 0.0319306
15 50 0.0108377

