15 1 0.0108515
15 2 0.0319719
15 3 0.0521949
15 4 0.0715223
15 5 0.0899561
15 6 0.107498
15 7 0.12415
15 8 0.139914
15 9 0.154791
15 10 0.168784
15 11 0.181894
15 12 0.194122
15 13 0.20547
15 14 0.215939
15 15 0.225532
15 16 0.234248
15 17 0.242089
15 18 0.249056
15 19 0.25515
15 20 0.260372
15 21 0.264723
15 22 0.268203
15 23 0.270812
15 24 0.272552
15 25 0.273421
15 26 0.273421
15 27 0.272552
15 28 0.270812
15 29 0.268203
15 30 0.264723
15 31 0.260372
15 32 0.25515
15 33 0.249056
15 34 0.242089
15 35 0.234248
15 36 0.225532
15 37 0.215939
15 38 0.20547
15 39 0.194122
15 40 0.181894
15 41 0.168784
15 42 0.154791
15 43 0.139914
15 44 0.12415
15 45 0.107498
15 46 0.0899561
15 47 0.0715223
15 48 0.0521949
15 49 0.0319719
15 50 0.0108515

