15 1 0.0110187
15 2 0.032473
15 3 0.0530278
15 4 0.0726838
15 5 0.0914415
15 6 0.109302
15 7 0.126265
15 8 0.142331
15 9 0.157502
15 10 0.171777
15 11 0.185157
15 12 0.197643
15 13 0.209235
15 14 0.219933
15 15 0.229739
15 16 0.238651
15 17 0.246672
15 18 0.2538
15 19 0.260037
15 20 0.265382
15 21 0.269836
15 22 0.273399
15 23 0.276071
15 24 0.277852
15 25 0.278743
15 26 0.278743
15 27 0.277852
15 28 0.276071
15 29 0.273399
15 30 0.269836
15 31 0.265382
15 32 0.260037
15 33 0.2538
15 34 0.246672
15 35 0.238651
15 36 0.229739
15 37 0.219933
15 38 0.209235
15 39 0.197643
15 40 0.185157
15 41 0.171777
15 42 0.157502
15 43 0.142331
15 44 0.126265
15 45 0.109302
15 46 0.0914415
15 47 0.0726838
15 48 0.0530278
15 49 0.032473
15 50 0.0110187

