15 1 0.0110049
15 2 0.0324316
15 3 0.052959
15 4 0.0725878
15 5 0.0913187
15 6 0.109153
15 7 0.12609
15 8 0.142131
15 9 0.157278
15 10 0.171529
15 11 0.184887
15 12 0.197352
15 13 0.208924
15 14 0.219603
15 15 0.229391
15 16 0.238287
15 17 0.246293
15 18 0.253408
15 19 0.259633
15 20 0.264968
15 21 0.269413
15 22 0.272969
15 23 0.275636
15 24 0.277414
15 25 0.278303
15 26 0.278303
15 27 0.277414
15 28 0.275636
15 29 0.272969
15 30 0.269413
15 31 0.264968
15 32 0.259633
15 33 0.253408
15 34 0.246293
15 35 0.238287
15 36 0.229391
15 37 0.219603
15 38 0.208924
15 39 0.197352
15 40 0.184887
15 41 0.171529
15 42 0.157278
15 43 0.142131
15 44 0.12609
15 45 0.109153
15 46 0.0913187
15 47 0.0725878
15 48 0.052959
15 49 0.0324316
15 50 0.0110049

