15 1 0.00975778
15 2 0.0286951
15 3 0.0467479
15 4 0.0639267
15 5 0.0802418
15 6 0.0957034
15 7 0.110322
15 8 0.124106
15 9 0.137067
15 10 0.149213
15 11 0.160553
15 12 0.171095
15 13 0.180849
15 14 0.189821
15 15 0.198019
15 16 0.205449
15 17 0.212118
15 18 0.218032
15 19 0.223195
15 20 0.227612
15 21 0.231286
15 22 0.234222
15 23 0.236422
15 24 0.237887
15 25 0.238619
15 26 0.238619
15 27 0.237887
15 28 0.236422
15 29 0.234222
15 30 0.231286
15 31 0.227612
15 32 0.223195
15 33 0.218032
15 34 0.212118
15 35 0.205449
15 36 0.198019
15 37 0.189821
15 38 0.180849
15 39 0.171095
15 40 0.160553
15 41 0.149213
15 42 0.137067
15 43 0.124106
15 44 0.110322
15 45 0.0957034
15 46 0.0802418
15 47 0.0639267
15 48 0.0467479
15 49 0.0286951
15 50 0.00975778

