15 1 0.00686288
15 2 0.0200219
15 3 0.0323307
15 4 0.0438224
15 5 0.0545301
15 6 0.064486
15 7 0.073722
15 8 0.0822692
15 9 0.0901578
15 10 0.0974171
15 11 0.104075
15 12 0.110159
15 13 0.115695
15 14 0.120707
15 15 0.125217
15 16 0.129247
15 17 0.132817
15 18 0.135944
15 19 0.138644
15 20 0.140932
15 21 0.14282
15 22 0.144318
15 23 0.145434
15 24 0.146175
15 25 0.146544
15 26 0.146544
15 27 0.146175
15 28 0.145434
15 29 0.144318
15 30 0.14282
15 31 0.140932
15 32 0.138644
15 33 0.135944
15 34 0.132817
15 35 0.129247
15 36 0.125217
15 37 0.120707
15 38 0.115695
15 39 0.110159
15 40 0.104075
15 41 0.0974171
15 42 0.0901578
15 43 0.0822692
15 44 0.073722
15 45 0.064486
15 46 0.0545301
15 47 0.0438224
15 48 0.0323307
15 49 0.0200219
15 50 0.00686288

