15 1 0.0109762
15 2 0.0323454
15 3 0.0528158
15 4 0.0723881
15 5 0.0910633
15 6 0.108842
15 7 0.125726
15 8 0.141716
15 9 0.156812
15 10 0.171015
15 11 0.184326
15 12 0.196747
15 13 0.208276
15 14 0.218917
15 15 0.228668
15 16 0.23753
15 17 0.245505
15 18 0.252592
15 19 0.258793
15 20 0.264107
15 21 0.268534
15 22 0.272076
15 23 0.274732
15 24 0.276503
15 25 0.277388
15 26 0.277388
15 27 0.276503
15 28 0.274732
15 29 0.272076
15 30 0.268534
15 31 0.264107
15 32 0.258793
15 33 0.252592
15 34 0.245505
15 35 0.23753
15 36 0.228668
15 37 0.218917
15 38 0.208276
15 39 0.196747
15 40 0.184326
15 41 0.171015
15 42 0.156812
15 43 0.141716
15 44 0.125726
15 45 0.108842
15 46 0.0910633
15 47 0.0723881
15 48 0.0528158
15 49 0.0323454
15 50 0.0109762

