15 1 0.010649
15 2 0.0313654
15 3 0.0511866
15 4 0.0701163
15 5 0.0881579
15 6 0.105315
15 7 0.12159
15 8 0.136988
15 9 0.15151
15 10 0.165161
15 11 0.177943
15 12 0.18986
15 13 0.200912
15 14 0.211105
15 15 0.220439
15 16 0.228917
15 17 0.236541
15 18 0.243313
15 19 0.249235
15 20 0.254308
15 21 0.258534
15 22 0.261913
15 23 0.264446
15 24 0.266135
15 25 0.266979
15 26 0.266979
15 27 0.266135
15 28 0.264446
15 29 0.261913
15 30 0.258534
15 31 0.254308
15 32 0.249235
15 33 0.243313
15 34 0.236541
15 35 0.228917
15 36 0.220439
15 37 0.211105
15 38 0.200912
15 39 0.18986
15 40 0.177943
15 41 0.165161
15 42 0.15151
15 43 0.136988
15 44 0.12159
15 45 0.105315
15 46 0.0881579
15 47 0.0701163
15 48 0.0511866
15 49 0.0313654
15 50 0.010649

