15 1 0.0108645
15 2 0.032011
15 3 0.0522599
15 4 0.0716129
15 5 0.090072
15 6 0.107639
15 7 0.124315
15 8 0.140103
15 9 0.155003
15 10 0.169018
15 11 0.182148
15 12 0.194397
15 13 0.205764
15 14 0.216251
15 15 0.22586
15 16 0.234591
15 17 0.242446
15 18 0.249426
15 19 0.255532
15 20 0.260763
15 21 0.265122
15 22 0.268608
15 23 0.271223
15 24 0.272965
15 25 0.273836
15 26 0.273836
15 27 0.272965
15 28 0.271223
15 29 0.268608
15 30 0.265122
15 31 0.260763
15 32 0.255532
15 33 0.249426
15 34 0.242446
15 35 0.234591
15 36 0.22586
15 37 0.216251
15 38 0.205764
15 39 0.194397
15 40 0.182148
15 41 0.169018
15 42 0.155003
15 43 0.140103
15 44 0.124315
15 45 0.107639
15 46 0.090072
15 47 0.0716129
15 48 0.0522599
15 49 0.032011
15 50 0.0108645

