15 1 0.0110229
15 2 0.0324854
15 3 0.0530484
15 4 0.0727124
15 5 0.0914782
15 6 0.109346
15 7 0.126317
15 8 0.142391
15 9 0.157569
15 10 0.171851
15 11 0.185238
15 12 0.19773
15 13 0.209328
15 14 0.220032
15 15 0.229843
15 16 0.23876
15 17 0.246785
15 18 0.253917
15 19 0.260157
15 20 0.265506
15 21 0.269962
15 22 0.273527
15 23 0.276201
15 24 0.277983
15 25 0.278874
15 26 0.278874
15 27 0.277983
15 28 0.276201
15 29 0.273527
15 30 0.269962
15 31 0.265506
15 32 0.260157
15 33 0.253917
15 34 0.246785
15 35 0.23876
15 36 0.229843
15 37 0.220032
15 38 0.209328
15 39 0.19773
15 40 0.185238
15 41 0.171851
15 42 0.157569
15 43 0.142391
15 44 0.126317
15 45 0.109346
15 46 0.0914782
15 47 0.0727124
15 48 0.0530484
15 49 0.0324854
15 50 0.0110229

