15 1 0.00312606
15 2 0.00883388
15 3 0.0137585
15 4 0.0179765
15 5 0.0215622
15 6 0.0245869
15 7 0.0271182
15 8 0.0292194
15 9 0.0309491
15 10 0.0323609
15 11 0.0335032
15 12 0.0344193
15 13 0.0351474
15 14 0.0357207
15 15 0.0361679
15 16 0.0365134
15 17 0.0367776
15 18 0.0369775
15 19 0.037127
15 20 0.0372374
15 21 0.0373175
15 22 0.0373741
15 23 0.0374124
15 24 0.0374359
15 25 0.0374472
15 26 0.0374472
15 27 0.0374359
15 28 0.0374124
15 29 0.0373741
15 30 0.0373175
15 31 0.0372374
15 32 0.037127
15 33 0.0369775
15 34 0.0367776
15 35 0.0365134
15 36 0.0361679
15 37 0.0357207
15 38 0.0351474
15 39 0.0344193
15 40 0.0335032
15 41 0.0323609
15 42 0.0309491
15 43 0.0292194
15 44 0.0271182
15 45 0.0245869
15 46 0.0215622
15 47 0.0179765
15 48 0.0137585
15 49 0.00883388
15 50 0.00312606

