15 1 0.00996075
15 2 0.0293032
15 3 0.0477588
15 4 0.0653363
15 5 0.0820445
15 6 0.0978922
15 7 0.112888
15 8 0.12704
15 9 0.140356
15 10 0.152845
15 11 0.164513
15 12 0.175369
15 13 0.185418
15 14 0.194668
15 15 0.203125
15 16 0.210794
15 17 0.21768
15 18 0.223789
15 19 0.229125
15 20 0.233691
15 21 0.237491
15 22 0.240528
15 23 0.242804
15 24 0.24432
15 25 0.245078
15 26 0.245078
15 27 0.24432
15 28 0.242804
15 29 0.240528
15 30 0.237491
15 31 0.233691
15 32 0.229125
15 33 0.223789
15 34 0.21768
15 35 0.210794
15 36 0.203125
15 37 0.194668
15 38 0.185418
15 39 0.175369
15 40 0.164513
15 41 0.152845
15 42 0.140356
15 43 0.12704
15 44 0.112888
15 45 0.0978922
15 46 0.0820445
15 47 0.0653363
15 48 0.0477588
15 49 0.0293032
15 50 0.00996075

