15 1 0.0104399
15 2 0.0307388
15 3 0.0501451
15 4 0.0686639
15 5 0.0863004
15 6 0.103059
15 7 0.118946
15 8 0.133965
15 9 0.148121
15 10 0.161419
15 11 0.173863
15 12 0.185457
15 13 0.196205
15 14 0.206111
15 15 0.215178
15 16 0.22341
15 17 0.23081
15 18 0.237381
15 19 0.243125
15 20 0.248044
15 21 0.25214
15 22 0.255415
15 23 0.25787
15 24 0.259507
15 25 0.260324
15 26 0.260324
15 27 0.259507
15 28 0.25787
15 29 0.255415
15 30 0.25214
15 31 0.248044
15 32 0.243125
15 33 0.237381
15 34 0.23081
15 35 0.22341
15 36 0.215178
15 37 0.206111
15 38 0.196205
15 39 0.185457
15 40 0.173863
15 41 0.161419
15 42 0.148121
15 43 0.133965
15 44 0.118946
15 45 0.103059
15 46 0.0863004
15 47 0.0686639
15 48 0.0501451
15 49 0.0307388
15 50 0.0104399

