15 1 0.0110144
15 2 0.0324599
15 3 0.0530061
15 4 0.0726535
15 5 0.0914028
15 6 0.109255
15 7 0.12621
15 8 0.142268
15 9 0.157431
15 10 0.171699
15 11 0.185072
15 12 0.197551
15 13 0.209137
15 14 0.219829
15 15 0.229629
15 16 0.238537
15 17 0.246552
15 18 0.253676
15 19 0.259909
15 20 0.265251
15 21 0.269703
15 22 0.273264
15 23 0.275934
15 24 0.277714
15 25 0.278604
15 26 0.278604
15 27 0.277714
15 28 0.275934
15 29 0.273264
15 30 0.269703
15 31 0.265251
15 32 0.259909
15 33 0.253676
15 34 0.246552
15 35 0.238537
15 36 0.229629
15 37 0.219829
15 38 0.209137
15 39 0.197551
15 40 0.185072
15 41 0.171699
15 42 0.157431
15 43 0.142268
15 44 0.12621
15 45 0.109255
15 46 0.0914028
15 47 0.0726535
15 48 0.0530061
15 49 0.0324599
15 50 0.0110144

