15 1 0.00730303
15 2 0.0213406
15 3 0.0345226
15 4 0.046879
15 5 0.0584389
15 6 0.0692316
15 7 0.0792855
15 8 0.0886283
15 9 0.0972873
15 10 0.105289
15 11 0.112658
15 12 0.119418
15 13 0.125594
15 14 0.131206
15 15 0.136276
15 16 0.140822
15 17 0.144861
15 18 0.148411
15 19 0.151484
15 20 0.154095
15 21 0.156253
15 22 0.157969
15 23 0.159249
15 24 0.160099
15 25 0.160523
15 26 0.160523
15 27 0.160099
15 28 0.159249
15 29 0.157969
15 30 0.156253
15 31 0.154095
15 32 0.151484
15 33 0.148411
15 34 0.144861
15 35 0.140822
15 36 0.136276
15 37 0.131206
15 38 0.125594
15 39 0.119418
15 40 0.112658
15 41 0.105289
15 42 0.0972873
15 43 0.0886283
15 44 0.0792855
15 45 0.0692316
15 46 0.0584389
15 47 0.046879
15 48 0.0345226
15 49 0.0213406
15 50 0.00730303

