15 1 0.00878053
15 2 0.0257672
15 3 0.0418809
15 4 0.0571398
15 5 0.0715618
15 6 0.0851645
15 7 0.0979655
15 8 0.109982
15 9 0.12123
15 10 0.131725
15 11 0.141484
15 12 0.150521
15 13 0.158849
15 14 0.166484
15 15 0.173436
15 16 0.179717
15 17 0.185339
15 18 0.190311
15 19 0.194641
15 20 0.198339
15 21 0.20141
15 22 0.203859
15 23 0.205693
15 24 0.206913
15 25 0.207522
15 26 0.207522
15 27 0.206913
15 28 0.205693
15 29 0.203859
15 30 0.20141
15 31 0.198339
15 32 0.194641
15 33 0.190311
15 34 0.185339
15 35 0.179717
15 36 0.173436
15 37 0.166484
15 38 0.158849
15 39 0.150521
15 40 0.141484
15 41 0.131725
15 42 0.12123
15 43 0.109982
15 44 0.0979655
15 45 0.0851645
15 46 0.0715618
15 47 0.0571398
15 48 0.0418809
15 49 0.0257672
15 50 0.00878053

