15 1 0.0108886
15 2 0.0320831
15 3 0.0523796
15 4 0.0717799
15 5 0.0902855
15 6 0.107898
15 7 0.124619
15 8 0.14045
15 9 0.155393
15 10 0.169448
15 11 0.182618
15 12 0.194903
15 13 0.206305
15 14 0.216825
15 15 0.226465
15 16 0.235224
15 17 0.243105
15 18 0.250108
15 19 0.256234
15 20 0.261484
15 21 0.265857
15 22 0.269355
15 23 0.271979
15 24 0.273727
15 25 0.274602
15 26 0.274602
15 27 0.273727
15 28 0.271979
15 29 0.269355
15 30 0.265857
15 31 0.261484
15 32 0.256234
15 33 0.250108
15 34 0.243105
15 35 0.235224
15 36 0.226465
15 37 0.216825
15 38 0.206305
15 39 0.194903
15 40 0.182618
15 41 0.169448
15 42 0.155393
15 43 0.14045
15 44 0.124619
15 45 0.107898
15 46 0.0902855
15 47 0.0717799
15 48 0.0523796
15 49 0.0320831
15 50 0.0108886

