15 1 0.00750551
15 2 0.0219472
15 3 0.035531
15 4 0.0482851
15 5 0.0602372
15 6 0.071415
15 7 0.0818452
15 8 0.0915543
15 9 0.100568
15 10 0.108911
15 11 0.116607
15 12 0.12368
15 13 0.13015
15 14 0.136039
15 15 0.141366
15 16 0.14615
15 17 0.150406
15 18 0.15415
15 19 0.157396
15 20 0.160155
15 21 0.162438
15 22 0.164254
15 23 0.16561
15 24 0.166511
15 25 0.16696
15 26 0.16696
15 27 0.166511
15 28 0.16561
15 29 0.164254
15 30 0.162438
15 31 0.160155
15 32 0.157396
15 33 0.15415
15 34 0.150406
15 35 0.14615
15 36 0.141366
15 37 0.136039
15 38 0.13015
15 39 0.12368
15 40 0.116607
15 41 0.108911
15 42 0.100568
15 43 0.0915543
15 44 0.0818452
15 45 0.071415
15 46 0.0602372
15 47 0.0482851
15 48 0.035531
15 49 0.0219472
15 50 0.00750551

