15 1 0.00637074
15 2 0.0185475
15 3 0.0298799
15 4 0.0404053
15 5 0.0501604
15 6 0.0591815
15 7 0.067504
15 8 0.0751628
15 9 0.0821916
15 10 0.0886231
15 11 0.0944887
15 12 0.0998186
15 13 0.104641
15 14 0.108984
15 15 0.112872
15 16 0.116329
15 17 0.119376
15 18 0.122034
15 19 0.12432
15 20 0.12625
15 21 0.127838
15 22 0.129094
15 23 0.130028
15 24 0.130647
15 25 0.130955
15 26 0.130955
15 27 0.130647
15 28 0.130028
15 29 0.129094
15 30 0.127838
15 31 0.12625
15 32 0.12432
15 33 0.122034
15 34 0.119376
15 35 0.116329
15 36 0.112872
15 37 0.108984
15 38 0.104641
15 39 0.0998186
15 40 0.0944887
15 41 0.0886231
15 42 0.0821916
15 43 0.0751628
15 44 0.067504
15 45 0.0591815
15 46 0.0501604
15 47 0.0404053
15 48 0.0298799
15 49 0.0185475
15 50 0.00637074

