15 1 0.00923651
15 2 0.0271334
15 3 0.0441518
15 4 0.0603065
15 5 0.0756118
15 6 0.0900819
15 7 0.103731
15 8 0.116572
15 9 0.128619
15 10 0.139885
15 11 0.150381
15 12 0.160121
15 13 0.169114
15 14 0.177373
15 15 0.184906
15 16 0.191723
15 17 0.197834
15 18 0.203245
15 19 0.207964
15 20 0.211997
15 21 0.21535
15 22 0.218026
15 23 0.22003
15 24 0.221365
15 25 0.222032
15 26 0.222032
15 27 0.221365
15 28 0.22003
15 29 0.218026
15 30 0.21535
15 31 0.211997
15 32 0.207964
15 33 0.203245
15 34 0.197834
15 35 0.191723
15 36 0.184906
15 37 0.177373
15 38 0.169114
15 39 0.160121
15 40 0.150381
15 41 0.139885
15 42 0.128619
15 43 0.116572
15 44 0.103731
15 45 0.0900819
15 46 0.0756118
15 47 0.0603065
15 48 0.0441518
15 49 0.0271334
15 50 0.00923651

