15 1 0.0109943
15 2 0.0323999
15 3 0.0529063
15 4 0.0725144
15 5 0.0912249
15 6 0.109039
15 7 0.125956
15 8 0.141979
15 9 0.157106
15 10 0.17134
15 11 0.184681
15 12 0.197129
15 13 0.208686
15 14 0.219351
15 15 0.229125
15 16 0.238009
15 17 0.246003
15 18 0.253108
15 19 0.259324
15 20 0.264651
15 21 0.26909
15 22 0.272641
15 23 0.275304
15 24 0.277079
15 25 0.277967
15 26 0.277967
15 27 0.277079
15 28 0.275304
15 29 0.272641
15 30 0.26909
15 31 0.264651
15 32 0.259324
15 33 0.253108
15 34 0.246003
15 35 0.238009
15 36 0.229125
15 37 0.219351
15 38 0.208686
15 39 0.197129
15 40 0.184681
15 41 0.17134
15 42 0.157106
15 43 0.141979
15 44 0.125956
15 45 0.109039
15 46 0.0912249
15 47 0.0725144
15 48 0.0529063
15 49 0.0323999
15 50 0.0109943

