15 1 0.00942963
15 2 0.027712
15 3 0.0451136
15 4 0.0616477
15 5 0.0773271
15 6 0.0921645
15 7 0.106173
15 8 0.119363
15 9 0.131749
15 10 0.143341
15 11 0.15415
15 12 0.164187
15 13 0.173462
15 14 0.181984
15 15 0.189764
15 16 0.196809
15 17 0.203126
15 18 0.208723
15 19 0.213607
15 20 0.217782
15 21 0.221254
15 22 0.224026
15 23 0.226103
15 24 0.227486
15 25 0.228177
15 26 0.228177
15 27 0.227486
15 28 0.226103
15 29 0.224026
15 30 0.221254
15 31 0.217782
15 32 0.213607
15 33 0.208723
15 34 0.203126
15 35 0.196809
15 36 0.189764
15 37 0.181984
15 38 0.173462
15 39 0.164187
15 40 0.15415
15 41 0.143341
15 42 0.131749
15 43 0.119363
15 44 0.106173
15 45 0.0921645
15 46 0.0773271
15 47 0.0616477
15 48 0.0451136
15 49 0.027712
15 50 0.00942963

