15 1 0.0107371
15 2 0.0316291
15 3 0.051625
15 4 0.0707277
15 5 0.0889398
15 6 0.106264
15 7 0.122703
15 8 0.13826
15 9 0.152937
15 10 0.166737
15 11 0.179661
15 12 0.191713
15 13 0.202894
15 14 0.213207
15 15 0.222653
15 16 0.231235
15 17 0.238953
15 18 0.24581
15 19 0.251807
15 20 0.256945
15 21 0.261225
15 22 0.264648
15 23 0.267214
15 24 0.268925
15 25 0.26978
15 26 0.26978
15 27 0.268925
15 28 0.267214
15 29 0.264648
15 30 0.261225
15 31 0.256945
15 32 0.251807
15 33 0.24581
15 34 0.238953
15 35 0.231235
15 36 0.222653
15 37 0.213207
15 38 0.202894
15 39 0.191713
15 40 0.179661
15 41 0.166737
15 42 0.152937
15 43 0.13826
15 44 0.122703
15 45 0.106264
15 46 0.0889398
15 47 0.0707277
15 48 0.051625
15 49 0.0316291
15 50 0.0107371

