15 1 0.0109467
15 2 0.0322573
15 3 0.0526693
15 4 0.0721839
15 5 0.0908022
15 6 0.108525
15 7 0.125354
15 8 0.141291
15 9 0.156335
15 10 0.170489
15 11 0.183753
15 12 0.196127
15 13 0.207614
15 14 0.218214
15 15 0.227928
15 16 0.236756
15 17 0.244699
15 18 0.251758
15 19 0.257934
15 20 0.263226
15 21 0.267635
15 22 0.271162
15 23 0.273808
15 24 0.275571
15 25 0.276452
15 26 0.276452
15 27 0.275571
15 28 0.273808
15 29 0.271162
15 30 0.267635
15 31 0.263226
15 32 0.257934
15 33 0.251758
15 34 0.244699
15 35 0.236756
15 36 0.227928
15 37 0.218214
15 38 0.207614
15 39 0.196127
15 40 0.183753
15 41 0.170489
15 42 0.156335
15 43 0.141291
15 44 0.125354
15 45 0.108525
15 46 0.0908022
15 47 0.0721839
15 48 0.0526693
15 49 0.0322573
15 50 0.0109467

