15 1 0.0110268
15 2 0.0324971
15 3 0.0530678
15 4 0.0727396
15 5 0.0915129
15 6 0.109388
15 7 0.126366
15 8 0.142447
15 9 0.157632
15 10 0.171921
15 11 0.185314
15 12 0.197812
15 13 0.209416
15 14 0.220125
15 15 0.229941
15 16 0.238863
15 17 0.246892
15 18 0.254028
15 19 0.260271
15 20 0.265623
15 21 0.270082
15 22 0.273649
15 23 0.276324
15 24 0.278107
15 25 0.278999
15 26 0.278999
15 27 0.278107
15 28 0.276324
15 29 0.273649
15 30 0.270082
15 31 0.265623
15 32 0.260271
15 33 0.254028
15 34 0.246892
15 35 0.238863
15 36 0.229941
15 37 0.220125
15 38 0.209416
15 39 0.197812
15 40 0.185314
15 41 0.171921
15 42 0.157632
15 43 0.142447
15 44 0.126366
15 45 0.109388
15 46 0.0915129
15 47 0.0727396
15 48 0.0530678
15 49 0.0324971
15 50 0.0110268

