15 1 0.00851217
15 2 0.0249632
15 3 0.0405445
15 4 0.0552761
15 5 0.0691783
15 6 0.0822706
15 7 0.0945726
15 8 0.106103
15 9 0.116881
15 10 0.126923
15 11 0.136248
15 12 0.144871
15 13 0.152809
15 14 0.160075
15 15 0.166685
15 16 0.172651
15 17 0.177986
15 18 0.182699
15 19 0.186801
15 20 0.190301
15 21 0.193206
15 22 0.195522
15 23 0.197255
15 24 0.198408
15 25 0.198984
15 26 0.198984
15 27 0.198408
15 28 0.197255
15 29 0.195522
15 30 0.193206
15 31 0.190301
15 32 0.186801
15 33 0.182699
15 34 0.177986
15 35 0.172651
15 36 0.166685
15 37 0.160075
15 38 0.152809
15 39 0.144871
15 40 0.136248
15 41 0.126923
15 42 0.116881
15 43 0.106103
15 44 0.0945726
15 45 0.0822706
15 46 0.0691783
15 47 0.0552761
15 48 0.0405445
15 49 0.0249632
15 50 0.00851217

