15 1 0.0108231
15 2 0.031887
15 3 0.0520537
15 4 0.0713255
15 5 0.0897043
15 6 0.107192
15 7 0.123792
15 8 0.139504
15 9 0.154332
15 10 0.168277
15 11 0.181341
15 12 0.193525
15 13 0.204832
15 14 0.215263
15 15 0.224819
15 16 0.233501
15 17 0.241312
15 18 0.248252
15 19 0.254322
15 20 0.259523
15 21 0.263856
15 22 0.267322
15 23 0.269921
15 24 0.271653
15 25 0.272519
15 26 0.272519
15 27 0.271653
15 28 0.269921
15 29 0.267322
15 30 0.263856
15 31 0.259523
15 32 0.254322
15 33 0.248252
15 34 0.241312
15 35 0.233501
15 36 0.224819
15 37 0.215263
15 38 0.204832
15 39 0.193525
15 40 0.181341
15 41 0.168277
15 42 0.154332
15 43 0.139504
15 44 0.123792
15 45 0.107192
15 46 0.0897043
15 47 0.0713255
15 48 0.0520537
15 49 0.031887
15 50 0.0108231

