15 1 0.0107168
15 2 0.0315685
15 3 0.0515243
15 4 0.0705872
15 5 0.0887601
15 6 0.106046
15 7 0.122448
15 8 0.137968
15 9 0.152609
15 10 0.166375
15 11 0.179266
15 12 0.191287
15 13 0.202439
15 14 0.212724
15 15 0.222144
15 16 0.230702
15 17 0.238399
15 18 0.245236
15 19 0.251216
15 20 0.256339
15 21 0.260606
15 22 0.264019
15 23 0.266578
15 24 0.268284
15 25 0.269137
15 26 0.269137
15 27 0.268284
15 28 0.266578
15 29 0.264019
15 30 0.260606
15 31 0.256339
15 32 0.251216
15 33 0.245236
15 34 0.238399
15 35 0.230702
15 36 0.222144
15 37 0.212724
15 38 0.202439
15 39 0.191287
15 40 0.179266
15 41 0.166375
15 42 0.152609
15 43 0.137968
15 44 0.122448
15 45 0.106046
15 46 0.0887601
15 47 0.0705872
15 48 0.0515243
15 49 0.0315685
15 50 0.0107168

