15 1 0.0106238
15 2 0.0312899
15 3 0.0510612
15 4 0.0699413
15 5 0.0879341
15 6 0.105043
15 7 0.121272
15 8 0.136624
15 9 0.151102
15 10 0.164711
15 11 0.177452
15 12 0.189329
15 13 0.200345
15 14 0.210503
15 15 0.219805
15 16 0.228254
15 17 0.235851
15 18 0.242599
15 19 0.248499
15 20 0.253553
15 21 0.257763
15 22 0.26113
15 23 0.263654
15 24 0.265336
15 25 0.266177
15 26 0.266177
15 27 0.265336
15 28 0.263654
15 29 0.26113
15 30 0.257763
15 31 0.253553
15 32 0.248499
15 33 0.242599
15 34 0.235851
15 35 0.228254
15 36 0.219805
15 37 0.210503
15 38 0.200345
15 39 0.189329
15 40 0.177452
15 41 0.164711
15 42 0.151102
15 43 0.136624
15 44 0.121272
15 45 0.105043
15 46 0.0879341
15 47 0.0699413
15 48 0.0510612
15 49 0.0312899
15 50 0.0106238

