15 1 0.00769714
15 2 0.0225213
15 3 0.0364854
15 4 0.0496159
15 5 0.0619392
15 6 0.0734814
15 7 0.0842679
15 8 0.0943236
15 9 0.103673
15 10 0.112339
15 11 0.120346
15 12 0.127713
15 13 0.134463
15 14 0.140614
15 15 0.146185
15 16 0.151194
15 17 0.155655
15 18 0.159583
15 19 0.162992
15 20 0.165892
15 21 0.168293
15 22 0.170204
15 23 0.171632
15 24 0.172581
15 25 0.173054
15 26 0.173054
15 27 0.172581
15 28 0.171632
15 29 0.170204
15 30 0.168293
15 31 0.165892
15 32 0.162992
15 33 0.159583
15 34 0.155655
15 35 0.151194
15 36 0.146185
15 37 0.140614
15 38 0.134463
15 39 0.127713
15 40 0.120346
15 41 0.112339
15 42 0.103673
15 43 0.0943236
15 44 0.0842679
15 45 0.0734814
15 46 0.0619392
15 47 0.0496159
15 48 0.0364854
15 49 0.0225213
15 50 0.00769714

