15 1 0.0109886
15 2 0.0323827
15 3 0.0528778
15 4 0.0724746
15 5 0.091174
15 6 0.108977
15 7 0.125884
15 8 0.141896
15 9 0.157014
15 10 0.171238
15 11 0.184569
15 12 0.197009
15 13 0.208557
15 14 0.219214
15 15 0.228981
15 16 0.237858
15 17 0.245846
15 18 0.252946
15 19 0.259157
15 20 0.26448
15 21 0.268915
15 22 0.272463
15 23 0.275124
15 24 0.276898
15 25 0.277784
15 26 0.277784
15 27 0.276898
15 28 0.275124
15 29 0.272463
15 30 0.268915
15 31 0.26448
15 32 0.259157
15 33 0.252946
15 34 0.245846
15 35 0.237858
15 36 0.228981
15 37 0.219214
15 38 0.208557
15 39 0.197009
15 40 0.184569
15 41 0.171238
15 42 0.157014
15 43 0.141896
15 44 0.125884
15 45 0.108977
15 46 0.091174
15 47 0.0724746
15 48 0.0528778
15 49 0.0323827
15 50 0.0109886

