15 1 0.00836655
15 2 0.0245269
15 3 0.0398192
15 4 0.0542648
15 5 0.0678848
15 6 0.0807002
15 7 0.0927314
15 8 0.103998
15 9 0.114521
15 10 0.124317
15 11 0.133406
15 12 0.141805
15 13 0.14953
15 14 0.156598
15 15 0.163022
15 16 0.168817
15 17 0.173995
15 18 0.178568
15 19 0.182546
15 20 0.185939
15 21 0.188754
15 22 0.190998
15 23 0.192676
15 24 0.193793
15 25 0.19435
15 26 0.19435
15 27 0.193793
15 28 0.192676
15 29 0.190998
15 30 0.188754
15 31 0.185939
15 32 0.182546
15 33 0.178568
15 34 0.173995
15 35 0.168817
15 36 0.163022
15 37 0.156598
15 38 0.14953
15 39 0.141805
15 40 0.133406
15 41 0.124317
15 42 0.114521
15 43 0.103998
15 44 0.0927314
15 45 0.0807002
15 46 0.0678848
15 47 0.0542648
15 48 0.0398192
15 49 0.0245269
15 50 0.00836655

