15 1 0.00989677
15 2 0.0291115
15 3 0.0474401
15 4 0.0648919
15 5 0.0814762
15 6 0.0972022
15 7 0.112079
15 8 0.126115
15 9 0.139319
15 10 0.1517
15 11 0.163265
15 12 0.174022
15 13 0.183978
15 14 0.19314
15 15 0.201515
15 16 0.209109
15 17 0.215927
15 18 0.221974
15 19 0.227255
15 20 0.231775
15 21 0.235535
15 22 0.23854
15 23 0.240792
15 24 0.242292
15 25 0.243042
15 26 0.243042
15 27 0.242292
15 28 0.240792
15 29 0.23854
15 30 0.235535
15 31 0.231775
15 32 0.227255
15 33 0.221974
15 34 0.215927
15 35 0.209109
15 36 0.201515
15 37 0.19314
15 38 0.183978
15 39 0.174022
15 40 0.163265
15 41 0.1517
15 42 0.139319
15 43 0.126115
15 44 0.112079
15 45 0.0972022
15 46 0.0814762
15 47 0.0648919
15 48 0.0474401
15 49 0.0291115
15 50 0.00989677

