15 1 0.0109694
15 2 0.0323252
15 3 0.0527821
15 4 0.0723411
15 5 0.0910033
15 6 0.10877
15 7 0.125641
15 8 0.141618
15 9 0.156702
15 10 0.170894
15 11 0.184194
15 12 0.196604
15 13 0.208124
15 14 0.218755
15 15 0.228498
15 16 0.237352
15 17 0.24532
15 18 0.252401
15 19 0.258595
15 20 0.263904
15 21 0.268328
15 22 0.271866
15 23 0.27452
15 24 0.276289
15 25 0.277173
15 26 0.277173
15 27 0.276289
15 28 0.27452
15 29 0.271866
15 30 0.268328
15 31 0.263904
15 32 0.258595
15 33 0.252401
15 34 0.24532
15 35 0.237352
15 36 0.228498
15 37 0.218755
15 38 0.208124
15 39 0.196604
15 40 0.184194
15 41 0.170894
15 42 0.156702
15 43 0.141618
15 44 0.125641
15 45 0.10877
15 46 0.0910033
15 47 0.0723411
15 48 0.0527821
15 49 0.0323252
15 50 0.0109694

