15 1 0.0109998
15 2 0.0324162
15 3 0.0529334
15 4 0.0725521
15 5 0.0912731
15 6 0.109097
15 7 0.126025
15 8 0.142057
15 9 0.157194
15 10 0.171438
15 11 0.184787
15 12 0.197244
15 13 0.208808
15 14 0.21948
15 15 0.229262
15 16 0.238152
15 17 0.246152
15 18 0.253262
15 19 0.259483
15 20 0.264814
15 21 0.269256
15 22 0.27281
15 23 0.275475
15 24 0.277251
15 25 0.27814
15 26 0.27814
15 27 0.277251
15 28 0.275475
15 29 0.27281
15 30 0.269256
15 31 0.264814
15 32 0.259483
15 33 0.253262
15 34 0.246152
15 35 0.238152
15 36 0.229262
15 37 0.21948
15 38 0.208808
15 39 0.197244
15 40 0.184787
15 41 0.171438
15 42 0.157194
15 43 0.142057
15 44 0.126025
15 45 0.109097
15 46 0.0912731
15 47 0.0725521
15 48 0.0529334
15 49 0.0324162
15 50 0.0109998

