15 1 0.0109547
15 2 0.0322812
15 3 0.052709
15 4 0.0722392
15 5 0.0908729
15 6 0.108611
15 7 0.125455
15 8 0.141406
15 9 0.156464
15 10 0.170631
15 11 0.183908
15 12 0.196295
15 13 0.207794
15 14 0.218405
15 15 0.228128
15 16 0.236966
15 17 0.244917
15 18 0.251984
15 19 0.258166
15 20 0.263464
15 21 0.267879
15 22 0.27141
15 23 0.274058
15 24 0.275823
15 25 0.276706
15 26 0.276706
15 27 0.275823
15 28 0.274058
15 29 0.27141
15 30 0.267879
15 31 0.263464
15 32 0.258166
15 33 0.251984
15 34 0.244917
15 35 0.236966
15 36 0.228128
15 37 0.218405
15 38 0.207794
15 39 0.196295
15 40 0.183908
15 41 0.170631
15 42 0.156464
15 43 0.141406
15 44 0.125455
15 45 0.108611
15 46 0.0908729
15 47 0.0722392
15 48 0.052709
15 49 0.0322812
15 50 0.0109547

