15 1 0.0105394
15 2 0.031037
15 3 0.0506407
15 4 0.069355
15 5 0.0871843
15 6 0.104133
15 7 0.120204
15 8 0.135404
15 9 0.149734
15 10 0.1632
15 11 0.175805
15 12 0.187552
15 13 0.198445
15 14 0.208487
15 15 0.217681
15 16 0.226031
15 17 0.233537
15 18 0.240204
15 19 0.246032
15 20 0.251025
15 21 0.255182
15 22 0.258507
15 23 0.260999
15 24 0.262661
15 25 0.263491
15 26 0.263491
15 27 0.262661
15 28 0.260999
15 29 0.258507
15 30 0.255182
15 31 0.251025
15 32 0.246032
15 33 0.240204
15 34 0.233537
15 35 0.226031
15 36 0.217681
15 37 0.208487
15 38 0.198445
15 39 0.187552
15 40 0.175805
15 41 0.1632
15 42 0.149734
15 43 0.135404
15 44 0.120204
15 45 0.104133
15 46 0.0871843
15 47 0.069355
15 48 0.0506407
15 49 0.031037
15 50 0.0105394

