15 1 0.0109101
15 2 0.0321476
15 3 0.052487
15 4 0.0719296
15 5 0.0904769
15 6 0.10813
15 7 0.124892
15 8 0.140762
15 9 0.155742
15 10 0.169834
15 11 0.183038
15 12 0.195357
15 13 0.20679
15 14 0.21734
15 15 0.227007
15 16 0.235792
15 17 0.243696
15 18 0.25072
15 19 0.256864
15 20 0.262129
15 21 0.266516
15 22 0.270025
15 23 0.272656
15 24 0.27441
15 25 0.275287
15 26 0.275287
15 27 0.27441
15 28 0.272656
15 29 0.270025
15 30 0.266516
15 31 0.262129
15 32 0.256864
15 33 0.25072
15 34 0.243696
15 35 0.235792
15 36 0.227007
15 37 0.21734
15 38 0.20679
15 39 0.195357
15 40 0.183038
15 41 0.169834
15 42 0.155742
15 43 0.140762
15 44 0.124892
15 45 0.10813
15 46 0.0904769
15 47 0.0719296
15 48 0.052487
15 49 0.0321476
15 50 0.0109101

