15 1 0.00865003
15 2 0.0253762
15 3 0.041231
15 4 0.0562335
15 5 0.0704027
15 6 0.0837572
15 7 0.0963155
15 8 0.108096
15 9 0.119115
15 10 0.12939
15 11 0.138938
15 12 0.147773
15 13 0.155912
15 14 0.163367
15 15 0.170153
15 16 0.176281
15 17 0.181763
15 18 0.186609
15 19 0.190829
15 20 0.19443
15 21 0.19742
15 22 0.199805
15 23 0.201589
15 24 0.202777
15 25 0.20337
15 26 0.20337
15 27 0.202777
15 28 0.201589
15 29 0.199805
15 30 0.19742
15 31 0.19443
15 32 0.190829
15 33 0.186609
15 34 0.181763
15 35 0.176281
15 36 0.170153
15 37 0.163367
15 38 0.155912
15 39 0.147773
15 40 0.138938
15 41 0.12939
15 42 0.119115
15 43 0.108096
15 44 0.0963155
15 45 0.0837572
15 46 0.0704027
15 47 0.0562335
15 48 0.041231
15 49 0.0253762
15 50 0.00865003

