15 1 0.00933571
15 2 0.0274306
15 3 0.0446459
15 4 0.0609955
15 5 0.0764929
15 6 0.0911517
15 7 0.104985
15 8 0.118006
15 9 0.130227
15 10 0.14166
15 11 0.152317
15 12 0.162209
15 13 0.171348
15 14 0.179742
15 15 0.187402
15 16 0.194336
15 17 0.200552
15 18 0.206059
15 19 0.210863
15 20 0.214969
15 21 0.218383
15 22 0.221108
15 23 0.22315
15 24 0.224509
15 25 0.225189
15 26 0.225189
15 27 0.224509
15 28 0.22315
15 29 0.221108
15 30 0.218383
15 31 0.214969
15 32 0.210863
15 33 0.206059
15 34 0.200552
15 35 0.194336
15 36 0.187402
15 37 0.179742
15 38 0.171348
15 39 0.162209
15 40 0.152317
15 41 0.14166
15 42 0.130227
15 43 0.118006
15 44 0.104985
15 45 0.0911517
15 46 0.0764929
15 47 0.0609955
15 48 0.0446459
15 49 0.0274306
15 50 0.00933571

