15 1 0.009021
15 2 0.0264877
15 3 0.0430786
15 4 0.0588099
15 5 0.0736977
15 6 0.0877579
15 7 0.101006
15 8 0.113457
15 9 0.125127
15 10 0.136028
15 11 0.146176
15 12 0.155584
15 13 0.164263
15 14 0.172226
15 15 0.179485
15 16 0.186049
15 17 0.191929
15 18 0.197132
15 19 0.201668
15 20 0.205542
15 21 0.208761
15 22 0.211331
15 23 0.213254
15 24 0.214535
15 25 0.215174
15 26 0.215174
15 27 0.214535
15 28 0.213254
15 29 0.211331
15 30 0.208761
15 31 0.205542
15 32 0.201668
15 33 0.197132
15 34 0.191929
15 35 0.186049
15 36 0.179485
15 37 0.172226
15 38 0.164263
15 39 0.155584
15 40 0.146176
15 41 0.136028
15 42 0.125127
15 43 0.113457
15 44 0.101006
15 45 0.0877579
15 46 0.0736977
15 47 0.0588099
15 48 0.0430786
15 49 0.0264877
15 50 0.009021

