15 1 0.0109294
15 2 0.0322055
15 3 0.0525831
15 4 0.0720637
15 5 0.0906485
15 6 0.108339
15 7 0.125136
15 8 0.141041
15 9 0.156055
15 10 0.170179
15 11 0.183415
15 12 0.195763
15 13 0.207225
15 14 0.217801
15 15 0.227493
15 16 0.2363
15 17 0.244225
15 18 0.251267
15 19 0.257428
15 20 0.262707
15 21 0.267106
15 22 0.270625
15 23 0.273263
15 24 0.275022
15 25 0.275902
15 26 0.275902
15 27 0.275022
15 28 0.273263
15 29 0.270625
15 30 0.267106
15 31 0.262707
15 32 0.257428
15 33 0.251267
15 34 0.244225
15 35 0.2363
15 36 0.227493
15 37 0.217801
15 38 0.207225
15 39 0.195763
15 40 0.183415
15 41 0.170179
15 42 0.156055
15 43 0.141041
15 44 0.125136
15 45 0.108339
15 46 0.0906485
15 47 0.0720637
15 48 0.0525831
15 49 0.0322055
15 50 0.0109294

