15 1 0.0105972
15 2 0.0312102
15 3 0.0509286
15 4 0.0697565
15 5 0.0876977
15 6 0.104756
15 7 0.120935
15 8 0.136239
15 9 0.150671
15 10 0.164234
15 11 0.176933
15 12 0.188769
15 13 0.199746
15 14 0.209868
15 15 0.219136
15 16 0.227553
15 17 0.235121
15 18 0.241844
15 19 0.247721
15 20 0.252756
15 21 0.25695
15 22 0.260303
15 23 0.262817
15 24 0.264493
15 25 0.265331
15 26 0.265331
15 27 0.264493
15 28 0.262817
15 29 0.260303
15 30 0.25695
15 31 0.252756
15 32 0.247721
15 33 0.241844
15 34 0.235121
15 35 0.227553
15 36 0.219136
15 37 0.209868
15 38 0.199746
15 39 0.188769
15 40 0.176933
15 41 0.164234
15 42 0.150671
15 43 0.136239
15 44 0.120935
15 45 0.104756
15 46 0.0876977
15 47 0.0697565
15 48 0.0509286
15 49 0.0312102
15 50 0.0105972

