15 1 0.0101843
15 2 0.0299731
15 3 0.0488722
15 4 0.0668889
15 5 0.0840303
15 6 0.100303
15 7 0.115715
15 8 0.130271
15 9 0.143979
15 10 0.156845
15 11 0.168876
15 12 0.180076
15 13 0.190451
15 14 0.200007
15 15 0.208749
15 16 0.21668
15 17 0.223807
15 18 0.230131
15 19 0.235657
15 20 0.240388
15 21 0.244326
15 22 0.247474
15 23 0.249834
15 24 0.251406
15 25 0.252192
15 26 0.252192
15 27 0.251406
15 28 0.249834
15 29 0.247474
15 30 0.244326
15 31 0.240388
15 32 0.235657
15 33 0.230131
15 34 0.223807
15 35 0.21668
15 36 0.208749
15 37 0.200007
15 38 0.190451
15 39 0.180076
15 40 0.168876
15 41 0.156845
15 42 0.143979
15 43 0.130271
15 44 0.115715
15 45 0.100303
15 46 0.0840303
15 47 0.0668889
15 48 0.0488722
15 49 0.0299731
15 50 0.0101843

