15 1 0.00982918
15 2 0.028909
15 3 0.0471035
15 4 0.0644225
15 5 0.0808759
15 6 0.0964734
15 7 0.111224
15 8 0.125138
15 9 0.138224
15 10 0.15049
15 11 0.161946
15 12 0.172599
15 13 0.182456
15 14 0.191526
15 15 0.199815
15 16 0.207329
15 17 0.214075
15 18 0.220057
15 19 0.225281
15 20 0.22975
15 21 0.233469
15 22 0.23644
15 23 0.238667
15 24 0.24015
15 25 0.240891
15 26 0.240891
15 27 0.24015
15 28 0.238667
15 29 0.23644
15 30 0.233469
15 31 0.22975
15 32 0.225281
15 33 0.220057
15 34 0.214075
15 35 0.207329
15 36 0.199815
15 37 0.191526
15 38 0.182456
15 39 0.172599
15 40 0.161946
15 41 0.15049
15 42 0.138224
15 43 0.125138
15 44 0.111224
15 45 0.0964734
15 46 0.0808759
15 47 0.0644225
15 48 0.0471035
15 49 0.028909
15 50 0.00982918

