15 1 0.010233
15 2 0.0301188
15 3 0.0491145
15 4 0.0672267
15 5 0.0844623
15 6 0.100828
15 7 0.11633
15 8 0.130974
15 9 0.144768
15 10 0.157716
15 11 0.169825
15 12 0.1811
15 13 0.191546
15 14 0.201169
15 15 0.209972
15 16 0.217961
15 17 0.225139
15 18 0.231511
15 19 0.237078
15 20 0.241845
15 21 0.245813
15 22 0.248985
15 23 0.251363
15 24 0.252947
15 25 0.253739
15 26 0.253739
15 27 0.252947
15 28 0.251363
15 29 0.248985
15 30 0.245813
15 31 0.241845
15 32 0.237078
15 33 0.231511
15 34 0.225139
15 35 0.217961
15 36 0.209972
15 37 0.201169
15 38 0.191546
15 39 0.1811
15 40 0.169825
15 41 0.157716
15 42 0.144768
15 43 0.130974
15 44 0.11633
15 45 0.100828
15 46 0.0844623
15 47 0.0672267
15 48 0.0491145
15 49 0.0301188
15 50 0.010233

