15 1 0.00787852
15 2 0.0230648
15 3 0.0373887
15 4 0.0508755
15 5 0.0635502
15 6 0.0754373
15 7 0.086561
15 8 0.0969449
15 9 0.106612
15 10 0.115585
15 11 0.123884
15 12 0.131531
15 13 0.138545
15 14 0.144944
15 15 0.150747
15 16 0.155968
15 17 0.160624
15 18 0.164727
15 19 0.168289
15 20 0.171323
15 21 0.173836
15 22 0.175837
15 23 0.177333
15 24 0.178327
15 25 0.178823
15 26 0.178823
15 27 0.178327
15 28 0.177333
15 29 0.175837
15 30 0.173836
15 31 0.171323
15 32 0.168289
15 33 0.164727
15 34 0.160624
15 35 0.155968
15 36 0.150747
15 37 0.144944
15 38 0.138545
15 39 0.131531
15 40 0.123884
15 41 0.115585
15 42 0.106612
15 43 0.0969449
15 44 0.086561
15 45 0.0754373
15 46 0.0635502
15 47 0.0508755
15 48 0.0373887
15 49 0.0230648
15 50 0.00787852

