15 1 0.00968236
15 2 0.0284692
15 3 0.0463723
15 4 0.0634029
15 5 0.0795719
15 6 0.0948901
15 7 0.109368
15 8 0.123016
15 9 0.135845
15 10 0.147863
15 11 0.159081
15 12 0.169508
15 13 0.179151
15 14 0.18802
15 15 0.196122
15 16 0.203463
15 17 0.210052
15 18 0.215892
15 19 0.220991
15 20 0.225352
15 21 0.22898
15 22 0.231879
15 23 0.23405
15 24 0.235496
15 25 0.236219
15 26 0.236219
15 27 0.235496
15 28 0.23405
15 29 0.231879
15 30 0.22898
15 31 0.225352
15 32 0.220991
15 33 0.215892
15 34 0.210052
15 35 0.203463
15 36 0.196122
15 37 0.18802
15 38 0.179151
15 39 0.169508
15 40 0.159081
15 41 0.147863
15 42 0.135845
15 43 0.123016
15 44 0.109368
15 45 0.0948901
15 46 0.0795719
15 47 0.0634029
15 48 0.0463723
15 49 0.0284692
15 50 0.00968236

