15 1 0.0100787
15 2 0.0296565
15 3 0.048346
15 4 0.0661551
15 5 0.0830918
15 6 0.0991637
15 7 0.114379
15 8 0.128744
15 9 0.142267
15 10 0.154955
15 11 0.166814
15 12 0.177851
15 13 0.188072
15 14 0.197484
15 15 0.206091
15 16 0.213898
15 17 0.220911
15 18 0.227134
15 19 0.23257
15 20 0.237223
15 21 0.241096
15 22 0.244191
15 23 0.246511
15 24 0.248057
15 25 0.248829
15 26 0.248829
15 27 0.248057
15 28 0.246511
15 29 0.244191
15 30 0.241096
15 31 0.237223
15 32 0.23257
15 33 0.227134
15 34 0.220911
15 35 0.213898
15 36 0.206091
15 37 0.197484
15 38 0.188072
15 39 0.177851
15 40 0.166814
15 41 0.154955
15 42 0.142267
15 43 0.128744
15 44 0.114379
15 45 0.0991637
15 46 0.0830918
15 47 0.0661551
15 48 0.048346
15 49 0.0296565
15 50 0.0100787

