0 5e-07
1 1.5e-06
2 2.16667e-06
3 2.8155e-06
4 3.43672e-06
5 4.04091e-06
6 4.61988e-06
7 5.18263e-06
8 5.72231e-06
9 6.24659e-06
10 6.74974e-06
11 7.2383e-06
12 7.70748e-06
13 8.16287e-06
14 8.60048e-06
15 9.02507e-06
16 9.43331e-06
17 9.82929e-06
18 1.02102e-05
19 1.05796e-05
20 1.09352e-05
21 1.12799e-05
22 1.16119e-05
23 1.19337e-05
24 1.22437e-05
25 1.25442e-05
26 1.28338e-05
27 1.31145e-05
28 1.33851e-05
29 1.36474e-05
30 1.39004e-05
31 1.41456e-05
32 1.43822e-05
33 1.4593e-05
34 1.48109e-05
35 1.50211e-05
36 1.52244e-05
37 1.54206e-05
38 1.56103e-05
39 1.57933e-05
40 1.59704e-05
41 1.61413e-05
42 1.63065e-05
43 1.64661e-05
44 1.66204e-05
45 1.67693e-05
46 1.69134e-05
47 1.70525e-05
48 1.7187e-05
49 1.73169e-05
50 1.74426e-05
51 1.7564e-05
52 1.76814e-05
53 1.77948e-05
54 1.79044e-05
55 1.80104e-05
56 1.81129e-05
57 1.82119e-05
58 1.83077e-05
59 1.84003e-05
60 1.84898e-05
61 1.85763e-05
62 1.866e-05
63 1.87409e-05
64 1.88192e-05
65 1.88958e-05
66 1.89692e-05
67 1.90402e-05
68 1.91089e-05
69 1.91754e-05
70 1.92397e-05
71 1.9302e-05
72 1.93622e-05
73 1.94205e-05
74 1.94769e-05
75 1.95315e-05
76 1.95844e-05
77 1.96355e-05
78 1.96851e-05
79 1.9733e-05
80 1.97795e-05
81 1.98244e-05
82 1.9868e-05
83 1.99101e-05
84 1.99509e-05
85 1.99905e-05
86 2.00288e-05
87 2.00659e-05
88 2.01018e-05
89 2.01367e-05
90 2.01704e-05
91 2.02031e-05
92 2.02348e-05
93 2.02655e-05
94 2.02952e-05
95 2.0324e-05
96 2.0352e-05
97 2.0379e-05
98 2.04053e-05
99 2.04307e-05
100 2.04554e-05
101 2.04793e-05
102 2.05025e-05
103 2.0525e-05
104 2.05468e-05
105 2.0568e-05
106 2.05885e-05
107 2.06084e-05
108 2.06277e-05
109 2.06465e-05
110 2.06646e-05
111 2.06823e-05
112 2.06994e-05
113 2.0716e-05
114 2.07321e-05
115 2.07477e-05
116 2.07629e-05
117 2.07777e-05
118 2.0792e-05
119 2.08059e-05
120 2.08194e-05
121 2.08325e-05
122 2.08452e-05
123 2.08575e-05
124 2.08695e-05
125 2.08812e-05
126 2.08925e-05
127 2.09035e-05
128 2.09142e-05
129 2.09246e-05
130 2.09347e-05
131 2.09445e-05
132 2.0954e-05
133 2.09632e-05
134 2.09722e-05
135 2.0981e-05
136 2.09895e-05
137 2.09978e-05
138 2.10058e-05
139 2.10136e-05
140 2.10212e-05
141 2.10286e-05
142 2.10358e-05
143 2.10428e-05
144 2.10496e-05
145 2.10562e-05
146 2.10627e-05
147 2.10689e-05
148 2.1075e-05
149 2.1081e-05
150 2.10867e-05
151 2.10924e-05
152 2.10978e-05
153 2.11031e-05
154 2.11083e-05
155 2.11134e-05
156 2.11183e-05
157 2.11231e-05
158 2.11277e-05
159 2.11323e-05
160 2.11367e-05
161 2.1141e-05
162 2.11452e-05
163 2.11493e-05
164 2.11532e-05
165 2.11571e-05
166 2.11609e-05
167 2.11646e-05
168 2.11681e-05
169 2.11716e-05
170 2.1175e-05
171 2.11784e-05
172 2.11816e-05
173 2.11847e-05
174 2.11878e-05
175 2.11908e-05
176 2.11937e-05
177 2.11966e-05
178 2.11994e-05
179 2.12021e-05
180 2.12047e-05
181 2.12073e-05
182 2.12098e-05
183 2.12123e-05
184 2.12146e-05
185 2.1217e-05
186 2.12193e-05
187 2.12215e-05
188 2.12236e-05
189 2.12258e-05
190 2.12278e-05
191 2.12298e-05
192 2.12318e-05
193 2.12337e-05
194 2.12356e-05
195 2.12374e-05
196 2.12392e-05
197 2.12409e-05
198 2.12426e-05
199 2.12443e-05
200 2.12459e-05
201 2.12475e-05
202 2.1249e-05
203 2.12505e-05
204 2.1252e-05
205 2.12535e-05
206 2.12549e-05
207 2.12562e-05
208 2.12576e-05
209 2.12589e-05
210 2.12602e-05
211 2.12614e-05
212 2.12626e-05
213 2.12638e-05
214 2.1265e-05
215 2.12661e-05
216 2.12673e-05
217 2.12683e-05
218 2.12694e-05
219 2.12704e-05
220 2.12715e-05
221 2.12725e-05
222 2.12734e-05
223 2.12744e-05
224 2.12753e-05
225 2.12762e-05
226 2.12771e-05
227 2.1278e-05
228 2.12788e-05
229 2.12796e-05
230 2.12804e-05
231 2.12812e-05
232 2.1282e-05
233 2.12828e-05
234 2.12835e-05
235 2.12842e-05
236 2.12849e-05
237 2.12856e-05
238 2.12863e-05
239 2.1287e-05
240 2.12876e-05
241 2.12883e-05
242 2.12889e-05
243 2.12895e-05
244 2.12901e-05
245 2.12907e-05
246 2.12912e-05
247 2.12918e-05
248 2.12923e-05
249 2.12929e-05
250 2.12934e-05
251 2.12939e-05
252 2.12944e-05
253 2.12949e-05
254 2.12954e-05
255 2.12958e-05
256 2.12963e-05
257 2.12967e-05
258 2.12972e-05
259 2.12976e-05
260 2.1298e-05
261 2.12984e-05
262 2.12988e-05
263 2.12992e-05
264 2.12996e-05
265 2.13e-05
266 2.13003e-05
267 2.13007e-05
268 2.13011e-05
269 2.13014e-05
270 2.13017e-05
271 2.13021e-05
272 2.13024e-05
273 2.13027e-05
274 2.1303e-05
275 2.13033e-05
276 2.13036e-05
277 2.13039e-05
278 2.13042e-05
279 2.13045e-05
280 2.13048e-05
281 2.1305e-05
282 2.13053e-05
283 2.13056e-05
284 2.13058e-05
285 2.13061e-05
286 2.13063e-05
287 2.13065e-05
288 2.13068e-05
289 2.1307e-05
290 2.13072e-05
291 2.13074e-05
292 2.13076e-05
293 2.13079e-05
294 2.13081e-05
295 2.13083e-05
296 2.13085e-05
297 2.13086e-05
298 2.13088e-05
299 2.1309e-05
300 2.13092e-05
301 2.13094e-05
302 2.13095e-05
303 2.13097e-05
304 2.13099e-05
305 2.131e-05
306 2.13102e-05
307 2.13104e-05
308 2.13105e-05
309 2.13107e-05
310 2.13108e-05
311 2.1311e-05
312 2.13111e-05
313 2.13112e-05
314 2.13114e-05
315 2.13115e-05
316 2.13116e-05
317 2.13118e-05
318 2.13119e-05
319 2.1312e-05
320 2.13121e-05
321 2.13122e-05
322 2.13124e-05
323 2.13125e-05
324 2.13126e-05
325 2.13127e-05
326 2.13128e-05
327 2.13129e-05
328 2.1313e-05
329 2.13131e-05
330 2.13132e-05
331 2.13133e-05
332 2.13134e-05
333 2.13135e-05
334 2.13136e-05
335 2.13137e-05
336 2.13137e-05
337 2.13138e-05
338 2.13139e-05
339 2.1314e-05
340 2.13141e-05
341 2.13142e-05
342 2.13142e-05
343 2.13143e-05
344 2.13144e-05
345 2.13145e-05
346 2.13145e-05
347 2.13146e-05
348 2.13147e-05
349 2.13147e-05
350 2.13148e-05
351 2.13149e-05
352 2.13149e-05
353 2.1315e-05
354 2.1315e-05
355 2.13151e-05
356 2.13152e-05
357 2.13152e-05
358 2.13153e-05
359 2.13153e-05
360 2.13154e-05
361 2.13154e-05
362 2.13155e-05
363 2.13155e-05
364 2.13156e-05
365 2.13156e-05
366 2.13157e-05
367 2.13157e-05
368 2.13158e-05
369 2.13158e-05
370 2.13159e-05
371 2.13159e-05
372 2.13159e-05
373 2.1316e-05
374 2.1316e-05
375 2.13161e-05
376 2.13161e-05
377 2.13161e-05
378 2.13162e-05
379 2.13162e-05
380 2.13162e-05
381 2.13163e-05
382 2.13163e-05
383 2.13163e-05
384 2.13164e-05
385 2.13164e-05
386 2.13164e-05
387 2.13165e-05
388 2.13165e-05
389 2.13165e-05
390 2.13166e-05
391 2.13166e-05
392 2.13166e-05
393 2.13166e-05
394 2.13167e-05
395 2.13167e-05
396 2.13167e-05
397 2.13167e-05
398 2.13168e-05
399 2.13168e-05
400 2.13168e-05
401 2.13168e-05
402 2.13169e-05
403 2.13169e-05
404 2.13169e-05
405 2.13169e-05
406 2.1317e-05
407 2.1317e-05
408 2.1317e-05
409 2.1317e-05
410 2.1317e-05
411 2.13171e-05
412 2.13171e-05
413 2.13171e-05
414 2.13171e-05
415 2.13171e-05
416 2.13171e-05
417 2.13172e-05
418 2.13172e-05
419 2.13172e-05
420 2.13172e-05
421 2.13172e-05
422 2.13172e-05
423 2.13173e-05
424 2.13173e-05
425 2.13173e-05
426 2.13173e-05
427 2.13173e-05
428 2.13173e-05
429 2.13173e-05
430 2.13174e-05
431 2.13174e-05
432 2.13174e-05
433 2.13174e-05
434 2.13174e-05
435 2.13174e-05
436 2.13174e-05
437 2.13174e-05
438 2.13175e-05
439 2.13175e-05
440 2.13175e-05
441 2.13175e-05
442 2.13175e-05
443 2.13175e-05
444 2.13175e-05
445 2.13175e-05
446 2.13175e-05
447 2.13175e-05
448 2.13176e-05
449 2.13176e-05
450 2.13176e-05
451 2.13176e-05
452 2.13176e-05
453 2.13176e-05
454 2.13176e-05
455 2.13176e-05
456 2.13176e-05
457 2.13176e-05
458 2.13176e-05
459 2.13176e-05
460 2.13176e-05
461 2.13177e-05
462 2.13177e-05
463 2.13177e-05
464 2.13177e-05
465 2.13177e-05
466 2.13177e-05
467 2.13177e-05
468 2.13177e-05
469 2.13177e-05
470 2.13177e-05
471 2.13177e-05
472 2.13177e-05
473 2.13177e-05
474 2.13177e-05
475 2.13177e-05
476 2.13177e-05
477 2.13178e-05
478 2.13178e-05
479 2.13178e-05
480 2.13178e-05
481 2.13178e-05
482 2.13178e-05
483 2.13178e-05
484 2.13178e-05
485 2.13178e-05
486 2.13178e-05
487 2.13178e-05
488 2.13178e-05
489 2.13178e-05
490 2.13178e-05
491 2.13178e-05
492 2.13178e-05
493 2.13178e-05
494 2.13178e-05
495 2.13178e-05
496 2.13178e-05
497 2.13178e-05
498 2.13178e-05
499 2.13178e-05
500 2.13178e-05
501 2.13178e-05
502 2.13179e-05
503 2.13179e-05
504 2.13179e-05
505 2.13179e-05
506 2.13179e-05
507 2.13179e-05
508 2.13179e-05
509 2.13179e-05
510 2.13179e-05
511 2.13179e-05
512 2.13179e-05
513 2.13179e-05
514 2.13179e-05
515 2.13179e-05
516 2.13179e-05
517 2.13179e-05
518 2.13179e-05
519 2.13179e-05
520 2.13179e-05
521 2.13179e-05
522 2.13179e-05
523 2.13179e-05
524 2.13179e-05
525 2.13179e-05
526 2.13179e-05
527 2.13179e-05
528 2.13179e-05
529 2.13179e-05
530 2.13179e-05
531 2.13179e-05
532 2.13179e-05
533 2.13179e-05
534 2.13179e-05
535 2.13179e-05
536 2.13179e-05
537 2.13179e-05
538 2.13179e-05
539 2.13179e-05
540 2.13179e-05
541 2.13179e-05
542 2.13179e-05
543 2.13179e-05
544 2.13179e-05
545 2.13179e-05
546 2.13179e-05
547 2.13179e-05
548 2.13179e-05
549 2.13179e-05
550 2.13179e-05
551 2.13179e-05
552 2.13179e-05
553 2.1318e-05
554 2.1318e-05
555 2.1318e-05
556 2.1318e-05
557 2.1318e-05
558 2.1318e-05
559 2.1318e-05
560 2.1318e-05
561 2.1318e-05
562 2.1318e-05
563 2.1318e-05
564 2.1318e-05
565 2.1318e-05
566 2.1318e-05
567 2.1318e-05
