0 0
1 4.87e-08
2 9.74e-08
3 1.461e-07
4 1.948e-07
5 2.435e-07
6 2.922e-07
7 3.409e-07
8 3.896e-07
9 4.383e-07
10 4.60204e-07
11 4.82088e-07
12 5.037e-07
13 5.25289e-07
14 5.46614e-07
15 5.67914e-07
16 5.88957e-07
17 6.09972e-07
18 6.30737e-07
19 6.51472e-07
20 6.71965e-07
21 6.92424e-07
22 7.12648e-07
23 7.32837e-07
24 7.52797e-07
25 7.7272e-07
26 7.9242e-07
27 8.12081e-07
28 8.31526e-07
29 8.5093e-07
30 8.70123e-07
31 8.89274e-07
32 9.08219e-07
33 9.1169e-07
34 9.14916e-07
35 9.17901e-07
36 9.20646e-07
37 9.23152e-07
38 9.25421e-07
39 9.27455e-07
40 9.29255e-07
41 9.30823e-07
42 9.32161e-07
43 9.33271e-07
44 9.34153e-07
45 9.3481e-07
46 9.35243e-07
47 9.35454e-07
48 9.35444e-07
49 9.35215e-07
50 9.4503e-07
51 9.54676e-07
52 9.64257e-07
53 9.73672e-07
54 9.83023e-07
55 9.92212e-07
56 1.00134e-06
57 1.0103e-06
58 1.01921e-06
59 1.02796e-06
60 1.03664e-06
61 1.04518e-06
62 1.05365e-06
63 1.06197e-06
64 1.07024e-06
65 1.07835e-06
66 1.08641e-06
67 1.09433e-06
68 1.10218e-06
69 1.1099e-06
70 1.11755e-06
71 1.12507e-06
72 1.13253e-06
73 1.14577e-06
74 1.15899e-06
75 1.17218e-06
76 1.18535e-06
77 1.1985e-06
78 1.21163e-06
79 1.22473e-06
80 1.23782e-06
81 1.25089e-06
82 1.26394e-06
83 1.27697e-06
84 1.28998e-06
85 1.30297e-06
86 1.31595e-06
87 1.32891e-06
88 1.34186e-06
89 1.3548e-06
90 1.36378e-06
91 1.37273e-06
92 1.38158e-06
93 1.39039e-06
94 1.39911e-06
95 1.40779e-06
96 1.41638e-06
97 1.42493e-06
98 1.4334e-06
99 1.44182e-06
100 1.45016e-06
101 1.45846e-06
102 1.46668e-06
103 1.47486e-06
104 1.48296e-06
105 1.49101e-06
106 1.499e-06
107 1.50694e-06
108 1.51481e-06
109 1.52263e-06
110 1.53039e-06
111 1.5381e-06
112 1.54574e-06
113 1.55108e-06
114 1.55633e-06
115 1.56149e-06
116 1.56655e-06
117 1.57153e-06
118 1.57642e-06
119 1.58123e-06
120 1.58594e-06
121 1.59057e-06
122 1.59511e-06
123 1.59956e-06
124 1.60393e-06
125 1.60821e-06
126 1.61241e-06
127 1.61653e-06
128 1.62056e-06
129 1.6245e-06
130 1.62987e-06
131 1.63518e-06
132 1.64044e-06
133 1.64563e-06
134 1.65078e-06
135 1.65587e-06
136 1.66091e-06
137 1.66589e-06
138 1.67083e-06
139 1.67571e-06
140 1.68054e-06
141 1.68532e-06
142 1.69005e-06
143 1.69473e-06
144 1.69936e-06
145 1.70394e-06
146 1.70848e-06
147 1.71296e-06
148 1.71739e-06
149 1.72178e-06
150 1.72612e-06
151 1.73041e-06
152 1.73467e-06
153 1.73973e-06
154 1.74477e-06
155 1.74978e-06
156 1.75476e-06
157 1.75972e-06
158 1.76465e-06
159 1.76956e-06
160 1.77443e-06
161 1.77929e-06
162 1.78412e-06
163 1.78892e-06
164 1.7937e-06
165 1.79846e-06
166 1.8032e-06
167 1.80791e-06
168 1.8126e-06
169 1.81727e-06
170 1.82134e-06
171 1.82538e-06
172 1.82938e-06
173 1.83335e-06
174 1.83729e-06
175 1.84119e-06
176 1.84507e-06
177 1.84891e-06
178 1.85272e-06
179 1.85649e-06
180 1.86024e-06
181 1.86396e-06
182 1.86764e-06
183 1.8713e-06
184 1.87492e-06
185 1.87852e-06
186 1.88209e-06
187 1.88562e-06
188 1.88913e-06
189 1.89261e-06
190 1.89606e-06
191 1.89949e-06
192 1.90289e-06
193 1.90592e-06
194 1.90893e-06
195 1.9119e-06
196 1.91483e-06
197 1.91773e-06
198 1.92059e-06
199 1.92342e-06
200 1.92622e-06
201 1.92898e-06
202 1.93171e-06
203 1.93441e-06
204 1.93707e-06
205 1.9397e-06
206 1.9423e-06
207 1.94487e-06
208 1.9474e-06
209 1.9499e-06
210 1.95259e-06
211 1.95526e-06
212 1.9579e-06
213 1.96051e-06
214 1.9631e-06
215 1.96566e-06
216 1.9682e-06
217 1.97071e-06
218 1.9732e-06
219 1.97567e-06
220 1.97811e-06
221 1.98052e-06
222 1.98292e-06
223 1.98529e-06
224 1.98764e-06
225 1.98996e-06
226 1.99227e-06
227 1.99454e-06
228 1.9968e-06
229 1.99904e-06
230 2.00125e-06
231 2.00344e-06
232 2.00561e-06
233 2.00789e-06
234 2.01015e-06
235 2.01239e-06
236 2.01461e-06
237 2.01682e-06
238 2.01901e-06
239 2.02118e-06
240 2.02334e-06
241 2.02548e-06
242 2.0276e-06
243 2.02971e-06
244 2.03181e-06
245 2.03389e-06
246 2.03595e-06
247 2.038e-06
248 2.04003e-06
249 2.04205e-06
250 2.04397e-06
251 2.04587e-06
252 2.04776e-06
253 2.04963e-06
254 2.05148e-06
255 2.05332e-06
256 2.05514e-06
257 2.05695e-06
258 2.05873e-06
259 2.06051e-06
260 2.06227e-06
261 2.06401e-06
262 2.06574e-06
263 2.06745e-06
264 2.06915e-06
265 2.07083e-06
266 2.0725e-06
267 2.07416e-06
268 2.0758e-06
269 2.07742e-06
270 2.07903e-06
271 2.08063e-06
272 2.08222e-06
273 2.08374e-06
274 2.08525e-06
275 2.08674e-06
276 2.08821e-06
277 2.08968e-06
278 2.09112e-06
279 2.09256e-06
280 2.09398e-06
281 2.09538e-06
282 2.09677e-06
283 2.09815e-06
284 2.09951e-06
285 2.10086e-06
286 2.10219e-06
287 2.10351e-06
288 2.10482e-06
289 2.10611e-06
290 2.10742e-06
291 2.10872e-06
292 2.11001e-06
293 2.11129e-06
294 2.11255e-06
295 2.11381e-06
296 2.11505e-06
297 2.11628e-06
298 2.11749e-06
299 2.1187e-06
300 2.1199e-06
301 2.12108e-06
302 2.12225e-06
303 2.12342e-06
304 2.12457e-06
305 2.12571e-06
306 2.12684e-06
307 2.12796e-06
308 2.12906e-06
309 2.13016e-06
