15 1 0.000475541
15 2 0.00138267
15 3 0.00223294
15 4 0.00302846
15 5 0.00377128
15 6 0.00446347
15 7 0.00510702
15 8 0.00570389
15 9 0.006256
15 10 0.0067652
15 11 0.00723325
15 12 0.00766188
15 13 0.00805269
15 14 0.00840723
15 15 0.00872694
15 16 0.00901316
15 17 0.00926712
15 18 0.00948996
15 19 0.00968268
15 20 0.00984618
15 21 0.00998123
15 22 0.0100885
15 23 0.0101685
15 24 0.0102216
15 25 0.0102481
15 26 0.0102481
15 27 0.0102216
15 28 0.0101685
15 29 0.0100885
15 30 0.00998123
15 31 0.00984618
15 32 0.00968268
15 33 0.00948996
15 34 0.00926712
15 35 0.00901316
15 36 0.00872694
15 37 0.00840723
15 38 0.00805269
15 39 0.00766188
15 40 0.00723325
15 41 0.0067652
15 42 0.006256
15 43 0.00570389
15 44 0.00510702
15 45 0.00446347
15 46 0.00377128
15 47 0.00302846
15 48 0.00223294
15 49 0.00138267
15 50 0.000475541

