15 1 0.000503306
15 2 0.00146585
15 3 0.00237122
15 4 0.00322127
15 5 0.00401787
15 6 0.00476285
15 7 0.005458
15 8 0.00610509
15 9 0.00670582
15 10 0.00726184
15 11 0.00777477
15 12 0.00824611
15 13 0.00867734
15 14 0.00906982
15 15 0.00942484
15 16 0.00974362
15 17 0.0100273
15 18 0.0102768
15 19 0.0104931
15 20 0.0106769
15 21 0.0108291
15 22 0.0109501
15 23 0.0110405
15 24 0.0111005
15 25 0.0111305
15 26 0.0111305
15 27 0.0111005
15 28 0.0110405
15 29 0.0109501
15 30 0.0108291
15 31 0.0106769
15 32 0.0104931
15 33 0.0102768
15 34 0.0100273
15 35 0.00974362
15 36 0.00942484
15 37 0.00906982
15 38 0.00867734
15 39 0.00824611
15 40 0.00777477
15 41 0.00726184
15 42 0.00670582
15 43 0.00610509
15 44 0.005458
15 45 0.00476285
15 46 0.00401787
15 47 0.00322127
15 48 0.00237122
15 49 0.00146585
15 50 0.000503306

