15 1 0.000427652
15 2 0.0012392
15 3 0.00199447
15 4 0.00269594
15 5 0.00334606
15 6 0.00394726
15 7 0.00450189
15 8 0.00501229
15 9 0.00548069
15 10 0.00590929
15 11 0.00630017
15 12 0.00665534
15 13 0.00697672
15 14 0.0072661
15 15 0.00752517
15 16 0.00775552
15 17 0.00795859
15 18 0.00813569
15 19 0.00828802
15 20 0.00841662
15 21 0.00852239
15 22 0.00860609
15 23 0.00866832
15 24 0.00870956
15 25 0.0087301
15 26 0.0087301
15 27 0.00870956
15 28 0.00866832
15 29 0.00860609
15 30 0.00852239
15 31 0.00841662
15 32 0.00828802
15 33 0.00813569
15 34 0.00795859
15 35 0.00775552
15 36 0.00752517
15 37 0.0072661
15 38 0.00697672
15 39 0.00665534
15 40 0.00630017
15 41 0.00590929
15 42 0.00548069
15 43 0.00501229
15 44 0.00450189
15 45 0.00394726
15 46 0.00334606
15 47 0.00269594
15 48 0.00199447
15 49 0.0012392
15 50 0.000427652

