15 1 0.000625329
15 2 0.00183144
15 3 0.00297893
15 4 0.0040687
15 5 0.00510167
15 6 0.00607874
15 7 0.00700079
15 8 0.00786868
15 9 0.00868324
15 10 0.0094453
15 11 0.0101556
15 12 0.010815
15 13 0.0114241
15 14 0.0119836
15 15 0.0124941
15 16 0.0129563
15 17 0.0133706
15 18 0.0137377
15 19 0.0140578
15 20 0.0143315
15 21 0.0145591
15 22 0.0147407
15 23 0.0148768
15 24 0.0149674
15 25 0.0150127
15 26 0.0150127
15 27 0.0149674
15 28 0.0148768
15 29 0.0147407
15 30 0.0145591
15 31 0.0143315
15 32 0.0140578
15 33 0.0137377
15 34 0.0133706
15 35 0.0129563
15 36 0.0124941
15 37 0.0119836
15 38 0.0114241
15 39 0.010815
15 40 0.0101556
15 41 0.0094453
15 42 0.00868324
15 43 0.00786868
15 44 0.00700079
15 45 0.00607874
15 46 0.00510167
15 47 0.0040687
15 48 0.00297893
15 49 0.00183144
15 50 0.000625329

