15 1 0.00053962
15 2 0.00157465
15 3 0.00255207
15 4 0.00347346
15 5 0.0043404
15 6 0.00515445
15 7 0.00591712
15 8 0.00662991
15 9 0.00729426
15 10 0.00791159
15 11 0.00848325
15 12 0.00901052
15 13 0.00949466
15 14 0.00993682
15 15 0.0103381
15 16 0.0106995
15 17 0.0110221
15 18 0.0113065
15 19 0.0115537
15 20 0.0117643
15 21 0.0119389
15 22 0.0120779
15 23 0.0121819
15 24 0.012251
15 25 0.0122855
15 26 0.0122855
15 27 0.012251
15 28 0.0121819
15 29 0.0120779
15 30 0.0119389
15 31 0.0117643
15 32 0.0115537
15 33 0.0113065
15 34 0.0110221
15 35 0.0106995
15 36 0.0103381
15 37 0.00993682
15 38 0.00949466
15 39 0.00901052
15 40 0.00848325
15 41 0.00791159
15 42 0.00729426
15 43 0.00662991
15 44 0.00591712
15 45 0.00515445
15 46 0.0043404
15 47 0.00347346
15 48 0.00255207
15 49 0.00157465
15 50 0.00053962

