15 1 0.000662739
15 2 0.00194352
15 3 0.00316524
15 4 0.00432851
15 5 0.00543395
15 6 0.00648218
15 7 0.00747379
15 8 0.00840937
15 9 0.00928951
15 10 0.0101147
15 11 0.0108856
15 12 0.0116026
15 13 0.0122662
15 14 0.0128769
15 15 0.0134352
15 16 0.0139413
15 17 0.0143958
15 18 0.0147989
15 19 0.0151509
15 20 0.0154521
15 21 0.0157028
15 22 0.015903
15 23 0.0160531
15 24 0.0161531
15 25 0.0162031
15 26 0.0162031
15 27 0.0161531
15 28 0.0160531
15 29 0.015903
15 30 0.0157028
15 31 0.0154521
15 32 0.0151509
15 33 0.0147989
15 34 0.0143958
15 35 0.0139413
15 36 0.0134352
15 37 0.0128769
15 38 0.0122662
15 39 0.0116026
15 40 0.0108856
15 41 0.0101147
15 42 0.00928951
15 43 0.00840937
15 44 0.00747379
15 45 0.00648218
15 46 0.00543395
15 47 0.00432851
15 48 0.00316524
15 49 0.00194352
15 50 0.000662739

