15 1 0.000596549
15 2 0.00174522
15 3 0.00283559
15 4 0.00386882
15 5 0.00484604
15 6 0.00576837
15 7 0.0066369
15 8 0.0074527
15 9 0.00821683
15 10 0.00893028
15 11 0.00959404
15 12 0.010209
15 13 0.0107762
15 14 0.0112963
15 15 0.0117701
15 16 0.0121985
15 17 0.012582
15 18 0.0129213
15 19 0.0132169
15 20 0.0134694
15 21 0.0136792
15 22 0.0138466
15 23 0.0139718
15 24 0.0140552
15 25 0.0140969
15 26 0.0140969
15 27 0.0140552
15 28 0.0139718
15 29 0.0138466
15 30 0.0136792
15 31 0.0134694
15 32 0.0132169
15 33 0.0129213
15 34 0.012582
15 35 0.0121985
15 36 0.0117701
15 37 0.0112963
15 38 0.0107762
15 39 0.010209
15 40 0.00959404
15 41 0.00893028
15 42 0.00821683
15 43 0.0074527
15 44 0.0066369
15 45 0.00576837
15 46 0.00484604
15 47 0.00386882
15 48 0.00283559
15 49 0.00174522
15 50 0.000596549

