15 1 0.000604346
15 2 0.00176858
15 3 0.00287442
15 4 0.00392297
15 5 0.0049153
15 6 0.00585245
15 7 0.00673548
15 8 0.0075654
15 9 0.00834319
15 10 0.00906981
15 11 0.00974619
15 12 0.0103732
15 13 0.0109517
15 14 0.0114825
15 15 0.0119663
15 16 0.0124038
15 17 0.0127956
15 18 0.0131425
15 19 0.0134448
15 20 0.013703
15 21 0.0139176
15 22 0.0140888
15 23 0.014217
15 24 0.0143023
15 25 0.014345
15 26 0.014345
15 27 0.0143023
15 28 0.014217
15 29 0.0140888
15 30 0.0139176
15 31 0.013703
15 32 0.0134448
15 33 0.0131425
15 34 0.0127956
15 35 0.0124038
15 36 0.0119663
15 37 0.0114825
15 38 0.0109517
15 39 0.0103732
15 40 0.00974619
15 41 0.00906981
15 42 0.00834319
15 43 0.0075654
15 44 0.00673548
15 45 0.00585245
15 46 0.0049153
15 47 0.00392297
15 48 0.00287442
15 49 0.00176858
15 50 0.000604346

