15 1 0.000667005
15 2 0.00195631
15 3 0.00318649
15 4 0.00435814
15 5 0.00547184
15 6 0.00652818
15 7 0.00752773
15 8 0.00847104
15 9 0.00935865
15 10 0.0101911
15 11 0.0109688
15 12 0.0116924
15 13 0.0123623
15 14 0.0129788
15 15 0.0135425
15 16 0.0140537
15 17 0.0145127
15 18 0.0149199
15 19 0.0152755
15 20 0.0155799
15 21 0.0158332
15 22 0.0160356
15 23 0.0161873
15 24 0.0162883
15 25 0.0163388
15 26 0.0163388
15 27 0.0162883
15 28 0.0161873
15 29 0.0160356
15 30 0.0158332
15 31 0.0155799
15 32 0.0152755
15 33 0.0149199
15 34 0.0145127
15 35 0.0140537
15 36 0.0135425
15 37 0.0129788
15 38 0.0123623
15 39 0.0116924
15 40 0.0109688
15 41 0.0101911
15 42 0.00935865
15 43 0.00847104
15 44 0.00752773
15 45 0.00652818
15 46 0.00547184
15 47 0.00435814
15 48 0.00318649
15 49 0.00195631
15 50 0.000667005

