15 1 0.000653472
15 2 0.00191576
15 3 0.00311908
15 4 0.00426415
15 5 0.00535163
15 6 0.00638223
15 7 0.00735661
15 8 0.00827543
15 9 0.00913932
15 10 0.0099489
15 11 0.0107048
15 12 0.0114075
15 13 0.0120576
15 14 0.0126556
15 15 0.013202
15 16 0.0136973
15 17 0.0141418
15 18 0.014536
15 19 0.0148801
15 20 0.0151745
15 21 0.0154194
15 22 0.0156151
15 23 0.0157617
15 24 0.0158594
15 25 0.0159082
15 26 0.0159082
15 27 0.0158594
15 28 0.0157617
15 29 0.0156151
15 30 0.0154194
15 31 0.0151745
15 32 0.0148801
15 33 0.014536
15 34 0.0141418
15 35 0.0136973
15 36 0.013202
15 37 0.0126556
15 38 0.0120576
15 39 0.0114075
15 40 0.0107048
15 41 0.0099489
15 42 0.00913932
15 43 0.00827543
15 44 0.00735661
15 45 0.00638223
15 46 0.00535163
15 47 0.00426415
15 48 0.00311908
15 49 0.00191576
15 50 0.000653472

