15 1 2.5e-06
15 2 2.5e-06
15 3 2.5e-06
15 4 2.5e-06
15 5 2.5e-06
15 6 2.5e-06
15 7 2.5e-06
15 8 2.5e-06
15 9 2.5e-06
15 10 2.5e-06
15 11 2.5e-06
15 12 2.5e-06
15 13 2.5e-06
15 14 2.5e-06
15 15 2.5e-06
15 16 2.5e-06
15 17 2.5e-06
15 18 2.5e-06
15 19 2.5e-06
15 20 2.5e-06
15 21 2.5e-06
15 22 2.5e-06
15 23 2.5e-06
15 24 2.5e-06
15 25 2.5e-06
15 26 2.5e-06
15 27 2.5e-06
15 28 2.5e-06
15 29 2.5e-06
15 30 2.5e-06
15 31 2.5e-06
15 32 2.5e-06
15 33 2.5e-06
15 34 2.5e-06
15 35 2.5e-06
15 36 2.5e-06
15 37 2.5e-06
15 38 2.5e-06
15 39 2.5e-06
15 40 2.5e-06
15 41 2.5e-06
15 42 2.5e-06
15 43 2.5e-06
15 44 2.5e-06
15 45 2.5e-06
15 46 2.5e-06
15 47 2.5e-06
15 48 2.5e-06
15 49 2.5e-06
15 50 2.5e-06

