15 1 0.000618714
15 2 0.00181162
15 3 0.00294598
15 4 0.00402276
15 5 0.00504292
15 6 0.00600741
15 7 0.00691715
15 8 0.00777307
15 9 0.00857604
15 10 0.00932693
15 11 0.0100266
15 12 0.0106757
15 13 0.0112752
15 14 0.0118256
15 15 0.0123277
15 16 0.0127821
15 17 0.0131894
15 18 0.01355
15 19 0.0138646
15 20 0.0141334
15 21 0.0143568
15 22 0.0145352
15 23 0.0146688
15 24 0.0147578
15 25 0.0148022
15 26 0.0148022
15 27 0.0147578
15 28 0.0146688
15 29 0.0145352
15 30 0.0143568
15 31 0.0141334
15 32 0.0138646
15 33 0.01355
15 34 0.0131894
15 35 0.0127821
15 36 0.0123277
15 37 0.0118256
15 38 0.0112752
15 39 0.0106757
15 40 0.0100266
15 41 0.00932693
15 42 0.00857604
15 43 0.00777307
15 44 0.00691715
15 45 0.00600741
15 46 0.00504292
15 47 0.00402276
15 48 0.00294598
15 49 0.00181162
15 50 0.000618714

