15 1 0.000674868
15 2 0.00197986
15 3 0.00322564
15 4 0.00441274
15 5 0.00554167
15 6 0.00661297
15 7 0.00762714
15 8 0.00858467
15 9 0.00948606
15 10 0.0103318
15 11 0.0111222
15 12 0.0118579
15 13 0.0125392
15 14 0.0131666
15 15 0.0137403
15 16 0.0142607
15 17 0.0147281
15 18 0.0151429
15 19 0.0155052
15 20 0.0158154
15 21 0.0160735
15 22 0.0162799
15 23 0.0164345
15 24 0.0165375
15 25 0.016589
15 26 0.016589
15 27 0.0165375
15 28 0.0164345
15 29 0.0162799
15 30 0.0160735
15 31 0.0158154
15 32 0.0155052
15 33 0.0151429
15 34 0.0147281
15 35 0.0142607
15 36 0.0137403
15 37 0.0131666
15 38 0.0125392
15 39 0.0118579
15 40 0.0111222
15 41 0.0103318
15 42 0.00948606
15 43 0.00858467
15 44 0.00762714
15 45 0.00661297
15 46 0.00554167
15 47 0.00441274
15 48 0.00322564
15 49 0.00197986
15 50 0.000674868

