15 1 0.000631591
15 2 0.0018502
15 3 0.00301011
15 4 0.00411219
15 5 0.00515729
15 6 0.00614627
15 7 0.00707996
15 8 0.00795918
15 9 0.00878472
15 10 0.00955735
15 11 0.0102778
15 12 0.0109468
15 13 0.011565
15 14 0.0121331
15 15 0.0126516
15 16 0.0131212
15 17 0.0135422
15 18 0.0139153
15 19 0.0142408
15 20 0.0145191
15 21 0.0147505
15 22 0.0149353
15 23 0.0150737
15 24 0.0151659
15 25 0.0152119
15 26 0.0152119
15 27 0.0151659
15 28 0.0150737
15 29 0.0149353
15 30 0.0147505
15 31 0.0145191
15 32 0.0142408
15 33 0.0139153
15 34 0.0135422
15 35 0.0131212
15 36 0.0126516
15 37 0.0121331
15 38 0.011565
15 39 0.0109468
15 40 0.0102778
15 41 0.00955735
15 42 0.00878472
15 43 0.00795918
15 44 0.00707996
15 45 0.00614627
15 46 0.00515729
15 47 0.00411219
15 48 0.00301011
15 49 0.0018502
15 50 0.000631591

