15 1 0.000648443
15 2 0.00190069
15 3 0.00309404
15 4 0.00422922
15 5 0.00530697
15 6 0.006328
15 7 0.00729303
15 8 0.00820274
15 9 0.00905782
15 10 0.00985891
15 11 0.0106066
15 12 0.0113016
15 13 0.0119444
15 14 0.0125355
15 15 0.0130755
15 16 0.0135649
15 17 0.014004
15 18 0.0143933
15 19 0.0147332
15 20 0.0150239
15 21 0.0152657
15 22 0.0154589
15 23 0.0156036
15 24 0.0157
15 25 0.0157482
15 26 0.0157482
15 27 0.0157
15 28 0.0156036
15 29 0.0154589
15 30 0.0152657
15 31 0.0150239
15 32 0.0147332
15 33 0.0143933
15 34 0.014004
15 35 0.0135649
15 36 0.0130755
15 37 0.0125355
15 38 0.0119444
15 39 0.0113016
15 40 0.0106066
15 41 0.00985891
15 42 0.00905782
15 43 0.00820274
15 44 0.00729303
15 45 0.006328
15 46 0.00530697
15 47 0.00422922
15 48 0.00309404
15 49 0.00190069
15 50 0.000648443

