15 1 0.000444519
15 2 0.00128973
15 3 0.00207846
15 4 0.00281304
15 5 0.00349581
15 6 0.00412903
15 7 0.00471497
15 8 0.00525579
15 9 0.00575364
15 10 0.00621058
15 11 0.0066286
15 12 0.00700959
15 13 0.00735536
15 14 0.00766763
15 15 0.007948
15 16 0.00819796
15 17 0.00841889
15 18 0.00861204
15 19 0.00877853
15 20 0.00891937
15 21 0.00903541
15 22 0.00912736
15 23 0.00919582
15 24 0.00924122
15 25 0.00926384
15 26 0.00926384
15 27 0.00924122
15 28 0.00919582
15 29 0.00912736
15 30 0.00903541
15 31 0.00891937
15 32 0.00877853
15 33 0.00861204
15 34 0.00841889
15 35 0.00819796
15 36 0.007948
15 37 0.00766763
15 38 0.00735536
15 39 0.00700959
15 40 0.0066286
15 41 0.00621058
15 42 0.00575364
15 43 0.00525579
15 44 0.00471497
15 45 0.00412903
15 46 0.00349581
15 47 0.00281304
15 48 0.00207846
15 49 0.00128973
15 50 0.000444519

