15 1 0.000326414
15 2 0.000935944
15 3 0.00149058
15 4 0.0019937
15 5 0.00244864
15 6 0.00285868
15 7 0.00322702
15 8 0.00355677
15 9 0.00385091
15 10 0.00411232
15 11 0.00434375
15 12 0.00454778
15 13 0.00472687
15 14 0.00488331
15 15 0.00501921
15 16 0.00513653
15 17 0.00523704
15 18 0.00532235
15 19 0.00539389
15 20 0.00545289
15 21 0.00550043
15 22 0.0055374
15 23 0.00556451
15 24 0.00558228
15 25 0.00559108
15 26 0.00559108
15 27 0.00558228
15 28 0.00556451
15 29 0.0055374
15 30 0.00550043
15 31 0.00545289
15 32 0.00539389
15 33 0.00532235
15 34 0.00523704
15 35 0.00513653
15 36 0.00501921
15 37 0.00488331
15 38 0.00472687
15 39 0.00454778
15 40 0.00434375
15 41 0.00411232
15 42 0.00385091
15 43 0.00355677
15 44 0.00322702
15 45 0.00285868
15 46 0.00244864
15 47 0.0019937
15 48 0.00149058
15 49 0.000935944
15 50 0.000326414

