15 1 0.000658232
15 2 0.00193002
15 3 0.00314279
15 4 0.00429721
15 5 0.00539392
15 6 0.00643357
15 7 0.00741681
15 8 0.00834424
15 9 0.00921647
15 10 0.0100341
15 11 0.0107977
15 12 0.0115077
15 13 0.0121648
15 14 0.0127693
15 15 0.0133218
15 16 0.0138227
15 17 0.0142723
15 18 0.014671
15 19 0.0150192
15 20 0.0153171
15 21 0.015565
15 22 0.015763
15 23 0.0159114
15 24 0.0160103
15 25 0.0160597
15 26 0.0160597
15 27 0.0160103
15 28 0.0159114
15 29 0.015763
15 30 0.015565
15 31 0.0153171
15 32 0.0150192
15 33 0.014671
15 34 0.0142723
15 35 0.0138227
15 36 0.0133218
15 37 0.0127693
15 38 0.0121648
15 39 0.0115077
15 40 0.0107977
15 41 0.0100341
15 42 0.00921647
15 43 0.00834424
15 44 0.00741681
15 45 0.00643357
15 46 0.00539392
15 47 0.00429721
15 48 0.00314279
15 49 0.00193002
15 50 0.000658232

