15 1 0.000560711
15 2 0.00163784
15 3 0.00265711
15 4 0.00361994
15 5 0.00452774
15 6 0.0053819
15 7 0.00618379
15 8 0.00693474
15 9 0.00763606
15 10 0.008289
15 11 0.00889477
15 12 0.00945455
15 13 0.00996943
15 14 0.0104405
15 15 0.0108686
15 16 0.0112549
15 17 0.0116
15 18 0.0119047
15 19 0.0121699
15 20 0.012396
15 21 0.0125836
15 22 0.0127331
15 23 0.012845
15 24 0.0129194
15 25 0.0129566
15 26 0.0129566
15 27 0.0129194
15 28 0.012845
15 29 0.0127331
15 30 0.0125836
15 31 0.012396
15 32 0.0121699
15 33 0.0119047
15 34 0.0116
15 35 0.0112549
15 36 0.0108686
15 37 0.0104405
15 38 0.00996943
15 39 0.00945455
15 40 0.00889477
15 41 0.008289
15 42 0.00763606
15 43 0.00693474
15 44 0.00618379
15 45 0.0053819
15 46 0.00452774
15 47 0.00361994
15 48 0.00265711
15 49 0.00163784
15 50 0.000560711

