15 1 0.000301715
15 2 0.000861989
15 3 0.00136778
15 4 0.00182276
15 5 0.00223051
15 6 0.00259457
15 7 0.00291836
15 8 0.0032052
15 9 0.00345828
15 10 0.00368063
15 11 0.00387514
15 12 0.00404453
15 13 0.00419133
15 14 0.00431791
15 15 0.00442643
15 16 0.00451889
15 17 0.00459708
15 18 0.00466261
15 19 0.00471689
15 20 0.00476116
15 21 0.00479646
15 22 0.00482367
15 23 0.00484347
15 24 0.00485639
15 25 0.00486277
15 26 0.00486277
15 27 0.00485639
15 28 0.00484347
15 29 0.00482367
15 30 0.00479646
15 31 0.00476116
15 32 0.00471689
15 33 0.00466261
15 34 0.00459708
15 35 0.00451889
15 36 0.00442643
15 37 0.00431791
15 38 0.00419133
15 39 0.00404453
15 40 0.00387514
15 41 0.00368063
15 42 0.00345828
15 43 0.0032052
15 44 0.00291836
15 45 0.00259457
15 46 0.00223051
15 47 0.00182276
15 48 0.00136778
15 49 0.000861989
15 50 0.000301715

