15 1 0.000489806
15 2 0.00142541
15 3 0.00230399
15 4 0.00312752
15 5 0.00389798
15 6 0.00461728
15 7 0.00528734
15 8 0.00591002
15 9 0.0064871
15 10 0.00702035
15 11 0.00751146
15 12 0.00796202
15 13 0.00837359
15 14 0.00874762
15 15 0.00908547
15 16 0.0093884
15 17 0.00965761
15 18 0.00989414
15 19 0.010099
15 20 0.0102729
15 21 0.0104168
15 22 0.0105311
15 23 0.0106164
15 24 0.0106731
15 25 0.0107013
15 26 0.0107013
15 27 0.0106731
15 28 0.0106164
15 29 0.0105311
15 30 0.0104168
15 31 0.0102729
15 32 0.010099
15 33 0.00989414
15 34 0.00965761
15 35 0.0093884
15 36 0.00908547
15 37 0.00874762
15 38 0.00837359
15 39 0.00796202
15 40 0.00751146
15 41 0.00702035
15 42 0.0064871
15 43 0.00591002
15 44 0.00528734
15 45 0.00461728
15 46 0.00389798
15 47 0.00312752
15 48 0.00230399
15 49 0.00142541
15 50 0.000489806

