15 1 0.000550455
15 2 0.00160712
15 3 0.00260603
15 4 0.00354871
15 5 0.00443664
15 6 0.00527129
15 7 0.00605411
15 8 0.0067865
15 9 0.00746984
15 10 0.00810547
15 11 0.00869465
15 12 0.00923862
15 13 0.00973855
15 14 0.0101955
15 15 0.0106106
15 16 0.0109848
15 17 0.0113189
15 18 0.0116138
15 19 0.0118702
15 20 0.0120888
15 21 0.0122701
15 22 0.0124145
15 23 0.0125225
15 24 0.0125944
15 25 0.0126302
15 26 0.0126302
15 27 0.0125944
15 28 0.0125225
15 29 0.0124145
15 30 0.0122701
15 31 0.0120888
15 32 0.0118702
15 33 0.0116138
15 34 0.0113189
15 35 0.0109848
15 36 0.0106106
15 37 0.0101955
15 38 0.00973855
15 39 0.00923862
15 40 0.00869465
15 41 0.00810547
15 42 0.00746984
15 43 0.0067865
15 44 0.00605411
15 45 0.00527129
15 46 0.00443664
15 47 0.00354871
15 48 0.00260603
15 49 0.00160712
15 50 0.000550455

