15 1 0.000570421
15 2 0.00166693
15 3 0.00270547
15 4 0.00368737
15 5 0.00461397
15 6 0.0054866
15 7 0.00630654
15 8 0.00707507
15 9 0.0077934
15 10 0.00846273
15 11 0.00908422
15 12 0.00965896
15 13 0.010188
15 14 0.0106723
15 15 0.0111129
15 16 0.0115105
15 17 0.011866
15 18 0.0121801
15 19 0.0124535
15 20 0.0126868
15 21 0.0128804
15 22 0.0130348
15 23 0.0131503
15 24 0.0132271
15 25 0.0132655
15 26 0.0132655
15 27 0.0132271
15 28 0.0131503
15 29 0.0130348
15 30 0.0128804
15 31 0.0126868
15 32 0.0124535
15 33 0.0121801
15 34 0.011866
15 35 0.0115105
15 36 0.0111129
15 37 0.0106723
15 38 0.010188
15 39 0.00965896
15 40 0.00908422
15 41 0.00846273
15 42 0.0077934
15 43 0.00707507
15 44 0.00630654
15 45 0.0054866
15 46 0.00461397
15 47 0.00368737
15 48 0.00270547
15 49 0.00166693
15 50 0.000570421

