15 1 0.000460462
15 2 0.00133749
15 3 0.00215785
15 4 0.00292375
15 5 0.00363738
15 6 0.0043009
15 7 0.00491644
15 8 0.00548606
15 9 0.00601178
15 10 0.00649557
15 11 0.00693928
15 12 0.00734473
15 13 0.00771364
15 14 0.00804761
15 15 0.00834817
15 16 0.00861675
15 17 0.00885463
15 18 0.00906301
15 19 0.00924297
15 20 0.00939543
15 21 0.00952123
15 22 0.00962104
15 23 0.00969541
15 24 0.00974476
15 25 0.00976936
15 26 0.00976936
15 27 0.00974476
15 28 0.00969541
15 29 0.00962104
15 30 0.00952123
15 31 0.00939543
15 32 0.00924297
15 33 0.00906301
15 34 0.00885463
15 35 0.00861675
15 36 0.00834817
15 37 0.00804761
15 38 0.00771364
15 39 0.00734473
15 40 0.00693928
15 41 0.00649557
15 42 0.00601178
15 43 0.00548606
15 44 0.00491644
15 45 0.0043009
15 46 0.00363738
15 47 0.00292375
15 48 0.00215785
15 49 0.00133749
15 50 0.000460462

