15 1 0.000119126
15 2 0.000316878
15 3 0.000467979
15 4 0.000580829
15 5 0.00066312
15 6 0.000721647
15 7 0.000762206
15 8 0.000789568
15 9 0.000807521
15 10 0.000818968
15 11 0.000826054
15 12 0.000830311
15 13 0.000832789
15 14 0.000834188
15 15 0.000834951
15 16 0.000835355
15 17 0.000835561
15 18 0.000835662
15 19 0.000835711
15 20 0.000835733
15 21 0.000835743
15 22 0.000835747
15 23 0.000835749
15 24 0.00083575
15 25 0.00083575
15 26 0.00083575
15 27 0.00083575
15 28 0.000835749
15 29 0.000835747
15 30 0.000835743
15 31 0.000835733
15 32 0.000835711
15 33 0.000835662
15 34 0.000835561
15 35 0.000835355
15 36 0.000834951
15 37 0.000834188
15 38 0.000832789
15 39 0.000830311
15 40 0.000826054
15 41 0.000818968
15 42 0.000807521
15 43 0.000789568
15 44 0.000762206
15 45 0.000721647
15 46 0.00066312
15 47 0.000580829
15 48 0.000467979
15 49 0.000316878
15 50 0.000119126

