15 1 0.000349336
15 2 0.00100459
15 3 0.0016046
15 4 0.00215252
15 5 0.00265147
15 6 0.00310451
15 7 0.00351464
15 8 0.00388478
15 9 0.00421774
15 10 0.00451625
15 11 0.00478291
15 12 0.00502019
15 13 0.00523044
15 14 0.00541584
15 15 0.00557846
15 16 0.00572018
15 17 0.00584272
15 18 0.00594767
15 19 0.00603642
15 20 0.0061102
15 21 0.00617006
15 22 0.00621689
15 23 0.00625139
15 24 0.00627409
15 25 0.00628536
15 26 0.00628536
15 27 0.00627409
15 28 0.00625139
15 29 0.00621689
15 30 0.00617006
15 31 0.0061102
15 32 0.00603642
15 33 0.00594767
15 34 0.00584272
15 35 0.00572018
15 36 0.00557846
15 37 0.00541584
15 38 0.00523044
15 39 0.00502019
15 40 0.00478291
15 41 0.00451625
15 42 0.00421774
15 43 0.00388478
15 44 0.00351464
15 45 0.00310451
15 46 0.00265147
15 47 0.00215252
15 48 0.0016046
15 49 0.00100459
15 50 0.000349336

