15 1 0.000409794
15 2 0.0011857
15 3 0.00190555
15 4 0.00257196
15 5 0.00318755
15 6 0.00375486
15 7 0.00427641
15 8 0.00475463
15 9 0.00519193
15 10 0.00559059
15 11 0.00595283
15 12 0.00628077
15 13 0.00657643
15 14 0.00684169
15 15 0.00707835
15 16 0.00728806
15 17 0.00747234
15 18 0.00763258
15 19 0.00777002
15 20 0.00788576
15 21 0.00798075
15 22 0.00805578
15 23 0.00811149
15 24 0.00814836
15 25 0.00816672
15 26 0.00816672
15 27 0.00814836
15 28 0.00811149
15 29 0.00805578
15 30 0.00798075
15 31 0.00788576
15 32 0.00777002
15 33 0.00763258
15 34 0.00747234
15 35 0.00728806
15 36 0.00707835
15 37 0.00684169
15 38 0.00657643
15 39 0.00628077
15 40 0.00595283
15 41 0.00559059
15 42 0.00519193
15 43 0.00475463
15 44 0.00427641
15 45 0.00375486
15 46 0.00318755
15 47 0.00257196
15 48 0.00190555
15 49 0.0011857
15 50 0.000409794

