15 1 0.000588312
15 2 0.00172054
15 3 0.00279457
15 4 0.00381162
15 5 0.00477289
15 6 0.00567955
15 7 0.00653276
15 8 0.00733366
15 9 0.00808335
15 10 0.0087829
15 11 0.00943333
15 12 0.0100356
15 13 0.0105908
15 14 0.0110996
15 15 0.0115629
15 16 0.0119816
15 17 0.0123563
15 18 0.0126877
15 19 0.0129763
15 20 0.0132227
15 21 0.0134274
15 22 0.0135907
15 23 0.0137128
15 24 0.0137942
15 25 0.0138348
15 26 0.0138348
15 27 0.0137942
15 28 0.0137128
15 29 0.0135907
15 30 0.0134274
15 31 0.0132227
15 32 0.0129763
15 33 0.0126877
15 34 0.0123563
15 35 0.0119816
15 36 0.0115629
15 37 0.0110996
15 38 0.0105908
15 39 0.0100356
15 40 0.00943333
15 41 0.0087829
15 42 0.00808335
15 43 0.00733366
15 44 0.00653276
15 45 0.00567955
15 46 0.00477289
15 47 0.00381162
15 48 0.00279457
15 49 0.00172054
15 50 0.000588312

