15 1 0.000211294
15 2 0.000591489
15 3 0.000919485
15 4 0.00120039
15 5 0.00143917
15 6 0.00164057
15 7 0.0018091
15 8 0.00194899
15 9 0.00206415
15 10 0.00215814
15 11 0.00223419
15 12 0.00229518
15 13 0.00234366
15 14 0.00238185
15 15 0.00241163
15 16 0.00243465
15 17 0.00245226
15 18 0.0024656
15 19 0.00247558
15 20 0.00248295
15 21 0.0024883
15 22 0.00249208
15 23 0.00249464
15 24 0.00249622
15 25 0.00249697
15 26 0.00249697
15 27 0.00249622
15 28 0.00249464
15 29 0.00249208
15 30 0.0024883
15 31 0.00248295
15 32 0.00247558
15 33 0.0024656
15 34 0.00245226
15 35 0.00243465
15 36 0.00241163
15 37 0.00238185
15 38 0.00234366
15 39 0.00229518
15 40 0.00223419
15 41 0.00215814
15 42 0.00206415
15 43 0.00194899
15 44 0.0018091
15 45 0.00164057
15 46 0.00143917
15 47 0.00120039
15 48 0.000919485
15 49 0.000591489
15 50 0.000211294

