15 1 0.000390863
15 2 0.00112898
15 3 0.00181129
15 4 0.00244057
15 5 0.00301958
15 6 0.00355101
15 7 0.00403755
15 8 0.00448176
15 9 0.00488618
15 10 0.00525324
15 11 0.00558527
15 12 0.00588451
15 13 0.00615308
15 14 0.00639297
15 15 0.00660607
15 16 0.0067941
15 17 0.00695867
15 18 0.00710122
15 19 0.00722306
15 20 0.00732535
15 21 0.00740905
15 22 0.00747502
15 23 0.00752391
15 24 0.00755622
15 25 0.00757229
15 26 0.00757229
15 27 0.00755622
15 28 0.00752391
15 29 0.00747502
15 30 0.00740905
15 31 0.00732535
15 32 0.00722306
15 33 0.00710122
15 34 0.00695867
15 35 0.0067941
15 36 0.00660607
15 37 0.00639297
15 38 0.00615308
15 39 0.00588451
15 40 0.00558527
15 41 0.00525324
15 42 0.00488618
15 43 0.00448176
15 44 0.00403755
15 45 0.00355101
15 46 0.00301958
15 47 0.00244057
15 48 0.00181129
15 49 0.00112898
15 50 0.000390863

