15 1 0.000516081
15 2 0.00150413
15 3 0.00243484
15 4 0.00330999
15 5 0.00413134
15 6 0.00490061
15 7 0.00561952
15 8 0.00628972
15 9 0.00691283
15 10 0.00749042
15 11 0.008024
15 12 0.00851502
15 13 0.00896486
15 14 0.00937481
15 15 0.00974611
15 16 0.0100799
15 17 0.0103772
15 18 0.010639
15 19 0.0108662
15 20 0.0110594
15 21 0.0112195
15 22 0.0113468
15 23 0.011442
15 24 0.0115052
15 25 0.0115368
15 26 0.0115368
15 27 0.0115052
15 28 0.011442
15 29 0.0113468
15 30 0.0112195
15 31 0.0110594
15 32 0.0108662
15 33 0.010639
15 34 0.0103772
15 35 0.0100799
15 36 0.00974611
15 37 0.00937481
15 38 0.00896486
15 39 0.00851502
15 40 0.008024
15 41 0.00749042
15 42 0.00691283
15 43 0.00628972
15 44 0.00561952
15 45 0.00490061
15 46 0.00413134
15 47 0.00330999
15 48 0.00243484
15 49 0.00150413
15 50 0.000516081

