15 1 0.000611727
15 2 0.00179069
15 3 0.00291118
15 4 0.00397423
15 5 0.00498086
15 6 0.00593205
15 7 0.00682881
15 8 0.00767208
15 9 0.00846281
15 10 0.00920189
15 11 0.00989021
15 12 0.0105286
15 13 0.0111179
15 14 0.0116587
15 15 0.0121519
15 16 0.0125981
15 17 0.0129979
15 18 0.0133518
15 19 0.0136604
15 20 0.0139241
15 21 0.0141432
15 22 0.0143181
15 23 0.0144491
15 24 0.0145363
15 25 0.0145799
15 26 0.0145799
15 27 0.0145363
15 28 0.0144491
15 29 0.0143181
15 30 0.0141432
15 31 0.0139241
15 32 0.0136604
15 33 0.0133518
15 34 0.0129979
15 35 0.0125981
15 36 0.0121519
15 37 0.0116587
15 38 0.0111179
15 39 0.0105286
15 40 0.00989021
15 41 0.00920189
15 42 0.00846281
15 43 0.00767208
15 44 0.00682881
15 45 0.00593205
15 46 0.00498086
15 47 0.00397423
15 48 0.00291118
15 49 0.00179069
15 50 0.000611727

