15 1 0.000171252
15 2 0.000471949
15 3 0.000722172
15 4 0.000928097
15 5 0.00109563
15 6 0.00123032
15 7 0.0013373
15 8 0.00142119
15 9 0.00148615
15 10 0.00153578
15 11 0.00157318
15 12 0.00160099
15 13 0.00162138
15 14 0.00163611
15 15 0.0016466
15 16 0.00165396
15 17 0.00165905
15 18 0.00166251
15 19 0.00166483
15 20 0.00166636
15 21 0.00166735
15 22 0.00166797
15 23 0.00166835
15 24 0.00166857
15 25 0.00166867
15 26 0.00166867
15 27 0.00166857
15 28 0.00166835
15 29 0.00166797
15 30 0.00166735
15 31 0.00166636
15 32 0.00166483
15 33 0.00166251
15 34 0.00165905
15 35 0.00165396
15 36 0.0016466
15 37 0.00163611
15 38 0.00162138
15 39 0.00160099
15 40 0.00157318
15 41 0.00153578
15 42 0.00148615
15 43 0.00142119
15 44 0.0013373
15 45 0.00123032
15 46 0.00109563
15 47 0.000928097
15 48 0.000722172
15 49 0.000471949
15 50 0.000171252

