15 1 0.000528174
15 2 0.00154036
15 3 0.00249507
15 4 0.00339397
15 5 0.00423874
15 6 0.00503101
15 7 0.0057724
15 8 0.00646448
15 9 0.00710878
15 10 0.00770678
15 11 0.00825992
15 12 0.00876957
15 13 0.00923702
15 14 0.00966352
15 15 0.0100502
15 16 0.0103982
15 17 0.0107085
15 18 0.0109819
15 19 0.0112194
15 20 0.0114215
15 21 0.011589
15 22 0.0117224
15 23 0.0118221
15 24 0.0118883
15 25 0.0119214
15 26 0.0119214
15 27 0.0118883
15 28 0.0118221
15 29 0.0117224
15 30 0.011589
15 31 0.0114215
15 32 0.0112194
15 33 0.0109819
15 34 0.0107085
15 35 0.0103982
15 36 0.0100502
15 37 0.00966352
15 38 0.00923702
15 39 0.00876957
15 40 0.00825992
15 41 0.00770678
15 42 0.00710878
15 43 0.00646448
15 44 0.0057724
15 45 0.00503101
15 46 0.00423874
15 47 0.00339397
15 48 0.00249507
15 49 0.00154036
15 50 0.000528174

