15 1 0.000274822
15 2 0.000781486
15 3 0.0012342
15 4 0.00163697
15 5 0.00199372
15 6 0.00230827
15 7 0.00258434
15 8 0.00282548
15 9 0.0030351
15 10 0.00321641
15 11 0.00337244
15 12 0.00350601
15 13 0.00361974
15 14 0.00371601
15 15 0.00379701
15 16 0.00386472
15 17 0.00392088
15 18 0.00396707
15 19 0.00400463
15 20 0.00403473
15 21 0.00405835
15 22 0.00407631
15 23 0.00408923
15 24 0.00409758
15 25 0.00410168
15 26 0.00410168
15 27 0.00409758
15 28 0.00408923
15 29 0.00407631
15 30 0.00405835
15 31 0.00403473
15 32 0.00400463
15 33 0.00396707
15 34 0.00392088
15 35 0.00386472
15 36 0.00379701
15 37 0.00371601
15 38 0.00361974
15 39 0.00350601
15 40 0.00337244
15 41 0.00321641
15 42 0.0030351
15 43 0.00282548
15 44 0.00258434
15 45 0.00230827
15 46 0.00199372
15 47 0.00163697
15 48 0.0012342
15 49 0.000781486
15 50 0.000274822

