15 1 0.00064313
15 2 0.00188478
15 3 0.00306758
15 4 0.00419233
15 5 0.00525978
15 6 0.00627071
15 7 0.00722586
15 8 0.00812596
15 9 0.00897173
15 10 0.00976384
15 11 0.010503
15 12 0.0111898
15 13 0.0118248
15 14 0.0124087
15 15 0.0129419
15 16 0.013425
15 17 0.0138584
15 18 0.0142426
15 19 0.014578
15 20 0.0148647
15 21 0.0151033
15 22 0.0152938
15 23 0.0154365
15 24 0.0155316
15 25 0.0155791
15 26 0.0155791
15 27 0.0155316
15 28 0.0154365
15 29 0.0152938
15 30 0.0151033
15 31 0.0148647
15 32 0.014578
15 33 0.0142426
15 34 0.0138584
15 35 0.013425
15 36 0.0129419
15 37 0.0124087
15 38 0.0118248
15 39 0.0111898
15 40 0.010503
15 41 0.00976384
15 42 0.00897173
15 43 0.00812596
15 44 0.00722586
15 45 0.00627071
15 46 0.00525978
15 47 0.00419233
15 48 0.00306758
15 49 0.00188478
15 50 0.00064313

