15 1 0.000637519
15 2 0.00186796
15 3 0.00303963
15 4 0.00415336
15 5 0.00520994
15 6 0.0062102
15 7 0.00715491
15 8 0.00804486
15 9 0.00888079
15 10 0.00966343
15 11 0.0103935
15 12 0.0110716
15 13 0.0116985
15 14 0.0122747
15 15 0.0128007
15 16 0.0132772
15 17 0.0137047
15 18 0.0140835
15 19 0.014414
15 20 0.0146966
15 21 0.0149317
15 22 0.0151195
15 23 0.0152601
15 24 0.0153538
15 25 0.0154006
15 26 0.0154006
15 27 0.0153538
15 28 0.0152601
15 29 0.0151195
15 30 0.0149317
15 31 0.0146966
15 32 0.014414
15 33 0.0140835
15 34 0.0137047
15 35 0.0132772
15 36 0.0128007
15 37 0.0122747
15 38 0.0116985
15 39 0.0110716
15 40 0.0103935
15 41 0.00966343
15 42 0.00888079
15 43 0.00804486
15 44 0.00715491
15 45 0.0062102
15 46 0.00520994
15 47 0.00415336
15 48 0.00303963
15 49 0.00186796
15 50 0.000637519

