15 1 0.000671044
15 2 0.00196841
15 3 0.0032066
15 4 0.00438618
15 5 0.00550771
15 6 0.00657174
15 7 0.0075788
15 8 0.00852941
15 9 0.0094241
15 10 0.0102633
15 11 0.0110476
15 12 0.0117774
15 13 0.0124532
15 14 0.0130753
15 15 0.0136441
15 16 0.01416
15 17 0.0146234
15 18 0.0150344
15 19 0.0153935
15 20 0.0157009
15 21 0.0159567
15 22 0.0161611
15 23 0.0163143
15 24 0.0164163
15 25 0.0164674
15 26 0.0164674
15 27 0.0164163
15 28 0.0163143
15 29 0.0161611
15 30 0.0159567
15 31 0.0157009
15 32 0.0153935
15 33 0.0150344
15 34 0.0146234
15 35 0.01416
15 36 0.0136441
15 37 0.0130753
15 38 0.0124532
15 39 0.0117774
15 40 0.0110476
15 41 0.0102633
15 42 0.0094241
15 43 0.00852941
15 44 0.0075788
15 45 0.00657174
15 46 0.00550771
15 47 0.00438618
15 48 0.0032066
15 49 0.00196841
15 50 0.000671044

