15 1 0.000579612
15 2 0.00169447
15 3 0.00275124
15 4 0.0037512
15 5 0.00469561
15 6 0.00558572
15 7 0.00642275
15 8 0.00720791
15 9 0.00794235
15 10 0.0086272
15 11 0.00926356
15 12 0.00985246
15 13 0.0103949
15 14 0.0108918
15 15 0.0113441
15 16 0.0117525
15 17 0.0121179
15 18 0.0124409
15 19 0.0127221
15 20 0.0129621
15 21 0.0131614
15 22 0.0133203
15 23 0.0134393
15 24 0.0135184
15 25 0.0135579
15 26 0.0135579
15 27 0.0135184
15 28 0.0134393
15 29 0.0133203
15 30 0.0131614
15 31 0.0129621
15 32 0.0127221
15 33 0.0124409
15 34 0.0121179
15 35 0.0117525
15 36 0.0113441
15 37 0.0108918
15 38 0.0103949
15 39 0.00985246
15 40 0.00926356
15 41 0.0086272
15 42 0.00794235
15 43 0.00720791
15 44 0.00642275
15 45 0.00558572
15 46 0.00469561
15 47 0.0037512
15 48 0.00275124
15 49 0.00169447
15 50 0.000579612

