15 1 0.000245065
15 2 0.000692453
15 3 0.00108661
15 4 0.00143198
15 5 0.00173292
15 6 0.00199366
15 7 0.00221824
15 8 0.00241054
15 9 0.00257418
15 10 0.00271257
15 11 0.00282886
15 12 0.00292594
15 13 0.00300646
15 14 0.00307277
15 15 0.003127
15 16 0.00317102
15 17 0.00320645
15 18 0.00323473
15 19 0.00325705
15 20 0.00327442
15 21 0.0032877
15 22 0.00329754
15 23 0.00330448
15 24 0.0033089
15 25 0.00331105
15 26 0.00331105
15 27 0.0033089
15 28 0.00330448
15 29 0.00329754
15 30 0.0032877
15 31 0.00327442
15 32 0.00325705
15 33 0.00323473
15 34 0.00320645
15 35 0.00317102
15 36 0.003127
15 37 0.00307277
15 38 0.00300646
15 39 0.00292594
15 40 0.00282886
15 41 0.00271257
15 42 0.00257418
15 43 0.00241054
15 44 0.00221824
15 45 0.00199366
15 46 0.00173292
15 47 0.00143198
15 48 0.00108661
15 49 0.000692453
15 50 0.000245065

