15 1 0.000370756
15 2 0.00106875
15 3 0.0017112
15 4 0.00230106
15 5 0.00284126
15 6 0.00333468
15 7 0.00378413
15 8 0.00419237
15 9 0.00456205
15 10 0.00489575
15 11 0.00519594
15 12 0.00546496
15 13 0.00570506
15 14 0.00591832
15 15 0.00610671
15 16 0.00627205
15 17 0.00641601
15 18 0.00654011
15 19 0.00664569
15 20 0.00673395
15 21 0.00680592
15 22 0.00686246
15 23 0.00690426
15 24 0.00693183
15 25 0.00694554
15 26 0.00694554
15 27 0.00693183
15 28 0.00690426
15 29 0.00686246
15 30 0.00680592
15 31 0.00673395
15 32 0.00664569
15 33 0.00654011
15 34 0.00641601
15 35 0.00627205
15 36 0.00610671
15 37 0.00591832
15 38 0.00570506
15 39 0.00546496
15 40 0.00519594
15 41 0.00489575
15 42 0.00456205
15 43 0.00419237
15 44 0.00378413
15 45 0.00333468
15 46 0.00284126
15 47 0.00230106
15 48 0.0017112
15 49 0.00106875
15 50 0.000370756

