15 1 0.0110106
15 2 0.0325635
15 3 0.0532137
15 4 0.0729615
15 5 0.0918076
15 6 0.109752
15 7 0.126796
15 8 0.14294
15 9 0.158184
15 10 0.172529
15 11 0.185975
15 12 0.198522
15 13 0.210171
15 14 0.220923
15 15 0.230777
15 16 0.239735
15 17 0.247795
15 18 0.25496
15 19 0.261228
15 20 0.2666
15 21 0.271077
15 22 0.274658
15 23 0.277344
15 24 0.279134
15 25 0.280029
15 26 0.280029
15 27 0.279134
15 28 0.277344
15 29 0.274658
15 30 0.271077
15 31 0.2666
15 32 0.261228
15 33 0.25496
15 34 0.247795
15 35 0.239735
15 36 0.230777
15 37 0.220923
15 38 0.210171
15 39 0.198522
15 40 0.185975
15 41 0.172529
15 42 0.158184
15 43 0.14294
15 44 0.126796
15 45 0.109752
15 46 0.0918076
15 47 0.0729615
15 48 0.0532137
15 49 0.0325635
15 50 0.0110106

