1 1 0.000890406 -1.59595e-16
2 1 0.000890406 -1.59595e-16
3 1 0.000890406 -1.59595e-16
4 1 0.000890406 -1.59595e-16
5 1 0.000890406 -1.59595e-16
6 1 0.000890406 -1.59595e-16
7 1 0.000890406 -1.59595e-16
8 1 0.000890406 -1.59595e-16
9 1 0.000890406 -1.59595e-16
10 1 0.000890406 -1.59595e-16
11 1 0.000890406 -1.59595e-16
12 1 0.000890406 -1.59595e-16
13 1 0.000890406 -1.59595e-16
14 1 0.000890406 -1.59595e-16
15 1 0.000890406 -1.59595e-16
16 1 0.000890406 -1.59595e-16
17 1 0.000890406 -1.59595e-16
18 1 0.000890406 -1.59595e-16
19 1 0.000890406 -1.59595e-16
20 1 0.000890406 -1.59595e-16

1 2 0.00261373 4.12864e-16
2 2 0.00261373 4.12864e-16
3 2 0.00261373 4.12864e-16
4 2 0.00261373 4.12864e-16
5 2 0.00261373 4.12864e-16
6 2 0.00261373 4.12864e-16
7 2 0.00261373 4.12864e-16
8 2 0.00261373 4.12864e-16
9 2 0.00261373 4.12864e-16
10 2 0.00261373 4.12864e-16
11 2 0.00261373 4.12864e-16
12 2 0.00261373 4.12864e-16
13 2 0.00261373 4.12864e-16
14 2 0.00261373 4.12864e-16
15 2 0.00261373 4.12864e-16
16 2 0.00261373 4.12864e-16
17 2 0.00261373 4.12864e-16
18 2 0.00261373 4.12864e-16
19 2 0.00261373 4.12864e-16
20 2 0.00261373 4.12864e-16

1 3 0.00424962 4.85723e-17
2 3 0.00424962 4.85723e-17
3 3 0.00424962 4.85723e-17
4 3 0.00424962 4.85723e-17
5 3 0.00424962 4.85723e-17
6 3 0.00424962 4.85723e-17
7 3 0.00424962 4.85723e-17
8 3 0.00424962 4.85723e-17
9 3 0.00424962 4.85723e-17
10 3 0.00424962 4.85723e-17
11 3 0.00424962 4.85723e-17
12 3 0.00424962 4.85723e-17
13 3 0.00424962 4.85723e-17
14 3 0.00424962 4.85723e-17
15 3 0.00424962 4.85723e-17
16 3 0.00424962 4.85723e-17
17 3 0.00424962 4.85723e-17
18 3 0.00424962 4.85723e-17
19 3 0.00424962 4.85723e-17
20 3 0.00424962 4.85723e-17

1 4 0.00579977 4.61436e-16
2 4 0.00579977 4.61436e-16
3 4 0.00579977 4.61436e-16
4 4 0.00579977 4.61436e-16
5 4 0.00579977 4.61436e-16
6 4 0.00579977 4.61436e-16
7 4 0.00579977 4.61436e-16
8 4 0.00579977 4.61436e-16
9 4 0.00579977 4.61436e-16
10 4 0.00579977 4.61436e-16
11 4 0.00579977 4.61436e-16
12 4 0.00579977 4.61436e-16
13 4 0.00579977 4.61436e-16
14 4 0.00579977 4.61436e-16
15 4 0.00579977 4.61436e-16
16 4 0.00579977 4.61436e-16
17 4 0.00579977 4.61436e-16
18 4 0.00579977 4.61436e-16
19 4 0.00579977 4.61436e-16
20 4 0.00579977 4.61436e-16

1 5 0.0072659 1.07553e-16
2 5 0.0072659 1.07553e-16
3 5 0.0072659 1.07553e-16
4 5 0.0072659 1.07553e-16
5 5 0.0072659 1.07553e-16
6 5 0.0072659 1.07553e-16
7 5 0.0072659 1.07553e-16
8 5 0.0072659 1.07553e-16
9 5 0.0072659 1.07553e-16
10 5 0.0072659 1.07553e-16
11 5 0.0072659 1.07553e-16
12 5 0.0072659 1.07553e-16
13 5 0.0072659 1.07553e-16
14 5 0.0072659 1.07553e-16
15 5 0.0072659 1.07553e-16
16 5 0.0072659 1.07553e-16
17 5 0.0072659 1.07553e-16
18 5 0.0072659 1.07553e-16
19 5 0.0072659 1.07553e-16
20 5 0.0072659 1.07553e-16

1 6 0.00864967 2.84495e-16
2 6 0.00864967 2.84495e-16
3 6 0.00864967 2.84495e-16
4 6 0.00864967 2.84495e-16
5 6 0.00864967 2.84495e-16
6 6 0.00864967 2.84495e-16
7 6 0.00864967 2.84495e-16
8 6 0.00864967 2.84495e-16
9 6 0.00864967 2.84495e-16
10 6 0.00864967 2.84495e-16
11 6 0.00864967 2.84495e-16
12 6 0.00864967 2.84495e-16
13 6 0.00864967 2.84495e-16
14 6 0.00864967 2.84495e-16
15 6 0.00864967 2.84495e-16
16 6 0.00864967 2.84495e-16
17 6 0.00864967 2.84495e-16
18 6 0.00864967 2.84495e-16
19 6 0.00864967 2.84495e-16
20 6 0.00864967 2.84495e-16

1 7 0.00995274 4.16334e-16
2 7 0.00995274 4.16334e-16
3 7 0.00995274 4.16334e-16
4 7 0.00995274 4.16334e-16
5 7 0.00995274 4.16334e-16
6 7 0.00995274 4.16334e-16
7 7 0.00995274 4.16334e-16
8 7 0.00995274 4.16334e-16
9 7 0.00995274 4.16334e-16
10 7 0.00995274 4.16334e-16
11 7 0.00995274 4.16334e-16
12 7 0.00995274 4.16334e-16
13 7 0.00995274 4.16334e-16
14 7 0.00995274 4.16334e-16
15 7 0.00995274 4.16334e-16
16 7 0.00995274 4.16334e-16
17 7 0.00995274 4.16334e-16
18 7 0.00995274 4.16334e-16
19 7 0.00995274 4.16334e-16
20 7 0.00995274 4.16334e-16

1 8 0.0111767 6.38378e-16
2 8 0.0111767 6.38378e-16
3 8 0.0111767 6.38378e-16
4 8 0.0111767 6.38378e-16
5 8 0.0111767 6.38378e-16
6 8 0.0111767 6.38378e-16
7 8 0.0111767 6.38378e-16
8 8 0.0111767 6.38378e-16
9 8 0.0111767 6.38378e-16
10 8 0.0111767 6.38378e-16
11 8 0.0111767 6.38378e-16
12 8 0.0111767 6.38378e-16
13 8 0.0111767 6.38378e-16
14 8 0.0111767 6.38378e-16
15 8 0.0111767 6.38378e-16
16 8 0.0111767 6.38378e-16
17 8 0.0111767 6.38378e-16
18 8 0.0111767 6.38378e-16
19 8 0.0111767 6.38378e-16
20 8 0.0111767 6.38378e-16

1 9 0.0123232 3.29597e-16
2 9 0.0123232 3.29597e-16
3 9 0.0123232 3.29597e-16
4 9 0.0123232 3.29597e-16
5 9 0.0123232 3.29597e-16
6 9 0.0123232 3.29597e-16
7 9 0.0123232 3.29597e-16
8 9 0.0123232 3.29597e-16
9 9 0.0123232 3.29597e-16
10 9 0.0123232 3.29597e-16
11 9 0.0123232 3.29597e-16
12 9 0.0123232 3.29597e-16
13 9 0.0123232 3.29597e-16
14 9 0.0123232 3.29597e-16
15 9 0.0123232 3.29597e-16
16 9 0.0123232 3.29597e-16
17 9 0.0123232 3.29597e-16
18 9 0.0123232 3.29597e-16
19 9 0.0123232 3.29597e-16
20 9 0.0123232 3.29597e-16

1 10 0.0133936 3.7817e-16
2 10 0.0133936 3.7817e-16
3 10 0.0133936 3.7817e-16
4 10 0.0133936 3.7817e-16
5 10 0.0133936 3.7817e-16
6 10 0.0133936 3.7817e-16
7 10 0.0133936 3.7817e-16
8 10 0.0133936 3.7817e-16
9 10 0.0133936 3.7817e-16
10 10 0.0133936 3.7817e-16
11 10 0.0133936 3.7817e-16
12 10 0.0133936 3.7817e-16
13 10 0.0133936 3.7817e-16
14 10 0.0133936 3.7817e-16
15 10 0.0133936 3.7817e-16
16 10 0.0133936 3.7817e-16
17 10 0.0133936 3.7817e-16
18 10 0.0133936 3.7817e-16
19 10 0.0133936 3.7817e-16
20 10 0.0133936 3.7817e-16

1 11 0.0143894 1.42247e-16
2 11 0.0143894 1.42247e-16
3 11 0.0143894 1.42247e-16
4 11 0.0143894 1.42247e-16
5 11 0.0143894 1.42247e-16
6 11 0.0143894 1.42247e-16
7 11 0.0143894 1.42247e-16
8 11 0.0143894 1.42247e-16
9 11 0.0143894 1.42247e-16
10 11 0.0143894 1.42247e-16
11 11 0.0143894 1.42247e-16
12 11 0.0143894 1.42247e-16
13 11 0.0143894 1.42247e-16
14 11 0.0143894 1.42247e-16
15 11 0.0143894 1.42247e-16
16 11 0.0143894 1.42247e-16
17 11 0.0143894 1.42247e-16
18 11 0.0143894 1.42247e-16
19 11 0.0143894 1.42247e-16
20 11 0.0143894 1.42247e-16

1 12 0.0153121 2.35922e-16
2 12 0.0153121 2.35922e-16
3 12 0.0153121 2.35922e-16
4 12 0.0153121 2.35922e-16
5 12 0.0153121 2.35922e-16
6 12 0.0153121 2.35922e-16
7 12 0.0153121 2.35922e-16
8 12 0.0153121 2.35922e-16
9 12 0.0153121 2.35922e-16
10 12 0.0153121 2.35922e-16
11 12 0.0153121 2.35922e-16
12 12 0.0153121 2.35922e-16
13 12 0.0153121 2.35922e-16
14 12 0.0153121 2.35922e-16
15 12 0.0153121 2.35922e-16
16 12 0.0153121 2.35922e-16
17 12 0.0153121 2.35922e-16
18 12 0.0153121 2.35922e-16
19 12 0.0153121 2.35922e-16
20 12 0.0153121 2.35922e-16

1 13 0.016163 2.87964e-16
2 13 0.016163 2.87964e-16
3 13 0.016163 2.87964e-16
4 13 0.016163 2.87964e-16
5 13 0.016163 2.87964e-16
6 13 0.016163 2.87964e-16
7 13 0.016163 2.87964e-16
8 13 0.016163 2.87964e-16
9 13 0.016163 2.87964e-16
10 13 0.016163 2.87964e-16
11 13 0.016163 2.87964e-16
12 13 0.016163 2.87964e-16
13 13 0.016163 2.87964e-16
14 13 0.016163 2.87964e-16
15 13 0.016163 2.87964e-16
16 13 0.016163 2.87964e-16
17 13 0.016163 2.87964e-16
18 13 0.016163 2.87964e-16
19 13 0.016163 2.87964e-16
20 13 0.016163 2.87964e-16

1 14 0.0169434 3.71231e-16
2 14 0.0169434 3.71231e-16
3 14 0.0169434 3.71231e-16
4 14 0.0169434 3.71231e-16
5 14 0.0169434 3.71231e-16
6 14 0.0169434 3.71231e-16
7 14 0.0169434 3.71231e-16
8 14 0.0169434 3.71231e-16
9 14 0.0169434 3.71231e-16
10 14 0.0169434 3.71231e-16
11 14 0.0169434 3.71231e-16
12 14 0.0169434 3.71231e-16
13 14 0.0169434 3.71231e-16
14 14 0.0169434 3.71231e-16
15 14 0.0169434 3.71231e-16
16 14 0.0169434 3.71231e-16
17 14 0.0169434 3.71231e-16
18 14 0.0169434 3.71231e-16
19 14 0.0169434 3.71231e-16
20 14 0.0169434 3.71231e-16

1 15 0.0176543 2.77556e-16
2 15 0.0176543 2.77556e-16
3 15 0.0176543 2.77556e-16
4 15 0.0176543 2.77556e-16
5 15 0.0176543 2.77556e-16
6 15 0.0176543 2.77556e-16
7 15 0.0176543 2.77556e-16
8 15 0.0176543 2.77556e-16
9 15 0.0176543 2.77556e-16
10 15 0.0176543 2.77556e-16
11 15 0.0176543 2.77556e-16
12 15 0.0176543 2.77556e-16
13 15 0.0176543 2.77556e-16
14 15 0.0176543 2.77556e-16
15 15 0.0176543 2.77556e-16
16 15 0.0176543 2.77556e-16
17 15 0.0176543 2.77556e-16
18 15 0.0176543 2.77556e-16
19 15 0.0176543 2.77556e-16
20 15 0.0176543 2.77556e-16

1 16 0.018297 2.18575e-16
2 16 0.018297 2.18575e-16
3 16 0.018297 2.18575e-16
4 16 0.018297 2.18575e-16
5 16 0.018297 2.18575e-16
6 16 0.018297 2.18575e-16
7 16 0.018297 2.18575e-16
8 16 0.018297 2.18575e-16
9 16 0.018297 2.18575e-16
10 16 0.018297 2.18575e-16
11 16 0.018297 2.18575e-16
12 16 0.018297 2.18575e-16
13 16 0.018297 2.18575e-16
14 16 0.018297 2.18575e-16
15 16 0.018297 2.18575e-16
16 16 0.018297 2.18575e-16
17 16 0.018297 2.18575e-16
18 16 0.018297 2.18575e-16
19 16 0.018297 2.18575e-16
20 16 0.018297 2.18575e-16

1 17 0.0188724 1.14492e-16
2 17 0.0188724 1.14492e-16
3 17 0.0188724 1.14492e-16
4 17 0.0188724 1.14492e-16
5 17 0.0188724 1.14492e-16
6 17 0.0188724 1.14492e-16
7 17 0.0188724 1.14492e-16
8 17 0.0188724 1.14492e-16
9 17 0.0188724 1.14492e-16
10 17 0.0188724 1.14492e-16
11 17 0.0188724 1.14492e-16
12 17 0.0188724 1.14492e-16
13 17 0.0188724 1.14492e-16
14 17 0.0188724 1.14492e-16
15 17 0.0188724 1.14492e-16
16 17 0.0188724 1.14492e-16
17 17 0.0188724 1.14492e-16
18 17 0.0188724 1.14492e-16
19 17 0.0188724 1.14492e-16
20 17 0.0188724 1.14492e-16

1 18 0.0193815 -1.35308e-16
2 18 0.0193815 -1.35308e-16
3 18 0.0193815 -1.35308e-16
4 18 0.0193815 -1.35308e-16
5 18 0.0193815 -1.35308e-16
6 18 0.0193815 -1.35308e-16
7 18 0.0193815 -1.35308e-16
8 18 0.0193815 -1.35308e-16
9 18 0.0193815 -1.35308e-16
10 18 0.0193815 -1.35308e-16
11 18 0.0193815 -1.35308e-16
12 18 0.0193815 -1.35308e-16
13 18 0.0193815 -1.35308e-16
14 18 0.0193815 -1.35308e-16
15 18 0.0193815 -1.35308e-16
16 18 0.0193815 -1.35308e-16
17 18 0.0193815 -1.35308e-16
18 18 0.0193815 -1.35308e-16
19 18 0.0193815 -1.35308e-16
20 18 0.0193815 -1.35308e-16

1 19 0.0198251 -7.97973e-17
2 19 0.0198251 -7.97973e-17
3 19 0.0198251 -7.97973e-17
4 19 0.0198251 -7.97973e-17
5 19 0.0198251 -7.97973e-17
6 19 0.0198251 -7.97973e-17
7 19 0.0198251 -7.97973e-17
8 19 0.0198251 -7.97973e-17
9 19 0.0198251 -7.97973e-17
10 19 0.0198251 -7.97973e-17
11 19 0.0198251 -7.97973e-17
12 19 0.0198251 -7.97973e-17
13 19 0.0198251 -7.97973e-17
14 19 0.0198251 -7.97973e-17
15 19 0.0198251 -7.97973e-17
16 19 0.0198251 -7.97973e-17
17 19 0.0198251 -7.97973e-17
18 19 0.0198251 -7.97973e-17
19 19 0.0198251 -7.97973e-17
20 19 0.0198251 -7.97973e-17

1 20 0.0202039 -3.46945e-18
2 20 0.0202039 -3.46945e-18
3 20 0.0202039 -3.46945e-18
4 20 0.0202039 -3.46945e-18
5 20 0.0202039 -3.46945e-18
6 20 0.0202039 -3.46945e-18
7 20 0.0202039 -3.46945e-18
8 20 0.0202039 -3.46945e-18
9 20 0.0202039 -3.46945e-18
10 20 0.0202039 -3.46945e-18
11 20 0.0202039 -3.46945e-18
12 20 0.0202039 -3.46945e-18
13 20 0.0202039 -3.46945e-18
14 20 0.0202039 -3.46945e-18
15 20 0.0202039 -3.46945e-18
16 20 0.0202039 -3.46945e-18
17 20 0.0202039 -3.46945e-18
18 20 0.0202039 -3.46945e-18
19 20 0.0202039 -3.46945e-18
20 20 0.0202039 -3.46945e-18

1 21 0.0205186 1.21431e-16
2 21 0.0205186 1.21431e-16
3 21 0.0205186 1.21431e-16
4 21 0.0205186 1.21431e-16
5 21 0.0205186 1.21431e-16
6 21 0.0205186 1.21431e-16
7 21 0.0205186 1.21431e-16
8 21 0.0205186 1.21431e-16
9 21 0.0205186 1.21431e-16
10 21 0.0205186 1.21431e-16
11 21 0.0205186 1.21431e-16
12 21 0.0205186 1.21431e-16
13 21 0.0205186 1.21431e-16
14 21 0.0205186 1.21431e-16
15 21 0.0205186 1.21431e-16
16 21 0.0205186 1.21431e-16
17 21 0.0205186 1.21431e-16
18 21 0.0205186 1.21431e-16
19 21 0.0205186 1.21431e-16
20 21 0.0205186 1.21431e-16

1 22 0.0207697 -1.73472e-17
2 22 0.0207697 -1.73472e-17
3 22 0.0207697 -1.73472e-17
4 22 0.0207697 -1.73472e-17
5 22 0.0207697 -1.73472e-17
6 22 0.0207697 -1.73472e-17
7 22 0.0207697 -1.73472e-17
8 22 0.0207697 -1.73472e-17
9 22 0.0207697 -1.73472e-17
10 22 0.0207697 -1.73472e-17
11 22 0.0207697 -1.73472e-17
12 22 0.0207697 -1.73472e-17
13 22 0.0207697 -1.73472e-17
14 22 0.0207697 -1.73472e-17
15 22 0.0207697 -1.73472e-17
16 22 0.0207697 -1.73472e-17
17 22 0.0207697 -1.73472e-17
18 22 0.0207697 -1.73472e-17
19 22 0.0207697 -1.73472e-17
20 22 0.0207697 -1.73472e-17

1 23 0.0209577 2.08167e-16
2 23 0.0209577 2.08167e-16
3 23 0.0209577 2.08167e-16
4 23 0.0209577 2.08167e-16
5 23 0.0209577 2.08167e-16
6 23 0.0209577 2.08167e-16
7 23 0.0209577 2.08167e-16
8 23 0.0209577 2.08167e-16
9 23 0.0209577 2.08167e-16
10 23 0.0209577 2.08167e-16
11 23 0.0209577 2.08167e-16
12 23 0.0209577 2.08167e-16
13 23 0.0209577 2.08167e-16
14 23 0.0209577 2.08167e-16
15 23 0.0209577 2.08167e-16
16 23 0.0209577 2.08167e-16
17 23 0.0209577 2.08167e-16
18 23 0.0209577 2.08167e-16
19 23 0.0209577 2.08167e-16
20 23 0.0209577 2.08167e-16

1 24 0.0210828 -3.46945e-18
2 24 0.0210828 -3.46945e-18
3 24 0.0210828 -3.46945e-18
4 24 0.0210828 -3.46945e-18
5 24 0.0210828 -3.46945e-18
6 24 0.0210828 -3.46945e-18
7 24 0.0210828 -3.46945e-18
8 24 0.0210828 -3.46945e-18
9 24 0.0210828 -3.46945e-18
10 24 0.0210828 -3.46945e-18
11 24 0.0210828 -3.46945e-18
12 24 0.0210828 -3.46945e-18
13 24 0.0210828 -3.46945e-18
14 24 0.0210828 -3.46945e-18
15 24 0.0210828 -3.46945e-18
16 24 0.0210828 -3.46945e-18
17 24 0.0210828 -3.46945e-18
18 24 0.0210828 -3.46945e-18
19 24 0.0210828 -3.46945e-18
20 24 0.0210828 -3.46945e-18

1 25 0.0211453 1.31839e-16
2 25 0.0211453 1.31839e-16
3 25 0.0211453 1.31839e-16
4 25 0.0211453 1.31839e-16
5 25 0.0211453 1.31839e-16
6 25 0.0211453 1.31839e-16
7 25 0.0211453 1.31839e-16
8 25 0.0211453 1.31839e-16
9 25 0.0211453 1.31839e-16
10 25 0.0211453 1.31839e-16
11 25 0.0211453 1.31839e-16
12 25 0.0211453 1.31839e-16
13 25 0.0211453 1.31839e-16
14 25 0.0211453 1.31839e-16
15 25 0.0211453 1.31839e-16
16 25 0.0211453 1.31839e-16
17 25 0.0211453 1.31839e-16
18 25 0.0211453 1.31839e-16
19 25 0.0211453 1.31839e-16
20 25 0.0211453 1.31839e-16

1 26 0.0211453 2.25514e-16
2 26 0.0211453 2.25514e-16
3 26 0.0211453 2.25514e-16
4 26 0.0211453 2.25514e-16
5 26 0.0211453 2.25514e-16
6 26 0.0211453 2.25514e-16
7 26 0.0211453 2.25514e-16
8 26 0.0211453 2.25514e-16
9 26 0.0211453 2.25514e-16
10 26 0.0211453 2.25514e-16
11 26 0.0211453 2.25514e-16
12 26 0.0211453 2.25514e-16
13 26 0.0211453 2.25514e-16
14 26 0.0211453 2.25514e-16
15 26 0.0211453 2.25514e-16
16 26 0.0211453 2.25514e-16
17 26 0.0211453 2.25514e-16
18 26 0.0211453 2.25514e-16
19 26 0.0211453 2.25514e-16
20 26 0.0211453 2.25514e-16

1 27 0.0210828 3.1225e-16
2 27 0.0210828 3.1225e-16
3 27 0.0210828 3.1225e-16
4 27 0.0210828 3.1225e-16
5 27 0.0210828 3.1225e-16
6 27 0.0210828 3.1225e-16
7 27 0.0210828 3.1225e-16
8 27 0.0210828 3.1225e-16
9 27 0.0210828 3.1225e-16
10 27 0.0210828 3.1225e-16
11 27 0.0210828 3.1225e-16
12 27 0.0210828 3.1225e-16
13 27 0.0210828 3.1225e-16
14 27 0.0210828 3.1225e-16
15 27 0.0210828 3.1225e-16
16 27 0.0210828 3.1225e-16
17 27 0.0210828 3.1225e-16
18 27 0.0210828 3.1225e-16
19 27 0.0210828 3.1225e-16
20 27 0.0210828 3.1225e-16

1 28 0.0209577 2.28983e-16
2 28 0.0209577 2.28983e-16
3 28 0.0209577 2.28983e-16
4 28 0.0209577 2.28983e-16
5 28 0.0209577 2.28983e-16
6 28 0.0209577 2.28983e-16
7 28 0.0209577 2.28983e-16
8 28 0.0209577 2.28983e-16
9 28 0.0209577 2.28983e-16
10 28 0.0209577 2.28983e-16
11 28 0.0209577 2.28983e-16
12 28 0.0209577 2.28983e-16
13 28 0.0209577 2.28983e-16
14 28 0.0209577 2.28983e-16
15 28 0.0209577 2.28983e-16
16 28 0.0209577 2.28983e-16
17 28 0.0209577 2.28983e-16
18 28 0.0209577 2.28983e-16
19 28 0.0209577 2.28983e-16
20 28 0.0209577 2.28983e-16

1 29 0.0207697 2.11636e-16
2 29 0.0207697 2.11636e-16
3 29 0.0207697 2.11636e-16
4 29 0.0207697 2.11636e-16
5 29 0.0207697 2.11636e-16
6 29 0.0207697 2.11636e-16
7 29 0.0207697 2.11636e-16
8 29 0.0207697 2.11636e-16
9 29 0.0207697 2.11636e-16
10 29 0.0207697 2.11636e-16
11 29 0.0207697 2.11636e-16
12 29 0.0207697 2.11636e-16
13 29 0.0207697 2.11636e-16
14 29 0.0207697 2.11636e-16
15 29 0.0207697 2.11636e-16
16 29 0.0207697 2.11636e-16
17 29 0.0207697 2.11636e-16
18 29 0.0207697 2.11636e-16
19 29 0.0207697 2.11636e-16
20 29 0.0207697 2.11636e-16

1 30 0.0205186 1.21431e-16
2 30 0.0205186 1.21431e-16
3 30 0.0205186 1.21431e-16
4 30 0.0205186 1.21431e-16
5 30 0.0205186 1.21431e-16
6 30 0.0205186 1.21431e-16
7 30 0.0205186 1.21431e-16
8 30 0.0205186 1.21431e-16
9 30 0.0205186 1.21431e-16
10 30 0.0205186 1.21431e-16
11 30 0.0205186 1.21431e-16
12 30 0.0205186 1.21431e-16
13 30 0.0205186 1.21431e-16
14 30 0.0205186 1.21431e-16
15 30 0.0205186 1.21431e-16
16 30 0.0205186 1.21431e-16
17 30 0.0205186 1.21431e-16
18 30 0.0205186 1.21431e-16
19 30 0.0205186 1.21431e-16
20 30 0.0205186 1.21431e-16

1 31 0.0202039 1.52656e-16
2 31 0.0202039 1.52656e-16
3 31 0.0202039 1.52656e-16
4 31 0.0202039 1.52656e-16
5 31 0.0202039 1.52656e-16
6 31 0.0202039 1.52656e-16
7 31 0.0202039 1.52656e-16
8 31 0.0202039 1.52656e-16
9 31 0.0202039 1.52656e-16
10 31 0.0202039 1.52656e-16
11 31 0.0202039 1.52656e-16
12 31 0.0202039 1.52656e-16
13 31 0.0202039 1.52656e-16
14 31 0.0202039 1.52656e-16
15 31 0.0202039 1.52656e-16
16 31 0.0202039 1.52656e-16
17 31 0.0202039 1.52656e-16
18 31 0.0202039 1.52656e-16
19 31 0.0202039 1.52656e-16
20 31 0.0202039 1.52656e-16

1 32 0.0198251 -4.51028e-17
2 32 0.0198251 -4.51028e-17
3 32 0.0198251 -4.51028e-17
4 32 0.0198251 -4.51028e-17
5 32 0.0198251 -4.51028e-17
6 32 0.0198251 -4.51028e-17
7 32 0.0198251 -4.51028e-17
8 32 0.0198251 -4.51028e-17
9 32 0.0198251 -4.51028e-17
10 32 0.0198251 -4.51028e-17
11 32 0.0198251 -4.51028e-17
12 32 0.0198251 -4.51028e-17
13 32 0.0198251 -4.51028e-17
14 32 0.0198251 -4.51028e-17
15 32 0.0198251 -4.51028e-17
16 32 0.0198251 -4.51028e-17
17 32 0.0198251 -4.51028e-17
18 32 0.0198251 -4.51028e-17
19 32 0.0198251 -4.51028e-17
20 32 0.0198251 -4.51028e-17

1 33 0.0193815 -2.98372e-16
2 33 0.0193815 -2.98372e-16
3 33 0.0193815 -2.98372e-16
4 33 0.0193815 -2.98372e-16
5 33 0.0193815 -2.98372e-16
6 33 0.0193815 -2.98372e-16
7 33 0.0193815 -2.98372e-16
8 33 0.0193815 -2.98372e-16
9 33 0.0193815 -2.98372e-16
10 33 0.0193815 -2.98372e-16
11 33 0.0193815 -2.98372e-16
12 33 0.0193815 -2.98372e-16
13 33 0.0193815 -2.98372e-16
14 33 0.0193815 -2.98372e-16
15 33 0.0193815 -2.98372e-16
16 33 0.0193815 -2.98372e-16
17 33 0.0193815 -2.98372e-16
18 33 0.0193815 -2.98372e-16
19 33 0.0193815 -2.98372e-16
20 33 0.0193815 -2.98372e-16

1 34 0.0188724 -2.32453e-16
2 34 0.0188724 -2.32453e-16
3 34 0.0188724 -2.32453e-16
4 34 0.0188724 -2.32453e-16
5 34 0.0188724 -2.32453e-16
6 34 0.0188724 -2.32453e-16
7 34 0.0188724 -2.32453e-16
8 34 0.0188724 -2.32453e-16
9 34 0.0188724 -2.32453e-16
10 34 0.0188724 -2.32453e-16
11 34 0.0188724 -2.32453e-16
12 34 0.0188724 -2.32453e-16
13 34 0.0188724 -2.32453e-16
14 34 0.0188724 -2.32453e-16
15 34 0.0188724 -2.32453e-16
16 34 0.0188724 -2.32453e-16
17 34 0.0188724 -2.32453e-16
18 34 0.0188724 -2.32453e-16
19 34 0.0188724 -2.32453e-16
20 34 0.0188724 -2.32453e-16

1 35 0.018297 -1.21431e-16
2 35 0.018297 -1.21431e-16
3 35 0.018297 -1.21431e-16
4 35 0.018297 -1.21431e-16
5 35 0.018297 -1.21431e-16
6 35 0.018297 -1.21431e-16
7 35 0.018297 -1.21431e-16
8 35 0.018297 -1.21431e-16
9 35 0.018297 -1.21431e-16
10 35 0.018297 -1.21431e-16
11 35 0.018297 -1.21431e-16
12 35 0.018297 -1.21431e-16
13 35 0.018297 -1.21431e-16
14 35 0.018297 -1.21431e-16
15 35 0.018297 -1.21431e-16
16 35 0.018297 -1.21431e-16
17 35 0.018297 -1.21431e-16
18 35 0.018297 -1.21431e-16
19 35 0.018297 -1.21431e-16
20 35 0.018297 -1.21431e-16

1 36 0.0176543 -3.1572e-16
2 36 0.0176543 -3.1572e-16
3 36 0.0176543 -3.1572e-16
4 36 0.0176543 -3.1572e-16
5 36 0.0176543 -3.1572e-16
6 36 0.0176543 -3.1572e-16
7 36 0.0176543 -3.1572e-16
8 36 0.0176543 -3.1572e-16
9 36 0.0176543 -3.1572e-16
10 36 0.0176543 -3.1572e-16
11 36 0.0176543 -3.1572e-16
12 36 0.0176543 -3.1572e-16
13 36 0.0176543 -3.1572e-16
14 36 0.0176543 -3.1572e-16
15 36 0.0176543 -3.1572e-16
16 36 0.0176543 -3.1572e-16
17 36 0.0176543 -3.1572e-16
18 36 0.0176543 -3.1572e-16
19 36 0.0176543 -3.1572e-16
20 36 0.0176543 -3.1572e-16

1 37 0.0169434 -1.56125e-16
2 37 0.0169434 -1.56125e-16
3 37 0.0169434 -1.56125e-16
4 37 0.0169434 -1.56125e-16
5 37 0.0169434 -1.56125e-16
6 37 0.0169434 -1.56125e-16
7 37 0.0169434 -1.56125e-16
8 37 0.0169434 -1.56125e-16
9 37 0.0169434 -1.56125e-16
10 37 0.0169434 -1.56125e-16
11 37 0.0169434 -1.56125e-16
12 37 0.0169434 -1.56125e-16
13 37 0.0169434 -1.56125e-16
14 37 0.0169434 -1.56125e-16
15 37 0.0169434 -1.56125e-16
16 37 0.0169434 -1.56125e-16
17 37 0.0169434 -1.56125e-16
18 37 0.0169434 -1.56125e-16
19 37 0.0169434 -1.56125e-16
20 37 0.0169434 -1.56125e-16

1 38 0.016163 -4.51028e-17
2 38 0.016163 -4.51028e-17
3 38 0.016163 -4.51028e-17
4 38 0.016163 -4.51028e-17
5 38 0.016163 -4.51028e-17
6 38 0.016163 -4.51028e-17
7 38 0.016163 -4.51028e-17
8 38 0.016163 -4.51028e-17
9 38 0.016163 -4.51028e-17
10 38 0.016163 -4.51028e-17
11 38 0.016163 -4.51028e-17
12 38 0.016163 -4.51028e-17
13 38 0.016163 -4.51028e-17
14 38 0.016163 -4.51028e-17
15 38 0.016163 -4.51028e-17
16 38 0.016163 -4.51028e-17
17 38 0.016163 -4.51028e-17
18 38 0.016163 -4.51028e-17
19 38 0.016163 -4.51028e-17
20 38 0.016163 -4.51028e-17

1 39 0.0153121 4.05925e-16
2 39 0.0153121 4.05925e-16
3 39 0.0153121 4.05925e-16
4 39 0.0153121 4.05925e-16
5 39 0.0153121 4.05925e-16
6 39 0.0153121 4.05925e-16
7 39 0.0153121 4.05925e-16
8 39 0.0153121 4.05925e-16
9 39 0.0153121 4.05925e-16
10 39 0.0153121 4.05925e-16
11 39 0.0153121 4.05925e-16
12 39 0.0153121 4.05925e-16
13 39 0.0153121 4.05925e-16
14 39 0.0153121 4.05925e-16
15 39 0.0153121 4.05925e-16
16 39 0.0153121 4.05925e-16
17 39 0.0153121 4.05925e-16
18 39 0.0153121 4.05925e-16
19 39 0.0153121 4.05925e-16
20 39 0.0153121 4.05925e-16

1 40 0.0143894 2.28983e-16
2 40 0.0143894 2.28983e-16
3 40 0.0143894 2.28983e-16
4 40 0.0143894 2.28983e-16
5 40 0.0143894 2.28983e-16
6 40 0.0143894 2.28983e-16
7 40 0.0143894 2.28983e-16
8 40 0.0143894 2.28983e-16
9 40 0.0143894 2.28983e-16
10 40 0.0143894 2.28983e-16
11 40 0.0143894 2.28983e-16
12 40 0.0143894 2.28983e-16
13 40 0.0143894 2.28983e-16
14 40 0.0143894 2.28983e-16
15 40 0.0143894 2.28983e-16
16 40 0.0143894 2.28983e-16
17 40 0.0143894 2.28983e-16
18 40 0.0143894 2.28983e-16
19 40 0.0143894 2.28983e-16
20 40 0.0143894 2.28983e-16

1 41 0.0133936 5.23886e-16
2 41 0.0133936 5.23886e-16
3 41 0.0133936 5.23886e-16
4 41 0.0133936 5.23886e-16
5 41 0.0133936 5.23886e-16
6 41 0.0133936 5.23886e-16
7 41 0.0133936 5.23886e-16
8 41 0.0133936 5.23886e-16
9 41 0.0133936 5.23886e-16
10 41 0.0133936 5.23886e-16
11 41 0.0133936 5.23886e-16
12 41 0.0133936 5.23886e-16
13 41 0.0133936 5.23886e-16
14 41 0.0133936 5.23886e-16
15 41 0.0133936 5.23886e-16
16 41 0.0133936 5.23886e-16
17 41 0.0133936 5.23886e-16
18 41 0.0133936 5.23886e-16
19 41 0.0133936 5.23886e-16
20 41 0.0133936 5.23886e-16

1 42 0.0123232 1.73472e-16
2 42 0.0123232 1.73472e-16
3 42 0.0123232 1.73472e-16
4 42 0.0123232 1.73472e-16
5 42 0.0123232 1.73472e-16
6 42 0.0123232 1.73472e-16
7 42 0.0123232 1.73472e-16
8 42 0.0123232 1.73472e-16
9 42 0.0123232 1.73472e-16
10 42 0.0123232 1.73472e-16
11 42 0.0123232 1.73472e-16
12 42 0.0123232 1.73472e-16
13 42 0.0123232 1.73472e-16
14 42 0.0123232 1.73472e-16
15 42 0.0123232 1.73472e-16
16 42 0.0123232 1.73472e-16
17 42 0.0123232 1.73472e-16
18 42 0.0123232 1.73472e-16
19 42 0.0123232 1.73472e-16
20 42 0.0123232 1.73472e-16

1 43 0.0111767 4.51028e-16
2 43 0.0111767 4.51028e-16
3 43 0.0111767 4.51028e-16
4 43 0.0111767 4.51028e-16
5 43 0.0111767 4.51028e-16
6 43 0.0111767 4.51028e-16
7 43 0.0111767 4.51028e-16
8 43 0.0111767 4.51028e-16
9 43 0.0111767 4.51028e-16
10 43 0.0111767 4.51028e-16
11 43 0.0111767 4.51028e-16
12 43 0.0111767 4.51028e-16
13 43 0.0111767 4.51028e-16
14 43 0.0111767 4.51028e-16
15 43 0.0111767 4.51028e-16
16 43 0.0111767 4.51028e-16
17 43 0.0111767 4.51028e-16
18 43 0.0111767 4.51028e-16
19 43 0.0111767 4.51028e-16
20 43 0.0111767 4.51028e-16

1 44 0.00995274 3.98986e-16
2 44 0.00995274 3.98986e-16
3 44 0.00995274 3.98986e-16
4 44 0.00995274 3.98986e-16
5 44 0.00995274 3.98986e-16
6 44 0.00995274 3.98986e-16
7 44 0.00995274 3.98986e-16
8 44 0.00995274 3.98986e-16
9 44 0.00995274 3.98986e-16
10 44 0.00995274 3.98986e-16
11 44 0.00995274 3.98986e-16
12 44 0.00995274 3.98986e-16
13 44 0.00995274 3.98986e-16
14 44 0.00995274 3.98986e-16
15 44 0.00995274 3.98986e-16
16 44 0.00995274 3.98986e-16
17 44 0.00995274 3.98986e-16
18 44 0.00995274 3.98986e-16
19 44 0.00995274 3.98986e-16
20 44 0.00995274 3.98986e-16

1 45 0.00864967 6.62664e-16
2 45 0.00864967 6.62664e-16
3 45 0.00864967 6.62664e-16
4 45 0.00864967 6.62664e-16
5 45 0.00864967 6.62664e-16
6 45 0.00864967 6.62664e-16
7 45 0.00864967 6.62664e-16
8 45 0.00864967 6.62664e-16
9 45 0.00864967 6.62664e-16
10 45 0.00864967 6.62664e-16
11 45 0.00864967 6.62664e-16
12 45 0.00864967 6.62664e-16
13 45 0.00864967 6.62664e-16
14 45 0.00864967 6.62664e-16
15 45 0.00864967 6.62664e-16
16 45 0.00864967 6.62664e-16
17 45 0.00864967 6.62664e-16
18 45 0.00864967 6.62664e-16
19 45 0.00864967 6.62664e-16
20 45 0.00864967 6.62664e-16

1 46 0.0072659 2.35922e-16
2 46 0.0072659 2.35922e-16
3 46 0.0072659 2.35922e-16
4 46 0.0072659 2.35922e-16
5 46 0.0072659 2.35922e-16
6 46 0.0072659 2.35922e-16
7 46 0.0072659 2.35922e-16
8 46 0.0072659 2.35922e-16
9 46 0.0072659 2.35922e-16
10 46 0.0072659 2.35922e-16
11 46 0.0072659 2.35922e-16
12 46 0.0072659 2.35922e-16
13 46 0.0072659 2.35922e-16
14 46 0.0072659 2.35922e-16
15 46 0.0072659 2.35922e-16
16 46 0.0072659 2.35922e-16
17 46 0.0072659 2.35922e-16
18 46 0.0072659 2.35922e-16
19 46 0.0072659 2.35922e-16
20 46 0.0072659 2.35922e-16

1 47 0.00579977 8.04912e-16
2 47 0.00579977 8.04912e-16
3 47 0.00579977 8.04912e-16
4 47 0.00579977 8.04912e-16
5 47 0.00579977 8.04912e-16
6 47 0.00579977 8.04912e-16
7 47 0.00579977 8.04912e-16
8 47 0.00579977 8.04912e-16
9 47 0.00579977 8.04912e-16
10 47 0.00579977 8.04912e-16
11 47 0.00579977 8.04912e-16
12 47 0.00579977 8.04912e-16
13 47 0.00579977 8.04912e-16
14 47 0.00579977 8.04912e-16
15 47 0.00579977 8.04912e-16
16 47 0.00579977 8.04912e-16
17 47 0.00579977 8.04912e-16
18 47 0.00579977 8.04912e-16
19 47 0.00579977 8.04912e-16
20 47 0.00579977 8.04912e-16

1 48 0.00424962 1.76942e-16
2 48 0.00424962 1.76942e-16
3 48 0.00424962 1.76942e-16
4 48 0.00424962 1.76942e-16
5 48 0.00424962 1.76942e-16
6 48 0.00424962 1.76942e-16
7 48 0.00424962 1.76942e-16
8 48 0.00424962 1.76942e-16
9 48 0.00424962 1.76942e-16
10 48 0.00424962 1.76942e-16
11 48 0.00424962 1.76942e-16
12 48 0.00424962 1.76942e-16
13 48 0.00424962 1.76942e-16
14 48 0.00424962 1.76942e-16
15 48 0.00424962 1.76942e-16
16 48 0.00424962 1.76942e-16
17 48 0.00424962 1.76942e-16
18 48 0.00424962 1.76942e-16
19 48 0.00424962 1.76942e-16
20 48 0.00424962 1.76942e-16

1 49 0.00261373 5.82867e-16
2 49 0.00261373 5.82867e-16
3 49 0.00261373 5.82867e-16
4 49 0.00261373 5.82867e-16
5 49 0.00261373 5.82867e-16
6 49 0.00261373 5.82867e-16
7 49 0.00261373 5.82867e-16
8 49 0.00261373 5.82867e-16
9 49 0.00261373 5.82867e-16
10 49 0.00261373 5.82867e-16
11 49 0.00261373 5.82867e-16
12 49 0.00261373 5.82867e-16
13 49 0.00261373 5.82867e-16
14 49 0.00261373 5.82867e-16
15 49 0.00261373 5.82867e-16
16 49 0.00261373 5.82867e-16
17 49 0.00261373 5.82867e-16
18 49 0.00261373 5.82867e-16
19 49 0.00261373 5.82867e-16
20 49 0.00261373 5.82867e-16

1 50 0.000890406 -1.94289e-16
2 50 0.000890406 -1.94289e-16
3 50 0.000890406 -1.94289e-16
4 50 0.000890406 -1.94289e-16
5 50 0.000890406 -1.94289e-16
6 50 0.000890406 -1.94289e-16
7 50 0.000890406 -1.94289e-16
8 50 0.000890406 -1.94289e-16
9 50 0.000890406 -1.94289e-16
10 50 0.000890406 -1.94289e-16
11 50 0.000890406 -1.94289e-16
12 50 0.000890406 -1.94289e-16
13 50 0.000890406 -1.94289e-16
14 50 0.000890406 -1.94289e-16
15 50 0.000890406 -1.94289e-16
16 50 0.000890406 -1.94289e-16
17 50 0.000890406 -1.94289e-16
18 50 0.000890406 -1.94289e-16
19 50 0.000890406 -1.94289e-16
20 50 0.000890406 -1.94289e-16

