15 1 0.00048523
15 2 0.0013999
15 3 0.00223222
15 4 0.00298725
15 5 0.00367001
15 6 0.00428539
15 7 0.00483821
15 8 0.00533312
15 9 0.00577459
15 10 0.00616696
15 11 0.00651432
15 12 0.00682058
15 13 0.0070894
15 14 0.00732422
15 15 0.00752822
15 16 0.00770433
15 17 0.00785521
15 18 0.00798327
15 19 0.00809066
15 20 0.00817923
15 21 0.0082506
15 22 0.0083061
15 23 0.00834679
15 24 0.00837347
15 25 0.00838668
15 26 0.00838668
15 27 0.00837347
15 28 0.00834679
15 29 0.0083061
15 30 0.0082506
15 31 0.00817923
15 32 0.00809066
15 33 0.00798327
15 34 0.00785521
15 35 0.00770433
15 36 0.00752822
15 37 0.00732422
15 38 0.0070894
15 39 0.00682058
15 40 0.00651432
15 41 0.00616696
15 42 0.00577459
15 43 0.00533312
15 44 0.00483821
15 45 0.00428539
15 46 0.00367001
15 47 0.00298725
15 48 0.00223222
15 49 0.0013999
15 50 0.00048523

