15 1 0.00103226
15 2 0.00303873
15 3 0.00495609
15 4 0.00678492
15 5 0.00852585
15 6 0.0101794
15 7 0.0117463
15 8 0.013227
15 9 0.014622
15 10 0.015932
15 11 0.0171574
15 12 0.0182987
15 13 0.0193564
15 14 0.0203309
15 15 0.0212227
15 16 0.0220321
15 17 0.0227596
15 18 0.0234053
15 19 0.0239697
15 20 0.024453
15 21 0.0248554
15 22 0.025177
15 23 0.0254182
15 24 0.0255788
15 25 0.0256592
15 26 0.0256592
15 27 0.0255788
15 28 0.0254182
15 29 0.025177
15 30 0.0248554
15 31 0.024453
15 32 0.0239697
15 33 0.0234053
15 34 0.0227596
15 35 0.0220321
15 36 0.0212227
15 37 0.0203309
15 38 0.0193564
15 39 0.0182987
15 40 0.0171574
15 41 0.015932
15 42 0.014622
15 43 0.013227
15 44 0.0117463
15 45 0.0101794
15 46 0.00852585
15 47 0.00678492
15 48 0.00495609
15 49 0.00303873
15 50 0.00103226

