15 1 0.00103639
15 2 0.0030511
15 3 0.00497664
15 4 0.00681358
15 5 0.0085625
15 6 0.0102239
15 7 0.0117985
15 8 0.0132866
15 9 0.0146889
15 10 0.0160058
15 11 0.0172379
15 12 0.0183856
15 13 0.0194493
15 14 0.0204295
15 15 0.0213265
15 16 0.0221408
15 17 0.0228727
15 18 0.0235224
15 19 0.0240903
15 20 0.0245766
15 21 0.0249815
15 22 0.0253053
15 23 0.0255479
15 24 0.0257096
15 25 0.0257905
15 26 0.0257905
15 27 0.0257096
15 28 0.0255479
15 29 0.0253053
15 30 0.0249815
15 31 0.0245766
15 32 0.0240903
15 33 0.0235224
15 34 0.0228727
15 35 0.0221408
15 36 0.0213265
15 37 0.0204295
15 38 0.0194493
15 39 0.0183856
15 40 0.0172379
15 41 0.0160058
15 42 0.0146889
15 43 0.0132866
15 44 0.0117985
15 45 0.0102239
15 46 0.0085625
15 47 0.00681358
15 48 0.00497664
15 49 0.0030511
15 50 0.00103639

