15 1 0.000252586
15 2 0.000704202
15 3 0.00108008
15 4 0.00138946
15 5 0.00164121
15 6 0.00184363
15 7 0.00200441
15 8 0.00213051
15 9 0.00222814
15 10 0.00230272
15 11 0.00235893
15 12 0.0024007
15 13 0.0024313
15 14 0.0024534
15 15 0.00246912
15 16 0.00248014
15 17 0.00248774
15 18 0.0024929
15 19 0.00249635
15 20 0.00249862
15 21 0.00250008
15 22 0.00250101
15 23 0.00250157
15 24 0.00250188
15 25 0.00250203
15 26 0.00250203
15 27 0.00250188
15 28 0.00250157
15 29 0.00250101
15 30 0.00250008
15 31 0.00249862
15 32 0.00249635
15 33 0.0024929
15 34 0.00248774
15 35 0.00248014
15 36 0.00246912
15 37 0.0024534
15 38 0.0024313
15 39 0.0024007
15 40 0.00235893
15 41 0.00230272
15 42 0.00222814
15 43 0.00213051
15 44 0.00200441
15 45 0.00184363
15 46 0.00164121
15 47 0.00138946
15 48 0.00108008
15 49 0.000704202
15 50 0.000252586

