15 1 0.0009021
15 2 0.00264877
15 3 0.00430786
15 4 0.00588099
15 5 0.00736977
15 6 0.00877579
15 7 0.0101006
15 8 0.0113457
15 9 0.0125127
15 10 0.0136028
15 11 0.0146176
15 12 0.0155584
15 13 0.0164263
15 14 0.0172226
15 15 0.0179485
15 16 0.0186049
15 17 0.0191929
15 18 0.0197132
15 19 0.0201668
15 20 0.0205542
15 21 0.0208761
15 22 0.0211331
15 23 0.0213254
15 24 0.0214535
15 25 0.0215174
15 26 0.0215174
15 27 0.0214535
15 28 0.0213254
15 29 0.0211331
15 30 0.0208761
15 31 0.0205542
15 32 0.0201668
15 33 0.0197132
15 34 0.0191929
15 35 0.0186049
15 36 0.0179485
15 37 0.0172226
15 38 0.0164263
15 39 0.0155584
15 40 0.0146176
15 41 0.0136028
15 42 0.0125127
15 43 0.0113457
15 44 0.0101006
15 45 0.00877579
15 46 0.00736977
15 47 0.00588099
15 48 0.00430786
15 49 0.00264877
15 50 0.0009021

