15 1 0.000174498
15 2 0.000471886
15 3 0.000699226
15 4 0.000869092
15 5 0.000993
15 6 0.00108114
15 7 0.00114221
15 8 0.00118339
15 9 0.00121038
15 10 0.00122756
15 11 0.00123817
15 12 0.00124452
15 13 0.00124819
15 14 0.00125025
15 15 0.00125137
15 16 0.00125195
15 17 0.00125224
15 18 0.00125238
15 19 0.00125245
15 20 0.00125248
15 21 0.00125249
15 22 0.0012525
15 23 0.0012525
15 24 0.0012525
15 25 0.0012525
15 26 0.0012525
15 27 0.0012525
15 28 0.0012525
15 29 0.0012525
15 30 0.00125249
15 31 0.00125248
15 32 0.00125245
15 33 0.00125238
15 34 0.00125224
15 35 0.00125195
15 36 0.00125137
15 37 0.00125025
15 38 0.00124819
15 39 0.00124452
15 40 0.00123817
15 41 0.00122756
15 42 0.00121038
15 43 0.00118339
15 44 0.00114221
15 45 0.00108114
15 46 0.000993
15 47 0.000869092
15 48 0.000699226
15 49 0.000471886
15 50 0.000174498

