15 1 0.00101329
15 2 0.00298191
15 3 0.00486163
15 4 0.00665321
15 5 0.00835739
15 6 0.00997491
15 7 0.0115065
15 8 0.0129528
15 9 0.0143147
15 10 0.0155926
15 11 0.0167873
15 12 0.0178994
15 13 0.0189294
15 14 0.019878
15 15 0.0207456
15 16 0.0215327
15 17 0.0222399
15 18 0.0228673
15 19 0.0234156
15 20 0.0238849
15 21 0.0242755
15 22 0.0245878
15 23 0.0248218
15 24 0.0249777
15 25 0.0250557
15 26 0.0250557
15 27 0.0249777
15 28 0.0248218
15 29 0.0245878
15 30 0.0242755
15 31 0.0238849
15 32 0.0234156
15 33 0.0228673
15 34 0.0222399
15 35 0.0215327
15 36 0.0207456
15 37 0.019878
15 38 0.0189294
15 39 0.0178994
15 40 0.0167873
15 41 0.0155926
15 42 0.0143147
15 43 0.0129528
15 44 0.0115065
15 45 0.00997491
15 46 0.00835739
15 47 0.00665321
15 48 0.00486163
15 49 0.00298191
15 50 0.00101329

