15 1 0.000407859
15 2 0.00116827
15 3 0.00184774
15 4 0.00245227
15 5 0.00298775
15 6 0.00345992
15 7 0.00387434
15 8 0.00423634
15 9 0.00455103
15 10 0.00482324
15 11 0.00505749
15 12 0.00525802
15 13 0.00542876
15 14 0.0055733
15 15 0.00569491
15 16 0.00579655
15 17 0.00588087
15 18 0.00595021
15 19 0.00600659
15 20 0.00605177
15 21 0.00608723
15 22 0.00611418
15 23 0.00613356
15 24 0.0061461
15 25 0.00615225
15 26 0.00615225
15 27 0.0061461
15 28 0.00613356
15 29 0.00611418
15 30 0.00608723
15 31 0.00605177
15 32 0.00600659
15 33 0.00595021
15 34 0.00588087
15 35 0.00579655
15 36 0.00569491
15 37 0.0055733
15 38 0.00542876
15 39 0.00525802
15 40 0.00505749
15 41 0.00482324
15 42 0.00455103
15 43 0.00423634
15 44 0.00387434
15 45 0.00345992
15 46 0.00298775
15 47 0.00245227
15 48 0.00184774
15 49 0.00116827
15 50 0.000407859

