15 1 0.000610289
15 2 0.0017745
15 3 0.00285462
15 4 0.00385458
15 5 0.00477829
15 6 0.00562957
15 7 0.00641218
15 8 0.00712981
15 9 0.00778602
15 10 0.00838427
15 11 0.00892788
15 12 0.00942001
15 13 0.0098637
15 14 0.0102618
15 15 0.010617
15 16 0.0109317
15 17 0.0112082
15 18 0.0114487
15 19 0.011655
15 20 0.0118287
15 21 0.0119713
15 22 0.0120839
15 23 0.0121675
15 24 0.0122228
15 25 0.0122504
15 26 0.0122504
15 27 0.0122228
15 28 0.0121675
15 29 0.0120839
15 30 0.0119713
15 31 0.0118287
15 32 0.011655
15 33 0.0114487
15 34 0.0112082
15 35 0.0109317
15 36 0.010617
15 37 0.0102618
15 38 0.0098637
15 39 0.00942001
15 40 0.00892788
15 41 0.00838427
15 42 0.00778602
15 43 0.00712981
15 44 0.00641218
15 45 0.00562957
15 46 0.00477829
15 47 0.00385458
15 48 0.00285462
15 49 0.0017745
15 50 0.000610289

