15 1 0.000686288
15 2 0.00200219
15 3 0.00323307
15 4 0.00438224
15 5 0.00545301
15 6 0.0064486
15 7 0.0073722
15 8 0.00822692
15 9 0.00901578
15 10 0.00974171
15 11 0.0104075
15 12 0.0110159
15 13 0.0115695
15 14 0.0120707
15 15 0.0125217
15 16 0.0129247
15 17 0.0132817
15 18 0.0135944
15 19 0.0138644
15 20 0.0140932
15 21 0.014282
15 22 0.0144318
15 23 0.0145434
15 24 0.0146175
15 25 0.0146544
15 26 0.0146544
15 27 0.0146175
15 28 0.0145434
15 29 0.0144318
15 30 0.014282
15 31 0.0140932
15 32 0.0138644
15 33 0.0135944
15 34 0.0132817
15 35 0.0129247
15 36 0.0125217
15 37 0.0120707
15 38 0.0115695
15 39 0.0110159
15 40 0.0104075
15 41 0.00974171
15 42 0.00901578
15 43 0.00822692
15 44 0.0073722
15 45 0.0064486
15 46 0.00545301
15 47 0.00438224
15 48 0.00323307
15 49 0.00200219
15 50 0.000686288

