15 1 0.000865003
15 2 0.00253762
15 3 0.0041231
15 4 0.00562335
15 5 0.00704027
15 6 0.00837572
15 7 0.00963155
15 8 0.0108096
15 9 0.0119115
15 10 0.012939
15 11 0.0138938
15 12 0.0147773
15 13 0.0155912
15 14 0.0163367
15 15 0.0170153
15 16 0.0176281
15 17 0.0181763
15 18 0.0186609
15 19 0.0190829
15 20 0.019443
15 21 0.019742
15 22 0.0199805
15 23 0.0201589
15 24 0.0202777
15 25 0.020337
15 26 0.020337
15 27 0.0202777
15 28 0.0201589
15 29 0.0199805
15 30 0.019742
15 31 0.019443
15 32 0.0190829
15 33 0.0186609
15 34 0.0181763
15 35 0.0176281
15 36 0.0170153
15 37 0.0163367
15 38 0.0155912
15 39 0.0147773
15 40 0.0138938
15 41 0.012939
15 42 0.0119115
15 43 0.0108096
15 44 0.00963155
15 45 0.00837572
15 46 0.00704027
15 47 0.00562335
15 48 0.0041231
15 49 0.00253762
15 50 0.000865003

