15 1 0.00101843
15 2 0.00299731
15 3 0.00488722
15 4 0.00668889
15 5 0.00840303
15 6 0.0100303
15 7 0.0115715
15 8 0.0130271
15 9 0.0143979
15 10 0.0156845
15 11 0.0168876
15 12 0.0180076
15 13 0.0190451
15 14 0.0200007
15 15 0.0208749
15 16 0.021668
15 17 0.0223807
15 18 0.0230131
15 19 0.0235657
15 20 0.0240388
15 21 0.0244326
15 22 0.0247474
15 23 0.0249834
15 24 0.0251406
15 25 0.0252192
15 26 0.0252192
15 27 0.0251406
15 28 0.0249834
15 29 0.0247474
15 30 0.0244326
15 31 0.0240388
15 32 0.0235657
15 33 0.0230131
15 34 0.0223807
15 35 0.021668
15 36 0.0208749
15 37 0.0200007
15 38 0.0190451
15 39 0.0180076
15 40 0.0168876
15 41 0.0156845
15 42 0.0143979
15 43 0.0130271
15 44 0.0115715
15 45 0.0100303
15 46 0.00840303
15 47 0.00668889
15 48 0.00488722
15 49 0.00299731
15 50 0.00101843

