15 1 0.000581894
15 2 0.00168944
15 3 0.00271325
15 4 0.00365751
15 5 0.00452634
15 6 0.00532381
15 7 0.00605391
15 8 0.00672052
15 9 0.00732742
15 10 0.00787826
15 11 0.00837655
15 12 0.00882563
15 13 0.00922869
15 14 0.00958872
15 15 0.00990853
15 16 0.0101907
15 17 0.0104377
15 18 0.0106517
15 19 0.0108346
15 20 0.0109881
15 21 0.0111137
15 22 0.0112127
15 23 0.0112861
15 24 0.0113346
15 25 0.0113587
15 26 0.0113587
15 27 0.0113346
15 28 0.0112861
15 29 0.0112127
15 30 0.0111137
15 31 0.0109881
15 32 0.0108346
15 33 0.0106517
15 34 0.0104377
15 35 0.0101907
15 36 0.00990853
15 37 0.00958872
15 38 0.00922869
15 39 0.00882563
15 40 0.00837655
15 41 0.00787826
15 42 0.00732742
15 43 0.00672052
15 44 0.00605391
15 45 0.00532381
15 46 0.00452634
15 47 0.00365751
15 48 0.00271325
15 49 0.00168944
15 50 0.000581894

