15 1 0.000769714
15 2 0.00225213
15 3 0.00364854
15 4 0.00496159
15 5 0.00619392
15 6 0.00734814
15 7 0.00842679
15 8 0.00943236
15 9 0.0103673
15 10 0.0112339
15 11 0.0120346
15 12 0.0127713
15 13 0.0134463
15 14 0.0140614
15 15 0.0146185
15 16 0.0151194
15 17 0.0155655
15 18 0.0159583
15 19 0.0162992
15 20 0.0165892
15 21 0.0168293
15 22 0.0170204
15 23 0.0171632
15 24 0.0172581
15 25 0.0173054
15 26 0.0173054
15 27 0.0172581
15 28 0.0171632
15 29 0.0170204
15 30 0.0168293
15 31 0.0165892
15 32 0.0162992
15 33 0.0159583
15 34 0.0155655
15 35 0.0151194
15 36 0.0146185
15 37 0.0140614
15 38 0.0134463
15 39 0.0127713
15 40 0.0120346
15 41 0.0112339
15 42 0.0103673
15 43 0.00943236
15 44 0.00842679
15 45 0.00734814
15 46 0.00619392
15 47 0.00496159
15 48 0.00364854
15 49 0.00225213
15 50 0.000769714

