15 1 0.000836655
15 2 0.00245269
15 3 0.00398192
15 4 0.00542648
15 5 0.00678848
15 6 0.00807002
15 7 0.00927314
15 8 0.0103998
15 9 0.0114521
15 10 0.0124317
15 11 0.0133406
15 12 0.0141805
15 13 0.014953
15 14 0.0156598
15 15 0.0163022
15 16 0.0168817
15 17 0.0173995
15 18 0.0178568
15 19 0.0182546
15 20 0.0185939
15 21 0.0188754
15 22 0.0190998
15 23 0.0192676
15 24 0.0193793
15 25 0.019435
15 26 0.019435
15 27 0.0193793
15 28 0.0192676
15 29 0.0190998
15 30 0.0188754
15 31 0.0185939
15 32 0.0182546
15 33 0.0178568
15 34 0.0173995
15 35 0.0168817
15 36 0.0163022
15 37 0.0156598
15 38 0.014953
15 39 0.0141805
15 40 0.0133406
15 41 0.0124317
15 42 0.0114521
15 43 0.0103998
15 44 0.00927314
15 45 0.00807002
15 46 0.00678848
15 47 0.00542648
15 48 0.00398192
15 49 0.00245269
15 50 0.000836655

