15 1 0.000750551
15 2 0.00219472
15 3 0.0035531
15 4 0.00482851
15 5 0.00602372
15 6 0.0071415
15 7 0.00818452
15 8 0.00915543
15 9 0.0100568
15 10 0.0108911
15 11 0.0116607
15 12 0.012368
15 13 0.013015
15 14 0.0136039
15 15 0.0141366
15 16 0.014615
15 17 0.0150406
15 18 0.015415
15 19 0.0157396
15 20 0.0160155
15 21 0.0162438
15 22 0.0164254
15 23 0.016561
15 24 0.0166511
15 25 0.016696
15 26 0.016696
15 27 0.0166511
15 28 0.016561
15 29 0.0164254
15 30 0.0162438
15 31 0.0160155
15 32 0.0157396
15 33 0.015415
15 34 0.0150406
15 35 0.014615
15 36 0.0141366
15 37 0.0136039
15 38 0.013015
15 39 0.012368
15 40 0.0116607
15 41 0.0108911
15 42 0.0100568
15 43 0.00915543
15 44 0.00818452
15 45 0.0071415
15 46 0.00602372
15 47 0.00482851
15 48 0.0035531
15 49 0.00219472
15 50 0.000750551

