15 1 0.000989677
15 2 0.00291115
15 3 0.00474401
15 4 0.00648919
15 5 0.00814762
15 6 0.00972022
15 7 0.0112079
15 8 0.0126115
15 9 0.0139319
15 10 0.01517
15 11 0.0163265
15 12 0.0174022
15 13 0.0183978
15 14 0.019314
15 15 0.0201515
15 16 0.0209109
15 17 0.0215927
15 18 0.0221974
15 19 0.0227255
15 20 0.0231775
15 21 0.0235535
15 22 0.023854
15 23 0.0240792
15 24 0.0242292
15 25 0.0243042
15 26 0.0243042
15 27 0.0242292
15 28 0.0240792
15 29 0.023854
15 30 0.0235535
15 31 0.0231775
15 32 0.0227255
15 33 0.0221974
15 34 0.0215927
15 35 0.0209109
15 36 0.0201515
15 37 0.019314
15 38 0.0183978
15 39 0.0174022
15 40 0.0163265
15 41 0.01517
15 42 0.0139319
15 43 0.0126115
15 44 0.0112079
15 45 0.00972022
15 46 0.00814762
15 47 0.00648919
15 48 0.00474401
15 49 0.00291115
15 50 0.000989677

