15 1 0.000960269
15 2 0.00282305
15 3 0.00459755
15 4 0.00628496
15 5 0.00788643
15 6 0.00940309
15 7 0.0108361
15 8 0.0121865
15 9 0.0134553
15 10 0.0146437
15 11 0.0157527
15 12 0.016783
15 13 0.0177358
15 14 0.0186117
15 15 0.0194118
15 16 0.0201366
15 17 0.0207868
15 18 0.0213632
15 19 0.0218663
15 20 0.0222966
15 21 0.0226545
15 22 0.0229403
15 23 0.0231545
15 24 0.0232971
15 25 0.0233684
15 26 0.0233684
15 27 0.0232971
15 28 0.0231545
15 29 0.0229403
15 30 0.0226545
15 31 0.0222966
15 32 0.0218663
15 33 0.0213632
15 34 0.0207868
15 35 0.0201366
15 36 0.0194118
15 37 0.0186117
15 38 0.0177358
15 39 0.016783
15 40 0.0157527
15 41 0.0146437
15 42 0.0134553
15 43 0.0121865
15 44 0.0108361
15 45 0.00940309
15 46 0.00788643
15 47 0.00628496
15 48 0.00459755
15 49 0.00282305
15 50 0.000960269

