15 1 0.000821271
15 2 0.0024066
15 3 0.00390531
15 4 0.00531964
15 5 0.00665185
15 6 0.00790412
15 7 0.00907863
15 8 0.0101775
15 9 0.0112028
15 10 0.0121565
15 11 0.0130405
15 12 0.0138566
15 13 0.0146067
15 14 0.0152924
15 15 0.0159153
15 16 0.0164767
15 17 0.016978
15 18 0.0174205
15 19 0.0178052
15 20 0.0181331
15 21 0.0184051
15 22 0.0186219
15 23 0.0187839
15 24 0.0188917
15 25 0.0189456
15 26 0.0189456
15 27 0.0188917
15 28 0.0187839
15 29 0.0186219
15 30 0.0184051
15 31 0.0181331
15 32 0.0178052
15 33 0.0174205
15 34 0.016978
15 35 0.0164767
15 36 0.0159153
15 37 0.0152924
15 38 0.0146067
15 39 0.0138566
15 40 0.0130405
15 41 0.0121565
15 42 0.0112028
15 43 0.0101775
15 44 0.00907863
15 45 0.00790412
15 46 0.00665185
15 47 0.00531964
15 48 0.00390531
15 49 0.0024066
15 50 0.000821271

