15 1 0.000708905
15 2 0.00206995
15 3 0.0033457
15 4 0.0045393
15 5 0.00565386
15 6 0.00669245
15 7 0.00765806
15 8 0.00855366
15 9 0.0093821
15 10 0.0101461
15 11 0.0108485
15 12 0.0114916
15 13 0.0120781
15 14 0.0126101
15 15 0.0130898
15 16 0.0135193
15 17 0.0139004
15 18 0.0142348
15 19 0.014524
15 20 0.0147694
15 21 0.014972
15 22 0.015133
15 23 0.015253
15 24 0.0153327
15 25 0.0153724
15 26 0.0153724
15 27 0.0153327
15 28 0.015253
15 29 0.015133
15 30 0.014972
15 31 0.0147694
15 32 0.014524
15 33 0.0142348
15 34 0.0139004
15 35 0.0135193
15 36 0.0130898
15 37 0.0126101
15 38 0.0120781
15 39 0.0114916
15 40 0.0108485
15 41 0.0101461
15 42 0.0093821
15 43 0.00855366
15 44 0.00765806
15 45 0.00669245
15 46 0.00565386
15 47 0.0045393
15 48 0.0033457
15 49 0.00206995
15 50 0.000708905

