15 1 0.000878053
15 2 0.00257672
15 3 0.00418809
15 4 0.00571398
15 5 0.00715618
15 6 0.00851645
15 7 0.00979655
15 8 0.0109982
15 9 0.012123
15 10 0.0131725
15 11 0.0141484
15 12 0.0150521
15 13 0.0158849
15 14 0.0166484
15 15 0.0173436
15 16 0.0179717
15 17 0.0185339
15 18 0.0190311
15 19 0.0194641
15 20 0.0198339
15 21 0.020141
15 22 0.0203859
15 23 0.0205693
15 24 0.0206913
15 25 0.0207522
15 26 0.0207522
15 27 0.0206913
15 28 0.0205693
15 29 0.0203859
15 30 0.020141
15 31 0.0198339
15 32 0.0194641
15 33 0.0190311
15 34 0.0185339
15 35 0.0179717
15 36 0.0173436
15 37 0.0166484
15 38 0.0158849
15 39 0.0150521
15 40 0.0141484
15 41 0.0131725
15 42 0.012123
15 43 0.0109982
15 44 0.00979655
15 45 0.00851645
15 46 0.00715618
15 47 0.00571398
15 48 0.00418809
15 49 0.00257672
15 50 0.000878053

