15 1 0.000730303
15 2 0.00213406
15 3 0.00345226
15 4 0.0046879
15 5 0.00584389
15 6 0.00692316
15 7 0.00792855
15 8 0.00886283
15 9 0.00972873
15 10 0.0105289
15 11 0.0112658
15 12 0.0119418
15 13 0.0125594
15 14 0.0131206
15 15 0.0136276
15 16 0.0140822
15 17 0.0144861
15 18 0.0148411
15 19 0.0151484
15 20 0.0154095
15 21 0.0156253
15 22 0.0157969
15 23 0.0159249
15 24 0.0160099
15 25 0.0160523
15 26 0.0160523
15 27 0.0160099
15 28 0.0159249
15 29 0.0157969
15 30 0.0156253
15 31 0.0154095
15 32 0.0151484
15 33 0.0148411
15 34 0.0144861
15 35 0.0140822
15 36 0.0136276
15 37 0.0131206
15 38 0.0125594
15 39 0.0119418
15 40 0.0112658
15 41 0.0105289
15 42 0.00972873
15 43 0.00886283
15 44 0.00792855
15 45 0.00692316
15 46 0.00584389
15 47 0.0046879
15 48 0.00345226
15 49 0.00213406
15 50 0.000730303

