15 1 0.000662374
15 2 0.00193054
15 3 0.00311398
15 4 0.00421619
15 5 0.00524066
15 6 0.00619081
15 7 0.00707
15 8 0.00788153
15 9 0.00862858
15 10 0.00931424
15 11 0.00994151
15 12 0.0105132
15 13 0.0110321
15 14 0.0115007
15 15 0.0119214
15 16 0.0122965
15 17 0.0126281
15 18 0.0129179
15 19 0.0131678
15 20 0.0133792
15 21 0.0135533
15 22 0.0136913
15 23 0.013794
15 24 0.0138622
15 25 0.0138961
15 26 0.0138961
15 27 0.0138622
15 28 0.013794
15 29 0.0136913
15 30 0.0135533
15 31 0.0133792
15 32 0.0131678
15 33 0.0129179
15 34 0.0126281
15 35 0.0122965
15 36 0.0119214
15 37 0.0115007
15 38 0.0110321
15 39 0.0105132
15 40 0.00994151
15 41 0.00931424
15 42 0.00862858
15 43 0.00788153
15 44 0.00707
15 45 0.00619081
15 46 0.00524066
15 47 0.00421619
15 48 0.00311398
15 49 0.00193054
15 50 0.000662374

