15 1 0.000551735
15 2 0.00159909
15 3 0.00256312
15 4 0.00344826
15 5 0.00425889
15 6 0.00499932
15 7 0.0056738
15 8 0.00628644
15 9 0.00684123
15 10 0.00734204
15 11 0.00779256
15 12 0.00819631
15 13 0.00855665
15 14 0.00887673
15 15 0.00915949
15 16 0.00940766
15 17 0.00962373
15 18 0.00980999
15 19 0.00996846
15 20 0.0101009
15 21 0.010209
15 22 0.0102938
15 23 0.0103566
15 24 0.010398
15 25 0.0104185
15 26 0.0104185
15 27 0.010398
15 28 0.0103566
15 29 0.0102938
15 30 0.010209
15 31 0.0101009
15 32 0.00996846
15 33 0.00980999
15 34 0.00962373
15 35 0.00940766
15 36 0.00915949
15 37 0.00887673
15 38 0.00855665
15 39 0.00819631
15 40 0.00779256
15 41 0.00734204
15 42 0.00684123
15 43 0.00628644
15 44 0.0056738
15 45 0.00499932
15 46 0.00425889
15 47 0.00344826
15 48 0.00256312
15 49 0.00159909
15 50 0.000551735

