15 1 0.000975778
15 2 0.00286951
15 3 0.00467479
15 4 0.00639267
15 5 0.00802418
15 6 0.00957034
15 7 0.0110322
15 8 0.0124106
15 9 0.0137067
15 10 0.0149213
15 11 0.0160553
15 12 0.0171095
15 13 0.0180849
15 14 0.0189821
15 15 0.0198019
15 16 0.0205449
15 17 0.0212118
15 18 0.0218032
15 19 0.0223195
15 20 0.0227612
15 21 0.0231286
15 22 0.0234222
15 23 0.0236422
15 24 0.0237887
15 25 0.0238619
15 26 0.0238619
15 27 0.0237887
15 28 0.0236422
15 29 0.0234222
15 30 0.0231286
15 31 0.0227612
15 32 0.0223195
15 33 0.0218032
15 34 0.0212118
15 35 0.0205449
15 36 0.0198019
15 37 0.0189821
15 38 0.0180849
15 39 0.0171095
15 40 0.0160553
15 41 0.0149213
15 42 0.0137067
15 43 0.0124106
15 44 0.0110322
15 45 0.00957034
15 46 0.00802418
15 47 0.00639267
15 48 0.00467479
15 49 0.00286951
15 50 0.000975778

