15 1 0.00080502
15 2 0.00235791
15 3 0.00382437
15 4 0.00520678
15 5 0.0065075
15 6 0.00772887
15 7 0.00887316
15 8 0.00994262
15 9 0.0109394
15 10 0.0118657
15 11 0.0127234
15 12 0.0135145
15 13 0.0142409
15 14 0.0149044
15 15 0.0155065
15 16 0.0160488
15 17 0.0165327
15 18 0.0169596
15 19 0.0173304
15 20 0.0176464
15 21 0.0179084
15 22 0.018117
15 23 0.018273
15 24 0.0183767
15 25 0.0184285
15 26 0.0184285
15 27 0.0183767
15 28 0.018273
15 29 0.018117
15 30 0.0179084
15 31 0.0176464
15 32 0.0173304
15 33 0.0169596
15 34 0.0165327
15 35 0.0160488
15 36 0.0155065
15 37 0.0149044
15 38 0.0142409
15 39 0.0135145
15 40 0.0127234
15 41 0.0118657
15 42 0.0109394
15 43 0.00994262
15 44 0.00887316
15 45 0.00772887
15 46 0.0065075
15 47 0.00520678
15 48 0.00382437
15 49 0.00235791
15 50 0.00080502

