15 1 0.000982918
15 2 0.0028909
15 3 0.00471035
15 4 0.00644225
15 5 0.00808759
15 6 0.00964734
15 7 0.0111224
15 8 0.0125138
15 9 0.0138224
15 10 0.015049
15 11 0.0161946
15 12 0.0172599
15 13 0.0182456
15 14 0.0191526
15 15 0.0199815
15 16 0.0207329
15 17 0.0214075
15 18 0.0220057
15 19 0.0225281
15 20 0.022975
15 21 0.0233469
15 22 0.023644
15 23 0.0238667
15 24 0.024015
15 25 0.0240891
15 26 0.0240891
15 27 0.024015
15 28 0.0238667
15 29 0.023644
15 30 0.0233469
15 31 0.022975
15 32 0.0225281
15 33 0.0220057
15 34 0.0214075
15 35 0.0207329
15 36 0.0199815
15 37 0.0191526
15 38 0.0182456
15 39 0.0172599
15 40 0.0161946
15 41 0.015049
15 42 0.0138224
15 43 0.0125138
15 44 0.0111224
15 45 0.00964734
15 46 0.00808759
15 47 0.00644225
15 48 0.00471035
15 49 0.0028909
15 50 0.000982918

