15 1 0.000787852
15 2 0.00230648
15 3 0.00373887
15 4 0.00508755
15 5 0.00635502
15 6 0.00754373
15 7 0.0086561
15 8 0.00969449
15 9 0.0106612
15 10 0.0115585
15 11 0.0123884
15 12 0.0131531
15 13 0.0138545
15 14 0.0144944
15 15 0.0150747
15 16 0.0155968
15 17 0.0160624
15 18 0.0164727
15 19 0.0168289
15 20 0.0171323
15 21 0.0173836
15 22 0.0175837
15 23 0.0177333
15 24 0.0178327
15 25 0.0178823
15 26 0.0178823
15 27 0.0178327
15 28 0.0177333
15 29 0.0175837
15 30 0.0173836
15 31 0.0171323
15 32 0.0168289
15 33 0.0164727
15 34 0.0160624
15 35 0.0155968
15 36 0.0150747
15 37 0.0144944
15 38 0.0138545
15 39 0.0131531
15 40 0.0123884
15 41 0.0115585
15 42 0.0106612
15 43 0.00969449
15 44 0.0086561
15 45 0.00754373
15 46 0.00635502
15 47 0.00508755
15 48 0.00373887
15 49 0.00230648
15 50 0.000787852

