15 1 0.0010233
15 2 0.00301188
15 3 0.00491145
15 4 0.00672267
15 5 0.00844623
15 6 0.0100828
15 7 0.011633
15 8 0.0130974
15 9 0.0144768
15 10 0.0157716
15 11 0.0169825
15 12 0.01811
15 13 0.0191546
15 14 0.0201169
15 15 0.0209972
15 16 0.0217961
15 17 0.0225139
15 18 0.0231511
15 19 0.0237078
15 20 0.0241845
15 21 0.0245813
15 22 0.0248985
15 23 0.0251363
15 24 0.0252947
15 25 0.0253739
15 26 0.0253739
15 27 0.0252947
15 28 0.0251363
15 29 0.0248985
15 30 0.0245813
15 31 0.0241845
15 32 0.0237078
15 33 0.0231511
15 34 0.0225139
15 35 0.0217961
15 36 0.0209972
15 37 0.0201169
15 38 0.0191546
15 39 0.01811
15 40 0.0169825
15 41 0.0157716
15 42 0.0144768
15 43 0.0130974
15 44 0.011633
15 45 0.0100828
15 46 0.00844623
15 47 0.00672267
15 48 0.00491145
15 49 0.00301188
15 50 0.0010233

