15 1 0.000890406
15 2 0.00261373
15 3 0.00424962
15 4 0.00579977
15 5 0.0072659
15 6 0.00864967
15 7 0.00995274
15 8 0.0111767
15 9 0.0123232
15 10 0.0133936
15 11 0.0143894
15 12 0.0153121
15 13 0.016163
15 14 0.0169434
15 15 0.0176543
15 16 0.018297
15 17 0.0188724
15 18 0.0193815
15 19 0.0198251
15 20 0.0202039
15 21 0.0205186
15 22 0.0207697
15 23 0.0209577
15 24 0.0210828
15 25 0.0211453
15 26 0.0211453
15 27 0.0210828
15 28 0.0209577
15 29 0.0207697
15 30 0.0205186
15 31 0.0202039
15 32 0.0198251
15 33 0.0193815
15 34 0.0188724
15 35 0.018297
15 36 0.0176543
15 37 0.0169434
15 38 0.016163
15 39 0.0153121
15 40 0.0143894
15 41 0.0133936
15 42 0.0123232
15 43 0.0111767
15 44 0.00995274
15 45 0.00864967
15 46 0.0072659
15 47 0.00579977
15 48 0.00424962
15 49 0.00261373
15 50 0.000890406

