15 1 0.000933571
15 2 0.00274306
15 3 0.00446459
15 4 0.00609955
15 5 0.00764929
15 6 0.00911517
15 7 0.0104985
15 8 0.0118006
15 9 0.0130227
15 10 0.014166
15 11 0.0152317
15 12 0.0162209
15 13 0.0171348
15 14 0.0179742
15 15 0.0187402
15 16 0.0194336
15 17 0.0200552
15 18 0.0206059
15 19 0.0210863
15 20 0.0214969
15 21 0.0218383
15 22 0.0221108
15 23 0.022315
15 24 0.0224509
15 25 0.0225189
15 26 0.0225189
15 27 0.0224509
15 28 0.022315
15 29 0.0221108
15 30 0.0218383
15 31 0.0214969
15 32 0.0210863
15 33 0.0206059
15 34 0.0200552
15 35 0.0194336
15 36 0.0187402
15 37 0.0179742
15 38 0.0171348
15 39 0.0162209
15 40 0.0152317
15 41 0.014166
15 42 0.0130227
15 43 0.0118006
15 44 0.0104985
15 45 0.00911517
15 46 0.00764929
15 47 0.00609955
15 48 0.00446459
15 49 0.00274306
15 50 0.000933571

