15 1 0.000913171
15 2 0.00268194
15 3 0.00436299
15 4 0.00595787
15 5 0.0074681
15 6 0.00889517
15 7 0.0102406
15 8 0.0115057
15 9 0.0126921
15 10 0.0138009
15 11 0.0148336
15 12 0.0157914
15 13 0.0166755
15 14 0.017487
15 15 0.018227
15 16 0.0188964
15 17 0.0194962
15 18 0.0200272
15 19 0.0204902
15 20 0.0208858
15 21 0.0212146
15 22 0.021477
15 23 0.0216735
15 24 0.0218043
15 25 0.0218697
15 26 0.0218697
15 27 0.0218043
15 28 0.0216735
15 29 0.021477
15 30 0.0212146
15 31 0.0208858
15 32 0.0204902
15 33 0.0200272
15 34 0.0194962
15 35 0.0188964
15 36 0.018227
15 37 0.017487
15 38 0.0166755
15 39 0.0157914
15 40 0.0148336
15 41 0.0138009
15 42 0.0126921
15 43 0.0115057
15 44 0.0102406
15 45 0.00889517
15 46 0.0074681
15 47 0.00595787
15 48 0.00436299
15 49 0.00268194
15 50 0.000913171

