15 1 0.000312606
15 2 0.000883388
15 3 0.00137585
15 4 0.00179765
15 5 0.00215622
15 6 0.00245869
15 7 0.00271182
15 8 0.00292194
15 9 0.00309491
15 10 0.00323609
15 11 0.00335032
15 12 0.00344193
15 13 0.00351474
15 14 0.00357207
15 15 0.00361679
15 16 0.00365134
15 17 0.00367776
15 18 0.00369775
15 19 0.0037127
15 20 0.00372374
15 21 0.00373175
15 22 0.00373741
15 23 0.00374124
15 24 0.00374359
15 25 0.00374472
15 26 0.00374472
15 27 0.00374359
15 28 0.00374124
15 29 0.00373741
15 30 0.00373175
15 31 0.00372374
15 32 0.0037127
15 33 0.00369775
15 34 0.00367776
15 35 0.00365134
15 36 0.00361679
15 37 0.00357207
15 38 0.00351474
15 39 0.00344193
15 40 0.00335032
15 41 0.00323609
15 42 0.00309491
15 43 0.00292194
15 44 0.00271182
15 45 0.00245869
15 46 0.00215622
15 47 0.00179765
15 48 0.00137585
15 49 0.000883388
15 50 0.000312606

