15 1 0.00100787
15 2 0.00296565
15 3 0.0048346
15 4 0.00661551
15 5 0.00830918
15 6 0.00991637
15 7 0.0114379
15 8 0.0128744
15 9 0.0142267
15 10 0.0154955
15 11 0.0166814
15 12 0.0177851
15 13 0.0188072
15 14 0.0197484
15 15 0.0206091
15 16 0.0213898
15 17 0.0220911
15 18 0.0227134
15 19 0.023257
15 20 0.0237223
15 21 0.0241096
15 22 0.0244191
15 23 0.0246511
15 24 0.0248057
15 25 0.0248829
15 26 0.0248829
15 27 0.0248057
15 28 0.0246511
15 29 0.0244191
15 30 0.0241096
15 31 0.0237223
15 32 0.023257
15 33 0.0227134
15 34 0.0220911
15 35 0.0213898
15 36 0.0206091
15 37 0.0197484
15 38 0.0188072
15 39 0.0177851
15 40 0.0166814
15 41 0.0154955
15 42 0.0142267
15 43 0.0128744
15 44 0.0114379
15 45 0.00991637
15 46 0.00830918
15 47 0.00661551
15 48 0.0048346
15 49 0.00296565
15 50 0.00100787

