15 1 0.000923651
15 2 0.00271334
15 3 0.00441518
15 4 0.00603065
15 5 0.00756118
15 6 0.00900819
15 7 0.0103731
15 8 0.0116572
15 9 0.0128619
15 10 0.0139885
15 11 0.0150381
15 12 0.0160121
15 13 0.0169114
15 14 0.0177373
15 15 0.0184906
15 16 0.0191723
15 17 0.0197834
15 18 0.0203245
15 19 0.0207964
15 20 0.0211997
15 21 0.021535
15 22 0.0218026
15 23 0.022003
15 24 0.0221365
15 25 0.0222032
15 26 0.0222032
15 27 0.0221365
15 28 0.022003
15 29 0.0218026
15 30 0.021535
15 31 0.0211997
15 32 0.0207964
15 33 0.0203245
15 34 0.0197834
15 35 0.0191723
15 36 0.0184906
15 37 0.0177373
15 38 0.0169114
15 39 0.0160121
15 40 0.0150381
15 41 0.0139885
15 42 0.0128619
15 43 0.0116572
15 44 0.0103731
15 45 0.00900819
15 46 0.00756118
15 47 0.00603065
15 48 0.00441518
15 49 0.00271334
15 50 0.000923651

