15 1 0.000851217
15 2 0.00249632
15 3 0.00405445
15 4 0.00552761
15 5 0.00691783
15 6 0.00822706
15 7 0.00945726
15 8 0.0106103
15 9 0.0116881
15 10 0.0126923
15 11 0.0136248
15 12 0.0144871
15 13 0.0152809
15 14 0.0160075
15 15 0.0166685
15 16 0.0172651
15 17 0.0177986
15 18 0.0182699
15 19 0.0186801
15 20 0.0190301
15 21 0.0193206
15 22 0.0195522
15 23 0.0197255
15 24 0.0198408
15 25 0.0198984
15 26 0.0198984
15 27 0.0198408
15 28 0.0197255
15 29 0.0195522
15 30 0.0193206
15 31 0.0190301
15 32 0.0186801
15 33 0.0182699
15 34 0.0177986
15 35 0.0172651
15 36 0.0166685
15 37 0.0160075
15 38 0.0152809
15 39 0.0144871
15 40 0.0136248
15 41 0.0126923
15 42 0.0116881
15 43 0.0106103
15 44 0.00945726
15 45 0.00822706
15 46 0.00691783
15 47 0.00552761
15 48 0.00405445
15 49 0.00249632
15 50 0.000851217

