15 1 0.000637074
15 2 0.00185475
15 3 0.00298799
15 4 0.00404053
15 5 0.00501604
15 6 0.00591815
15 7 0.0067504
15 8 0.00751628
15 9 0.00821916
15 10 0.00886231
15 11 0.00944887
15 12 0.00998186
15 13 0.0104641
15 14 0.0108984
15 15 0.0112872
15 16 0.0116329
15 17 0.0119376
15 18 0.0122034
15 19 0.012432
15 20 0.012625
15 21 0.0127838
15 22 0.0129094
15 23 0.0130028
15 24 0.0130647
15 25 0.0130955
15 26 0.0130955
15 27 0.0130647
15 28 0.0130028
15 29 0.0129094
15 30 0.0127838
15 31 0.012625
15 32 0.012432
15 33 0.0122034
15 34 0.0119376
15 35 0.0116329
15 36 0.0112872
15 37 0.0108984
15 38 0.0104641
15 39 0.00998186
15 40 0.00944887
15 41 0.00886231
15 42 0.00821916
15 43 0.00751628
15 44 0.0067504
15 45 0.00591815
15 46 0.00501604
15 47 0.00404053
15 48 0.00298799
15 49 0.00185475
15 50 0.000637074

