15 1 0.000519608
15 2 0.00150286
15 3 0.00240324
15 4 0.00322547
15 5 0.00397422
15 6 0.0046541
15 7 0.0052696
15 8 0.00582509
15 9 0.0063248
15 10 0.00677282
15 11 0.00717304
15 12 0.00752917
15 13 0.00784474
15 14 0.00812303
15 15 0.00836711
15 16 0.00857982
15 17 0.00876377
15 18 0.00892131
15 19 0.00905452
15 20 0.00916527
15 21 0.00925512
15 22 0.00932541
15 23 0.0093772
15 24 0.00941129
15 25 0.0094282
15 26 0.0094282
15 27 0.00941129
15 28 0.0093772
15 29 0.00932541
15 30 0.00925512
15 31 0.00916527
15 32 0.00905452
15 33 0.00892131
15 34 0.00876377
15 35 0.00857982
15 36 0.00836711
15 37 0.00812303
15 38 0.00784474
15 39 0.00752917
15 40 0.00717304
15 41 0.00677282
15 42 0.0063248
15 43 0.00582509
15 44 0.0052696
15 45 0.0046541
15 46 0.00397422
15 47 0.00322547
15 48 0.00240324
15 49 0.00150286
15 50 0.000519608

