15 1 0.00100213
15 2 0.00294847
15 3 0.00480604
15 4 0.00657569
15 5 0.00825825
15 6 0.00985454
15 7 0.0113654
15 8 0.0127915
15 9 0.0141338
15 10 0.0153929
15 11 0.0165695
15 12 0.0176644
15 13 0.0186782
15 14 0.0196114
15 15 0.0204648
15 16 0.0212388
15 17 0.021934
15 18 0.0225507
15 19 0.0230895
15 20 0.0235505
15 21 0.0239343
15 22 0.024241
15 23 0.0244708
15 24 0.024624
15 25 0.0247005
15 26 0.0247005
15 27 0.024624
15 28 0.0244708
15 29 0.024241
15 30 0.0239343
15 31 0.0235505
15 32 0.0230895
15 33 0.0225507
15 34 0.021934
15 35 0.0212388
15 36 0.0204648
15 37 0.0196114
15 38 0.0186782
15 39 0.0176644
15 40 0.0165695
15 41 0.0153929
15 42 0.0141338
15 43 0.0127915
15 44 0.0113654
15 45 0.00985454
15 46 0.00825825
15 47 0.00657569
15 48 0.00480604
15 49 0.00294847
15 50 0.00100213

