15 1 0.00104029
15 2 0.0030628
15 3 0.00499609
15 4 0.00684071
15 5 0.00859719
15 6 0.0102661
15 7 0.0118479
15 8 0.0133431
15 9 0.0147522
15 10 0.0160757
15 11 0.0173141
15 12 0.0184678
15 13 0.0195372
15 14 0.0205227
15 15 0.0214248
15 16 0.0222437
15 17 0.0229797
15 18 0.0236332
15 19 0.0242044
15 20 0.0246936
15 21 0.025101
15 22 0.0254266
15 23 0.0256707
15 24 0.0258334
15 25 0.0259148
15 26 0.0259148
15 27 0.0258334
15 28 0.0256707
15 29 0.0254266
15 30 0.025101
15 31 0.0246936
15 32 0.0242044
15 33 0.0236332
15 34 0.0229797
15 35 0.0222437
15 36 0.0214248
15 37 0.0205227
15 38 0.0195372
15 39 0.0184678
15 40 0.0173141
15 41 0.0160757
15 42 0.0147522
15 43 0.0133431
15 44 0.0118479
15 45 0.0102661
15 46 0.00859719
15 47 0.00684071
15 48 0.00499609
15 49 0.0030628
15 50 0.00104029

