15 1 0.000996075
15 2 0.00293032
15 3 0.00477588
15 4 0.00653363
15 5 0.00820445
15 6 0.00978922
15 7 0.0112888
15 8 0.012704
15 9 0.0140356
15 10 0.0152845
15 11 0.0164513
15 12 0.0175369
15 13 0.0185418
15 14 0.0194668
15 15 0.0203125
15 16 0.0210794
15 17 0.021768
15 18 0.0223789
15 19 0.0229125
15 20 0.0233691
15 21 0.0237491
15 22 0.0240528
15 23 0.0242804
15 24 0.024432
15 25 0.0245078
15 26 0.0245078
15 27 0.024432
15 28 0.0242804
15 29 0.0240528
15 30 0.0237491
15 31 0.0233691
15 32 0.0229125
15 33 0.0223789
15 34 0.021768
15 35 0.0210794
15 36 0.0203125
15 37 0.0194668
15 38 0.0185418
15 39 0.0175369
15 40 0.0164513
15 41 0.0152845
15 42 0.0140356
15 43 0.012704
15 44 0.0112888
15 45 0.00978922
15 46 0.00820445
15 47 0.00653363
15 48 0.00477588
15 49 0.00293032
15 50 0.000996075

