15 1 0.0010279
15 2 0.00302567
15 3 0.00493438
15 4 0.00675465
15 5 0.00848713
15 6 0.0101324
15 7 0.0116912
15 8 0.013164
15 9 0.0145514
15 10 0.015854
15 11 0.0170723
15 12 0.0182069
15 13 0.0192583
15 14 0.0202268
15 15 0.0211131
15 16 0.0219174
15 17 0.0226401
15 18 0.0232817
15 19 0.0238424
15 20 0.0243224
15 21 0.0247221
15 22 0.0250416
15 23 0.0252811
15 24 0.0254407
15 25 0.0255205
15 26 0.0255205
15 27 0.0254407
15 28 0.0252811
15 29 0.0250416
15 30 0.0247221
15 31 0.0243224
15 32 0.0238424
15 33 0.0232817
15 34 0.0226401
15 35 0.0219174
15 36 0.0211131
15 37 0.0202268
15 38 0.0192583
15 39 0.0182069
15 40 0.0170723
15 41 0.015854
15 42 0.0145514
15 43 0.013164
15 44 0.0116912
15 45 0.0101324
15 46 0.00848713
15 47 0.00675465
15 48 0.00493438
15 49 0.00302567
15 50 0.0010279

