15 1 0.000448189
15 2 0.00128899
15 3 0.00204806
15 4 0.00273089
15 5 0.00334287
15 6 0.00388929
15 7 0.00437528
15 8 0.00480583
15 9 0.00518571
15 10 0.00551948
15 11 0.00581146
15 12 0.00606574
15 13 0.00628611
15 14 0.00647613
15 15 0.00663905
15 16 0.00677785
15 17 0.00689523
15 18 0.0069936
15 19 0.00707509
15 20 0.00714154
15 21 0.00719453
15 22 0.00723538
15 23 0.00726511
15 24 0.0072845
15 25 0.00729407
15 26 0.00729407
15 27 0.0072845
15 28 0.00726511
15 29 0.00723538
15 30 0.00719453
15 31 0.00714154
15 32 0.00707509
15 33 0.0069936
15 34 0.00689523
15 35 0.00677785
15 36 0.00663905
15 37 0.00647613
15 38 0.00628611
15 39 0.00606574
15 40 0.00581146
15 41 0.00551948
15 42 0.00518571
15 43 0.00480583
15 44 0.00437528
15 45 0.00388929
15 46 0.00334287
15 47 0.00273089
15 48 0.00204806
15 49 0.00128899
15 50 0.000448189

