15 1 0.000951853
15 2 0.00279783
15 3 0.00455564
15 4 0.00622651
15 5 0.00781167
15 6 0.00931233
15 7 0.0107297
15 8 0.0120648
15 9 0.013319
15 10 0.0144931
15 11 0.0155884
15 12 0.0166058
15 13 0.0175463
15 14 0.0184108
15 15 0.0192
15 16 0.0199149
15 17 0.0205562
15 18 0.0211245
15 19 0.0216204
15 20 0.0220445
15 21 0.0223972
15 22 0.0226789
15 23 0.0228898
15 24 0.0230304
15 25 0.0231006
15 26 0.0231006
15 27 0.0230304
15 28 0.0228898
15 29 0.0226789
15 30 0.0223972
15 31 0.0220445
15 32 0.0216204
15 33 0.0211245
15 34 0.0205562
15 35 0.0199149
15 36 0.0192
15 37 0.0184108
15 38 0.0175463
15 39 0.0166058
15 40 0.0155884
15 41 0.0144931
15 42 0.013319
15 43 0.0120648
15 44 0.0107297
15 45 0.00931233
15 46 0.00781167
15 47 0.00622651
15 48 0.00455564
15 49 0.00279783
15 50 0.000951853

