15 1 0.000968236
15 2 0.00284692
15 3 0.00463723
15 4 0.00634029
15 5 0.00795719
15 6 0.00948901
15 7 0.0109368
15 8 0.0123016
15 9 0.0135845
15 10 0.0147863
15 11 0.0159081
15 12 0.0169508
15 13 0.0179151
15 14 0.018802
15 15 0.0196122
15 16 0.0203463
15 17 0.0210052
15 18 0.0215892
15 19 0.0220991
15 20 0.0225352
15 21 0.022898
15 22 0.0231879
15 23 0.023405
15 24 0.0235496
15 25 0.0236219
15 26 0.0236219
15 27 0.0235496
15 28 0.023405
15 29 0.0231879
15 30 0.022898
15 31 0.0225352
15 32 0.0220991
15 33 0.0215892
15 34 0.0210052
15 35 0.0203463
15 36 0.0196122
15 37 0.018802
15 38 0.0179151
15 39 0.0169508
15 40 0.0159081
15 41 0.0147863
15 42 0.0135845
15 43 0.0123016
15 44 0.0109368
15 45 0.00948901
15 46 0.00795719
15 47 0.00634029
15 48 0.00463723
15 49 0.00284692
15 50 0.000968236

