15 1 0.000363238
15 2 0.00103476
15 3 0.00162642
15 4 0.00214488
15 5 0.00259667
15 6 0.00298813
15 7 0.00332533
15 8 0.00361406
15 9 0.00385978
15 10 0.00406758
15 11 0.0042422
15 12 0.00438799
15 13 0.00450889
15 14 0.00460846
15 15 0.00468988
15 16 0.00475596
15 17 0.00480915
15 18 0.00485159
15 19 0.00488508
15 20 0.00491115
15 21 0.00493107
15 22 0.00494583
15 23 0.00495624
15 24 0.00496286
15 25 0.00496608
15 26 0.00496608
15 27 0.00496286
15 28 0.00495624
15 29 0.00494583
15 30 0.00493107
15 31 0.00491115
15 32 0.00488508
15 33 0.00485159
15 34 0.00480915
15 35 0.00475596
15 36 0.00468988
15 37 0.00460846
15 38 0.00450889
15 39 0.00438799
15 40 0.0042422
15 41 0.00406758
15 42 0.00385978
15 43 0.00361406
15 44 0.00332533
15 45 0.00298813
15 46 0.00259667
15 47 0.00214488
15 48 0.00162642
15 49 0.00103476
15 50 0.000363238

