15 1 0.000942963
15 2 0.0027712
15 3 0.00451136
15 4 0.00616477
15 5 0.00773271
15 6 0.00921645
15 7 0.0106173
15 8 0.0119363
15 9 0.0131749
15 10 0.0143341
15 11 0.015415
15 12 0.0164187
15 13 0.0173462
15 14 0.0181984
15 15 0.0189764
15 16 0.0196809
15 17 0.0203126
15 18 0.0208723
15 19 0.0213607
15 20 0.0217782
15 21 0.0221254
15 22 0.0224026
15 23 0.0226103
15 24 0.0227486
15 25 0.0228177
15 26 0.0228177
15 27 0.0227486
15 28 0.0226103
15 29 0.0224026
15 30 0.0221254
15 31 0.0217782
15 32 0.0213607
15 33 0.0208723
15 34 0.0203126
15 35 0.0196809
15 36 0.0189764
15 37 0.0181984
15 38 0.0173462
15 39 0.0164187
15 40 0.015415
15 41 0.0143341
15 42 0.0131749
15 43 0.0119363
15 44 0.0106173
15 45 0.00921645
15 46 0.00773271
15 47 0.00616477
15 48 0.00451136
15 49 0.0027712
15 50 0.000942963

