0 640
10 640
20 640
30 640
40 640
50 640
60 640
70 640
80 640
90 640
100 640
110 640
120 640
130 640
140 640
150 640
160 640
170 640
180 640
190 640
200 640
210 640
220 640
230 640
240 640
250 640
260 640
270 640
280 640
290 640
300 640
310 640
320 640
330 640
340 640
350 640
360 640
370 640
380 640
390 640
400 640
410 640
420 640
430 640
440 640
450 640
460 640
470 640
480 640
490 640
500 640
510 640
520 640
530 640
540 640
550 640
560 640
570 640
580 640
590 640
600 640
610 640
620 640
630 640
640 640
650 640
660 640
670 640
680 640
690 640
700 640
710 640
720 640
730 640
740 640
750 640
760 640
770 640
780 640
790 640
800 640
810 640
820 640
830 640
840 640
850 640
860 640
870 640
880 640
890 640
900 640
910 640
920 640
930 640
940 640
950 640
960 640
970 640
980 640
990 640
1000 640
1010 640
1020 640
1030 640
1040 640
1050 640
1060 640
1070 640
1080 640
1090 640
1100 640
1110 640
1120 640
1130 640
1140 640
1150 640
1160 640
1170 640
1180 640
1190 640
1200 640
1210 640
1220 640
1230 640
1240 640
1250 640
1260 640
1270 640
1280 640
1290 640
1300 640
1310 640
1320 640
1330 640
1340 640
1350 640
1360 640
1370 640
1380 640
1390 640
1400 640
1410 640
1420 640
1430 640
1440 640
1450 640
1460 640
1470 640
1480 640
1490 640
1500 640
1510 640
1520 640
1530 640
1540 640
1550 640
1560 640
1570 640
1580 640
1590 640
1600 640
1610 640
1620 640
1630 640
1640 640
1650 640
1660 640
1670 640
1680 640
1690 640
1700 640
1710 640
1720 640
1730 640
1740 640
1750 640
1760 640
1770 640
1780 640
1790 640
1800 640
1810 640
1820 640
1830 640
1840 640
1850 640
1860 640
1870 640
1880 640
1890 640
1900 640
1910 640
1920 640
1930 640
1940 640
1950 640
1960 640
1970 640
1980 640
1990 640
2000 640
2010 640
2020 640
2030 640
2040 640
2050 640
2060 640
2070 640
2080 640
2090 640
2100 640
2110 640
2120 640
2130 640
2140 640
2150 640
2160 640
2170 640
2180 640
2190 640
2200 640
2210 640
2220 640
2230 640
2240 640
2250 640
2260 640
2270 640
2280 640
2290 640
2300 640
2310 640
2320 640
2330 640
2340 640
2350 640
2360 640
2370 640
2380 640
2390 640
2400 640
2410 640
2420 640
2430 640
2440 640
2450 640
2460 640
2470 640
2480 640
2490 640
2500 640
2510 640
2520 640
2530 640
2540 640
2550 640
2560 640
2570 640
2580 640
2590 640
2600 640
2610 640
2620 640
2630 640
2640 640
2650 640
2660 640
2670 640
2680 640
2690 640
2700 640
2710 640
2720 640
2730 640
2740 640
2750 640
2760 640
2770 640
2780 640
2790 640
2800 640
2810 640
2820 640
2830 640
2840 640
2850 640
2860 640
2870 640
2880 640
2890 640
2900 640
2910 640
2920 640
2930 640
2940 640
2950 640
2960 640
2970 640
2980 640
2990 640
3000 640
3010 640
3020 640
3030 640
3040 640
3050 640
3060 640
3070 640
3080 640
3090 640
3100 640
3110 640
3120 640
3130 640
3140 640
3150 640
3160 640
3170 640
3180 640
3190 640
3200 640
3210 640
3220 640
3230 640
3240 640
3250 640
3260 640
3270 640
3280 640
3290 640
3300 640
3310 640
3320 640
3330 640
3340 640
3350 640
3360 640
3370 640
3380 640
3390 640
3400 640
3410 640
3420 640
3430 640
3440 640
3450 640
3460 640
3470 640
3480 640
3490 640
3500 640
3510 640
3520 640
3530 640
3540 640
3550 640
3560 640
3570 640
3580 640
3590 640
3600 640
3610 640
3620 640
3630 640
3640 640
3650 640
3660 640
3670 640
3680 640
3690 640
3700 640
3710 640
3720 640
3730 640
3740 640
3750 640
3760 640
3770 640
3780 640
3790 640
3800 640
3810 640
3820 640
3830 640
3840 640
3850 640
3860 640
3870 640
3880 640
3890 640
3900 640
3910 640
3920 640
3930 640
3940 640
3950 640
3960 640
3970 640
3980 640
3990 640
4000 640
4010 640
4020 640
4030 640
4040 640
4050 640
4060 640
4070 640
4080 640
4090 640
4100 640
4110 640
4120 640
4130 640
4140 640
4150 640
4160 640
4170 640
4180 640
4190 640
4200 640
4210 640
4220 640
4230 640
4240 640
4250 640
4260 640
4270 640
4280 640
4290 640
4300 640
4310 640
4320 640
4330 640
4340 640
4350 640
4360 640
4370 640
4380 640
4390 640
4400 640
4410 640
4420 640
4430 640
4440 640
4450 640
4460 640
4470 640
4480 640
4490 640
4500 640
4510 640
4520 640
4530 640
4540 640
4550 640
4560 640
4570 640
4580 640
4590 640
4600 640
4610 640
4620 640
4630 640
4640 640
4650 640
4660 640
4670 640
4680 640
4690 640
4700 640
4710 640
4720 640
4730 640
4740 640
4750 640
4760 640
4770 640
4780 640
4790 640
4800 640
4810 640
4820 640
4830 640
4840 640
4850 640
4860 640
4870 640
4880 640
4890 640
4900 640
4910 640
4920 640
4930 640
4940 640
4950 640
4960 640
4970 640
4980 640
4990 640
5000 640
5010 640
5020 640
5030 640
5040 640
5050 640
5060 640
5070 640
5080 640
5090 640
5100 640
5110 640
5120 640
5130 640
5140 640
5150 640
5160 640
5170 640
5180 640
5190 640
5200 640
5210 640
5220 640
5230 640
5240 640
5250 640
5260 640
5270 640
5280 640
5290 640
5300 640
5310 640
5320 640
5330 640
5340 640
5350 640
5360 640
5370 640
5380 640
5390 640
5400 640
5410 640
5420 640
5430 640
5440 640
5450 640
5460 640
5470 640
5480 640
5490 640
5500 640
5510 640
5520 640
5530 640
5540 640
5550 640
5560 640
5570 640
5580 640
5590 640
5600 640
5610 640
5620 640
5630 640
5640 640
5650 640
5660 640
5670 640
5680 640
5690 640
5700 640
5710 640
5720 640
5730 640
5740 640
5750 640
5760 640
5770 640
5780 640
5790 640
5800 640
5810 640
5820 640
5830 640
5840 640
5850 640
5860 640
5870 640
5880 640
5890 640
5900 640
5910 640
5920 640
5930 640
5940 640
5950 640
5960 640
5970 640
5980 640
5990 640
6000 640
6010 640
6020 640
6030 640
6040 640
6050 640
6060 640
6070 640
6080 640
6090 640
6100 640
6110 640
6120 640
6130 640
6140 640
6150 640
6160 640
6170 640
6180 640
6190 640
6200 640
6210 640
6220 640
6230 640
6240 640
6250 640
6260 640
6270 640
6280 640
6290 640
6300 640
6310 640
6320 640
6330 640
6340 640
6350 640
6360 640
6370 640
6380 640
6390 640
6400 640
6410 640
6420 640
6430 640
6440 640
6450 640
6460 640
6470 640
6480 640
6490 640
6500 640
6510 640
6520 640
6530 640
6540 640
6550 640
6560 640
6570 640
6580 640
6590 640
6600 640
6610 640
6620 640
6630 640
6640 640
6650 640
6660 640
6670 640
6680 640
6690 640
6700 640
6710 640
6720 640
6730 640
6740 640
6750 640
6760 640
6770 640
6780 640
6790 640
6800 640
6810 640
6820 640
6830 640
6840 640
6850 640
6860 640
6870 640
6880 640
6890 640
6900 640
6910 640
6920 640
6930 640
6940 640
6950 640
6960 640
6970 640
6980 640
6990 640
7000 640
7010 640
7020 640
7030 640
7040 640
7050 640
7060 640
7070 640
7080 640
7090 640
7100 640
7110 640
7120 640
7130 640
7140 640
7150 640
7160 640
7170 640
7180 640
7190 640
7200 640
7210 640
7220 640
7230 640
7240 640
7250 640
7260 640
7270 640
7280 640
7290 640
7300 640
7310 640
7320 640
7330 640
7340 640
7350 640
7360 640
7370 640
7380 640
7390 640
7400 640
7410 640
7420 640
7430 640
7440 640
7450 640
7460 640
7470 640
7480 640
7490 640
7500 640
7510 640
7520 640
7530 640
7540 640
7550 640
7560 640
7570 640
7580 640
7590 640
7600 640
7610 640
7620 640
7630 640
7640 640
7650 640
7660 640
7670 640
7680 640
7690 640
7700 640
7710 640
7720 640
7730 640
7740 640
7750 640
7760 640
7770 640
7780 640
7790 640
7800 640
7810 640
7820 640
7830 640
7840 640
7850 640
7860 640
7870 640
7880 640
7890 640
7900 640
7910 640
7920 640
7930 640
7940 640
7950 640
7960 640
7970 640
7980 640
7990 640
8000 640
8010 640
8020 640
8030 640
8040 640
8050 640
8060 640
8070 640
8080 640
8090 640
8100 640
8110 640
8120 640
8130 640
8140 640
8150 640
8160 640
8170 640
8180 640
8190 640
8200 640
8210 640
8220 640
8230 640
8240 640
8250 640
8260 640
8270 640
8280 640
8290 640
8300 640
8310 640
8320 640
8330 640
8340 640
8350 640
8360 640
8370 640
8380 640
8390 640
8400 640
8410 640
8420 640
8430 640
8440 640
8450 640
8460 640
8470 640
8480 640
8490 640
8500 640
8510 640
8520 640
8530 640
8540 640
8550 640
8560 640
8570 640
8580 640
8590 640
8600 640
8610 640
8620 640
8630 640
8640 640
8650 640
8660 640
8670 640
8680 640
8690 640
8700 640
8710 640
8720 640
8730 640
8740 640
8750 640
8760 640
8770 640
8780 640
8790 640
8800 640
8810 640
8820 640
8830 640
8840 640
8850 640
8860 640
8870 640
8880 640
8890 640
8900 640
8910 640
8920 640
8930 640
8940 640
8950 640
8960 640
8970 640
8980 640
8990 640
9000 640
9010 640
9020 640
9030 640
9040 640
9050 640
9060 640
9070 640
9080 640
9090 640
9100 640
9110 640
9120 640
9130 640
9140 640
9150 640
9160 640
9170 640
9180 640
9190 640
9200 640
9210 640
9220 640
9230 640
9240 640
9250 640
9260 640
9270 640
9280 640
9290 640
9300 640
9310 640
9320 640
9330 640
9340 640
9350 640
9360 640
9370 640
9380 640
9390 640
9400 640
9410 640
9420 640
9430 640
9440 640
9450 640
9460 640
9470 640
9480 640
9490 640
9500 640
9510 640
9520 640
9530 640
9540 640
9550 640
9560 640
9570 640
9580 640
9590 640
9600 640
9610 640
9620 640
9630 640
9640 640
9650 640
9660 640
9670 640
9680 640
9690 640
9700 640
9710 640
9720 640
9730 640
9740 640
9750 640
9760 640
9770 640
9780 640
9790 640
9800 640
9810 640
9820 640
9830 640
9840 640
9850 640
9860 640
9870 640
9880 640
9890 640
9900 640
9910 640
9920 640
9930 640
9940 640
9950 640
9960 640
9970 640
9980 640
9990 640
10000 640
10010 640
10020 640
10030 640
10040 640
10050 640
10060 640
10070 640
10080 640
10090 640
10100 640
10110 640
10120 640
10130 640
10140 640
10150 640
10160 640
10170 640
10180 640
10190 640
10200 640
10210 640
10220 640
10230 640
10240 640
10250 640
10260 640
10270 640
10280 640
10290 640
10300 640
10310 640
10320 640
10330 640
10340 640
10350 640
10360 640
10370 640
10380 640
10390 640
10400 640
10410 640
10420 640
10430 640
10440 640
10450 640
10460 640
10470 640
10480 640
10490 640
10500 640
10510 640
10520 640
10530 640
10540 640
10550 640
10560 640
10570 640
10580 640
10590 640
10600 640
10610 640
10620 640
10630 640
10640 640
10650 640
10660 640
10670 640
10680 640
10690 640
10700 640
10710 640
10720 640
10730 640
10740 640
10750 640
10760 640
10770 640
10780 640
10790 640
10800 640
10810 640
10820 640
10830 640
10840 640
10850 640
10860 640
10870 640
10880 640
10890 640
10900 640
10910 640
10920 640
10930 640
10940 640
10950 640
10960 640
10970 640
10980 640
10990 640
11000 640
11010 640
11020 640
11030 640
11040 640
11050 640
11060 640
11070 640
11080 640
11090 640
11100 640
11110 640
11120 640
11130 640
11140 640
11150 640
11160 640
11170 640
11180 640
11190 640
11200 640
11210 640
11220 640
11230 640
11240 640
11250 640
11260 640
11270 640
11280 640
11290 640
11300 640
11310 640
11320 640
11330 640
11340 640
11350 640
11360 640
11370 640
11380 640
11390 640
11400 640
11410 640
11420 640
11430 640
11440 640
11450 640
11460 640
11470 640
11480 640
11490 640
11500 640
11510 640
11520 640
11530 640
11540 640
11550 640
11560 640
11570 640
11580 640
11590 640
11600 640
11610 640
11620 640
11630 640
11640 640
11650 640
11660 640
11670 640
11680 640
11690 640
11700 640
11710 640
11720 640
11730 640
11740 640
11750 640
11760 640
11770 640
11780 640
11790 640
11800 640
11810 640
11820 640
11830 640
11840 640
11850 640
11860 640
11870 640
11880 640
11890 640
11900 640
11910 640
11920 640
11930 640
11940 640
11950 640
11960 640
11970 640
11980 640
11990 640
12000 640
12010 640
12020 640
12030 640
12040 640
12050 640
12060 640
12070 640
12080 640
12090 640
12100 640
12110 640
12120 640
12130 640
12140 640
12150 640
12160 640
12170 640
12180 640
12190 640
12200 640
12210 640
12220 640
12230 640
12240 640
12250 640
12260 640
12270 640
12280 640
12290 640
12300 640
12310 640
12320 640
12330 640
12340 640
12350 640
12360 640
12370 640
12380 640
12390 640
12400 640
12410 640
12420 640
12430 640
12440 640
12450 640
12460 640
12470 640
12480 640
12490 640
12500 640
12510 640
12520 640
12530 640
12540 640
12550 640
12560 640
12570 640
12580 640
12590 640
12600 640
12610 640
12620 640
12630 640
12640 640
12650 640
12660 640
12670 640
12680 640
12690 640
12700 640
12710 640
12720 640
12730 640
12740 640
12750 640
12760 640
12770 640
12780 640
12790 640
12800 640
12810 640
12820 640
12830 640
12840 640
12850 640
12860 640
12870 640
12880 640
12890 640
12900 640
12910 640
12920 640
12930 640
12940 640
12950 640
12960 640
12970 640
12980 640
12990 640
13000 640
13010 640
13020 640
13030 640
13040 640
13050 640
13060 640
13070 640
13080 640
13090 640
13100 640
13110 640
13120 640
13130 640
13140 640
13150 640
13160 640
13170 640
13180 640
13190 640
13200 640
13210 640
13220 640
13230 640
13240 640
13250 640
13260 640
13270 640
13280 640
13290 640
13300 640
13310 640
13320 640
13330 640
13340 640
13350 640
13360 640
13370 640
13380 640
13390 640
13400 640
13410 640
13420 640
13430 640
13440 640
13450 640
13460 640
13470 640
13480 640
13490 640
13500 640
13510 640
13520 640
13530 640
13540 640
13550 640
13560 640
13570 640
13580 640
13590 640
13600 640
13610 640
13620 640
13630 640
13640 640
13650 640
13660 640
13670 640
13680 640
13690 640
13700 640
13710 640
13720 640
13730 640
13740 640
13750 640
13760 640
13770 640
13780 640
13790 640
13800 640
13810 640
13820 640
13830 640
13840 640
13850 640
13860 640
13870 640
13880 640
13890 640
13900 640
13910 640
13920 640
13930 640
13940 640
13950 640
13960 640
13970 640
13980 640
13990 640
14000 640
14010 640
14020 640
14030 640
14040 640
14050 640
14060 640
14070 640
14080 640
14090 640
14100 640
14110 640
14120 640
14130 640
14140 640
14150 640
14160 640
14170 640
14180 640
14190 640
14200 640
14210 640
14220 640
14230 640
14240 640
14250 640
14260 640
14270 640
14280 640
14290 640
14300 640
14310 640
14320 640
14330 640
14340 640
14350 640
14360 640
14370 640
14380 640
14390 640
14400 640
14410 640
14420 640
14430 640
14440 640
14450 640
14460 640
14470 640
14480 640
14490 640
14500 640
14510 640
14520 640
14530 640
14540 640
14550 640
14560 640
14570 640
14580 640
14590 640
14600 640
14610 640
14620 640
14630 640
14640 640
14650 640
14660 640
14670 640
14680 640
14690 640
14700 640
14710 640
14720 640
14730 640
14740 640
14750 640
14760 640
14770 640
14780 640
14790 640
14800 640
14810 640
14820 640
14830 640
14840 640
14850 640
14860 640
14870 640
14880 640
14890 640
14900 640
14910 640
14920 640
14930 640
14940 640
14950 640
14960 640
14970 640
14980 640
14990 640
15000 640
15010 640
15020 640
15030 640
15040 640
15050 640
15060 640
15070 640
15080 640
15090 640
15100 640
15110 640
15120 640
15130 640
15140 640
15150 640
15160 640
15170 640
15180 640
15190 640
15200 640
15210 640
15220 640
15230 640
15240 640
15250 640
15260 640
15270 640
15280 640
15290 640
15300 640
15310 640
15320 640
15330 640
15340 640
15350 640
15360 640
15370 640
15380 640
15390 640
15400 640
15410 640
15420 640
15430 640
15440 640
15450 640
15460 640
15470 640
15480 640
15490 640
15500 640
15510 640
15520 640
15530 640
15540 640
15550 640
15560 640
15570 640
15580 640
15590 640
15600 640
15610 640
15620 640
15630 640
15640 640
15650 640
15660 640
15670 640
15680 640
15690 640
15700 640
15710 640
15720 640
15730 640
15740 640
15750 640
15760 640
15770 640
15780 640
15790 640
15800 640
15810 640
15820 640
15830 640
15840 640
15850 640
15860 640
15870 640
15880 640
15890 640
15900 640
15910 640
15920 640
15930 640
15940 640
15950 640
15960 640
15970 640
15980 640
15990 640
16000 640
16010 640
16020 640
16030 640
16040 640
16050 640
16060 640
16070 640
16080 640
16090 640
16100 640
16110 640
16120 640
16130 640
16140 640
16150 640
16160 640
16170 640
16180 640
16190 640
16200 640
16210 640
16220 640
16230 640
16240 640
16250 640
16260 640
16270 640
16280 640
16290 640
16300 640
16310 640
16320 640
16330 640
16340 640
16350 640
16360 640
16370 640
16380 640
16390 640
16400 640
16410 640
16420 640
16430 640
16440 640
16450 640
16460 640
16470 640
16480 640
16490 640
16500 640
16510 640
16520 640
16530 640
16540 640
16550 640
16560 640
16570 640
16580 640
16590 640
16600 640
16610 640
16620 640
16630 640
16640 640
16650 640
16660 640
16670 640
16680 640
16690 640
16700 640
16710 640
16720 640
16730 640
16740 640
16750 640
16760 640
16770 640
16780 640
16790 640
16800 640
16810 640
16820 640
16830 640
16840 640
16850 640
16860 640
16870 640
16880 640
16890 640
16900 640
16910 640
16920 640
16930 640
16940 640
16950 640
16960 640
16970 640
16980 640
16990 640
17000 640
17010 640
17020 640
17030 640
17040 640
17050 640
17060 640
17070 640
17080 640
17090 640
17100 640
17110 640
17120 640
17130 640
17140 640
17150 640
17160 640
17170 640
17180 640
17190 640
17200 640
17210 640
17220 640
17230 640
17240 640
17250 640
17260 640
17270 640
17280 640
17290 640
17300 640
17310 640
17320 640
17330 640
17340 640
17350 640
17360 640
17370 640
17380 640
17390 640
17400 640
17410 640
17420 640
17430 640
17440 640
17450 640
17460 640
17470 640
17480 640
17490 640
17500 640
17510 640
17520 640
17530 640
17540 640
17550 640
17560 640
17570 640
17580 640
17590 640
17600 640
17610 640
17620 640
17630 640
17640 640
17650 640
17660 640
17670 640
17680 640
17690 640
17700 640
17710 640
17720 640
17730 640
17740 640
17750 640
17760 640
17770 640
17780 640
17790 640
17800 640
17810 640
17820 640
17830 640
17840 640
17850 640
17860 640
17870 640
17880 640
17890 640
17900 640
17910 640
17920 640
17930 640
17940 640
17950 640
17960 640
17970 640
17980 640
17990 640
18000 640
18010 640
18020 640
18030 640
18040 640
18050 640
18060 640
18070 640
18080 640
18090 640
18100 640
18110 640
18120 640
18130 640
18140 640
18150 640
18160 640
18170 640
18180 640
18190 640
18200 640
18210 640
18220 640
18230 640
18240 640
18250 640
18260 640
18270 640
18280 640
18290 640
18300 640
18310 640
18320 640
18330 640
18340 640
18350 640
18360 640
18370 640
18380 640
18390 640
18400 640
18410 640
18420 640
18430 640
18440 640
18450 640
18460 640
18470 640
18480 640
18490 640
18500 640
18510 640
18520 640
18530 640
18540 640
18550 640
18560 640
18570 640
18580 640
18590 640
18600 640
18610 640
18620 640
18630 640
18640 640
18650 640
18660 640
18670 640
18680 640
18690 640
18700 640
18710 640
18720 640
18730 640
18740 640
18750 640
18760 640
18770 640
18780 640
18790 640
18800 640
18810 640
18820 640
18830 640
18840 640
18850 640
18860 640
18870 640
18880 640
18890 640
18900 640
18910 640
18920 640
18930 640
18940 640
18950 640
18960 640
18970 640
18980 640
18990 640
19000 640
19010 640
19020 640
19030 640
19040 640
19050 640
19060 640
19070 640
19080 640
19090 640
19100 640
19110 640
19120 640
19130 640
19140 640
19150 640
19160 640
19170 640
19180 640
19190 640
19200 640
19210 640
19220 640
19230 640
19240 640
19250 640
19260 640
19270 640
19280 640
19290 640
19300 640
19310 640
19320 640
19330 640
19340 640
19350 640
19360 640
19370 640
19380 640
19390 640
19400 640
19410 640
19420 640
19430 640
19440 640
19450 640
19460 640
19470 640
19480 640
19490 640
19500 640
19510 640
19520 640
19530 640
19540 640
19550 640
19560 640
19570 640
19580 640
19590 640
19600 640
19610 640
19620 640
19630 640
19640 640
19650 640
19660 640
19670 640
19680 640
19690 640
19700 640
19710 640
19720 640
19730 640
19740 640
19750 640
19760 640
19770 640
19780 640
19790 640
19800 640
19810 640
19820 640
19830 640
19840 640
19850 640
19860 640
19870 640
19880 640
19890 640
19900 640
19910 640
19920 640
19930 640
19940 640
19950 640
19960 640
19970 640
19980 640
19990 640
20000 640
20010 640
20020 640
20030 640
20040 640
20050 640
20060 640
20070 640
20080 640
20090 640
20100 640
20110 640
20120 640
20130 640
20140 640
20150 640
20160 640
20170 640
20180 640
20190 640
20200 640
20210 640
20220 640
20230 640
20240 640
20250 640
20260 640
20270 640
20280 640
20290 640
20300 640
20310 640
20320 640
20330 640
20340 640
20350 640
20360 640
20370 640
20380 640
20390 640
20400 640
20410 640
20420 640
20430 640
20440 640
20450 640
20460 640
20470 640
20480 640
20490 640
20500 640
20510 640
20520 640
20530 640
20540 640
20550 640
20560 640
20570 640
20580 640
20590 640
20600 640
20610 640
20620 640
20630 640
20640 640
20650 640
20660 640
20670 640
20680 640
20690 640
20700 640
20710 640
20720 640
20730 640
20740 640
20750 640
20760 640
20770 640
20780 640
20790 640
20800 640
20810 640
20820 640
20830 640
20840 640
20850 640
20860 640
20870 640
20880 640
20890 640
20900 640
20910 640
20920 640
20930 640
20940 640
20950 640
20960 640
20970 640
20980 640
20990 640
21000 640
21010 640
21020 640
21030 640
21040 640
21050 640
21060 640
21070 640
21080 640
21090 640
21100 640
21110 640
21120 640
21130 640
21140 640
21150 640
21160 640
21170 640
21180 640
21190 640
21200 640
21210 640
21220 640
21230 640
21240 640
21250 640
21260 640
21270 640
21280 640
21290 640
21300 640
21310 640
21320 640
21330 640
21340 640
21350 640
21360 640
21370 640
21380 640
21390 640
21400 640
21410 640
21420 640
21430 640
21440 640
21450 640
21460 640
21470 640
21480 640
21490 640
21500 640
21510 640
21520 640
21530 640
21540 640
21550 640
21560 640
21570 640
21580 640
21590 640
21600 640
21610 640
21620 640
21630 640
21640 640
21650 640
21660 640
21670 640
21680 640
21690 640
21700 640
21710 640
21720 640
21730 640
21740 640
21750 640
21760 640
21770 640
21780 640
21790 640
21800 640
21810 640
21820 640
21830 640
21840 640
21850 640
21860 640
21870 640
21880 640
21890 640
21900 640
21910 640
21920 640
21930 640
21940 640
21950 640
21960 640
21970 640
21980 640
21990 640
22000 640
22010 640
22020 640
22030 640
22040 640
22050 640
22060 640
22070 640
22080 640
22090 640
22100 640
22110 640
22120 640
22130 640
22140 640
22150 640
22160 640
22170 640
22180 640
22190 640
22200 640
22210 640
22220 640
22230 640
22240 640
22250 640
22260 640
22270 640
22280 640
22290 640
22300 640
22310 640
22320 640
22330 640
22340 640
22350 640
22360 640
22370 640
22380 640
22390 640
22400 640
22410 640
22420 640
22430 640
22440 640
22450 640
22460 640
22470 640
22480 640
22490 640
22500 640
22510 640
22520 640
22530 640
22540 640
22550 640
22560 640
22570 640
22580 640
22590 640
22600 640
22610 640
22620 640
22630 640
22640 640
22650 640
22660 640
22670 640
22680 640
22690 640
22700 640
22710 640
22720 640
22730 640
22740 640
22750 640
22760 640
22770 640
22780 640
22790 640
22800 640
22810 640
22820 640
22830 640
22840 640
22850 640
22860 640
22870 640
22880 640
22890 640
22900 640
22910 640
22920 640
22930 640
22940 640
22950 640
22960 640
22970 640
22980 640
22990 640
23000 640
23010 640
23020 640
23030 640
23040 640
23050 640
23060 640
23070 640
23080 640
23090 640
23100 640
23110 640
23120 640
23130 640
23140 640
23150 640
23160 640
23170 640
23180 640
23190 640
23200 640
23210 640
23220 640
23230 640
23240 640
23250 640
23260 640
23270 640
23280 640
23290 640
23300 640
23310 640
23320 640
23330 640
23340 640
23350 640
23360 640
23370 640
23380 640
23390 640
23400 640
23410 640
23420 640
23430 640
23440 640
23450 640
23460 640
23470 640
23480 640
23490 640
23500 640
23510 640
23520 640
23530 640
23540 640
23550 640
23560 640
23570 640
23580 640
23590 640
23600 640
23610 640
23620 640
23630 640
23640 640
23650 640
23660 640
23670 640
23680 640
23690 640
23700 640
23710 640
23720 640
23730 640
23740 640
23750 640
23760 640
23770 640
23780 640
23790 640
23800 640
23810 640
23820 640
23830 640
23840 640
23850 640
23860 640
23870 640
23880 640
23890 640
23900 640
23910 640
23920 640
23930 640
23940 640
23950 640
23960 640
23970 640
23980 640
23990 640
24000 640
24010 640
24020 640
24030 640
24040 640
24050 640
24060 640
24070 640
24080 640
24090 640
24100 640
24110 640
24120 640
24130 640
24140 640
24150 640
24160 640
24170 640
24180 640
24190 640
24200 640
24210 640
24220 640
24230 640
24240 640
24250 640
24260 640
24270 640
24280 640
24290 640
24300 640
24310 640
24320 640
24330 640
24340 640
24350 640
24360 640
24370 640
24380 640
24390 640
24400 640
24410 640
24420 640
24430 640
24440 640
24450 640
24460 640
24470 640
24480 640
24490 640
24500 640
24510 640
24520 640
24530 640
24540 640
24550 640
24560 640
24570 640
24580 640
24590 640
24600 640
24610 640
24620 640
24630 640
24640 640
24650 640
24660 640
24670 640
24680 640
24690 640
24700 640
24710 640
24720 640
24730 640
24740 640
24750 640
24760 640
24770 640
24780 640
24790 640
24800 640
24810 640
24820 640
24830 640
24840 640
24850 640
24860 640
24870 640
24880 640
24890 640
24900 640
24910 640
24920 640
24930 640
24940 640
24950 640
24960 640
24970 640
24980 640
24990 640
25000 640
25010 640
25020 640
25030 640
25040 640
25050 640
25060 640
25070 640
25080 640
25090 640
25100 640
25110 640
25120 640
25130 640
25140 640
25150 640
25160 640
25170 640
25180 640
25190 640
25200 640
25210 640
25220 640
25230 640
25240 640
25250 640
25260 640
25270 640
25280 640
25290 640
25300 640
25310 640
25320 640
25330 640
25340 640
25350 640
25360 640
25370 640
25380 640
25390 640
25400 640
25410 640
25420 640
25430 640
25440 640
25450 640
25460 640
25470 640
25480 640
25490 640
25500 640
25510 640
25520 640
25530 640
25540 640
25550 640
25560 640
25570 640
25580 640
25590 640
25600 640
25610 640
25620 640
25630 640
25640 640
25650 640
25660 640
25670 640
25680 640
25690 640
25700 640
25710 640
25720 640
25730 640
25740 640
25750 640
25760 640
25770 640
25780 640
25790 640
25800 640
25810 640
25820 640
25830 640
25840 640
25850 640
25860 640
25870 640
25880 640
25890 640
25900 640
25910 640
25920 640
25930 640
25940 640
25950 640
25960 640
25970 640
25980 640
25990 640
26000 640
26010 640
26020 640
26030 640
26040 640
26050 640
26060 640
26070 640
26080 640
26090 640
26100 640
26110 640
26120 640
26130 640
26140 640
26150 640
26160 640
26170 640
26180 640
26190 640
26200 640
26210 640
26220 640
26230 640
26240 640
26250 640
26260 640
26270 640
26280 640
26290 640
26300 640
26310 640
26320 640
26330 640
26340 640
26350 640
26360 640
26370 640
26380 640
26390 640
26400 640
26410 640
26420 640
26430 640
26440 640
26450 640
26460 640
26470 640
26480 640
26490 640
26500 640
26510 640
26520 640
26530 640
26540 640
26550 640
26560 640
26570 640
26580 640
26590 640
26600 640
26610 640
26620 640
26630 640
26640 640
26650 640
26660 640
26670 640
26680 640
26690 640
26700 640
26710 640
26720 640
26730 640
26740 640
26750 640
26760 640
26770 640
26780 640
26790 640
26800 640
26810 640
26820 640
26830 640
26840 640
26850 640
26860 640
26870 640
26880 640
26890 640
26900 640
26910 640
26920 640
26930 640
26940 640
26950 640
26960 640
26970 640
26980 640
26990 640
27000 640
27010 640
27020 640
27030 640
27040 640
27050 640
27060 640
27070 640
27080 640
27090 640
27100 640
27110 640
27120 640
27130 640
27140 640
27150 640
27160 640
27170 640
27180 640
27190 640
27200 640
27210 640
27220 640
27230 640
27240 640
27250 640
27260 640
27270 640
27280 640
27290 640
27300 640
27310 640
27320 640
27330 640
27340 640
27350 640
27360 640
27370 640
27380 640
27390 640
27400 640
27410 640
27420 640
27430 640
27440 640
27450 640
27460 640
27470 640
27480 640
27490 640
27500 640
27510 640
27520 640
27530 640
27540 640
27550 640
27560 640
27570 640
27580 640
27590 640
27600 640
27610 640
27620 640
27630 640
27640 640
27650 640
27660 640
27670 640
27680 640
27690 640
27700 640
27710 640
27720 640
27730 640
27740 640
27750 640
27760 640
27770 640
27780 640
27790 640
27800 640
27810 640
27820 640
27830 640
27840 640
27850 640
27860 640
27870 640
27880 640
27890 640
27900 640
27910 640
27920 640
27930 640
27940 640
27950 640
27960 640
27970 640
27980 640
27990 640
28000 640
28010 640
28020 640
28030 640
28040 640
28050 640
28060 640
28070 640
28080 640
28090 640
28100 640
28110 640
28120 640
28130 640
28140 640
28150 640
28160 640
28170 640
28180 640
28190 640
28200 640
28210 640
28220 640
28230 640
28240 640
28250 640
28260 640
28270 640
28280 640
28290 640
28300 640
28310 640
28320 640
28330 640
28340 640
28350 640
28360 640
28370 640
28380 640
28390 640
28400 640
28410 640
28420 640
28430 640
28440 640
28450 640
28460 640
28470 640
28480 640
28490 640
28500 640
28510 640
28520 640
28530 640
28540 640
28550 640
28560 640
28570 640
28580 640
28590 640
28600 640
28610 640
28620 640
28630 640
28640 640
28650 640
28660 640
28670 640
28680 640
28690 640
28700 640
28710 640
28720 640
28730 640
28740 640
28750 640
28760 640
28770 640
28780 640
28790 640
28800 640
28810 640
28820 640
28830 640
28840 640
28850 640
28860 640
28870 640
28880 640
28890 640
28900 640
28910 640
28920 640
28930 640
28940 640
28950 640
28960 640
28970 640
28980 640
28990 640
29000 640
29010 640
29020 640
29030 640
29040 640
29050 640
29060 640
29070 640
29080 640
29090 640
29100 640
29110 640
29120 640
29130 640
29140 640
29150 640
29160 640
29170 640
29180 640
29190 640
29200 640
29210 640
29220 640
29230 640
29240 640
29250 640
29260 640
29270 640
29280 640
29290 640
29300 640
29310 640
29320 640
29330 640
29340 640
29350 640
29360 640
29370 640
29380 640
29390 640
29400 640
29410 640
29420 640
29430 640
29440 640
29450 640
29460 640
29470 640
29480 640
29490 640
29500 640
29510 640
29520 640
29530 640
29540 640
29550 640
29560 640
29570 640
29580 640
29590 640
29600 640
29610 640
29620 640
29630 640
29640 640
29650 640
29660 640
29670 640
29680 640
29690 640
29700 640
29710 640
29720 640
29730 640
29740 640
29750 640
29760 640
29770 640
29780 640
29790 640
29800 640
29810 640
29820 640
29830 640
29840 640
29850 640
29860 640
29870 640
29880 640
29890 640
29900 640
29910 640
29920 640
29930 640
29940 640
29950 640
29960 640
29970 640
29980 640
29990 640
30000 640
30010 640
30020 640
30030 640
30040 640
30050 640
30060 640
30070 640
30080 640
30090 640
30100 640
30110 640
30120 640
30130 640
30140 640
30150 640
30160 640
30170 640
30180 640
30190 640
30200 640
30210 640
30220 640
30230 640
30240 640
30250 640
30260 640
30270 640
30280 640
30290 640
30300 640
30310 640
30320 640
30330 640
30340 640
30350 640
30360 640
30370 640
30380 640
30390 640
30400 640
30410 640
30420 640
30430 640
30440 640
30450 640
30460 640
30470 640
30480 640
30490 640
30500 640
30510 640
30520 640
30530 640
30540 640
30550 640
30560 640
30570 640
30580 640
30590 640
30600 640
30610 640
30620 640
30630 640
30640 640
30650 640
30660 640
30670 640
30680 640
30690 640
30700 640
30710 640
30720 640
30730 640
30740 640
30750 640
30760 640
30770 640
30780 640
30790 640
30800 640
30810 640
30820 640
30830 640
30840 640
30850 640
30860 640
30870 640
30880 640
30890 640
30900 640
30910 640
30920 640
30930 640
30940 640
30950 640
30960 640
30970 640
30980 640
30990 640
31000 640
31010 640
31020 640
31030 640
31040 640
31050 640
31060 640
31070 640
31080 640
31090 640
31100 640
31110 640
31120 640
31130 640
31140 640
31150 640
31160 640
31170 640
31180 640
31190 640
31200 640
31210 640
31220 640
31230 640
31240 640
31250 640
31260 640
31270 640
31280 640
31290 640
31300 640
31310 640
31320 640
31330 640
31340 640
31350 640
31360 640
31370 640
31380 640
31390 640
31400 640
31410 640
31420 640
31430 640
31440 640
31450 640
31460 640
31470 640
31480 640
31490 640
31500 640
31510 640
31520 640
31530 640
31540 640
31550 640
31560 640
31570 640
31580 640
31590 640
31600 640
31610 640
31620 640
31630 640
31640 640
31650 640
31660 640
31670 640
31680 640
31690 640
31700 640
31710 640
31720 640
31730 640
31740 640
31750 640
31760 640
31770 640
31780 640
31790 640
31800 640
31810 640
31820 640
31830 640
31840 640
31850 640
31860 640
31870 640
31880 640
31890 640
31900 640
31910 640
31920 640
31930 640
31940 640
31950 640
31960 640
31970 640
31980 640
31990 640
32000 640
32010 640
32020 640
32030 640
32040 640
32050 640
32060 640
32070 640
32080 640
32090 640
32100 640
32110 640
32120 640
32130 640
32140 640
32150 640
32160 640
32170 640
32180 640
32190 640
32200 640
32210 640
32220 640
32230 640
32240 640
32250 640
32260 640
32270 640
32280 640
32290 640
32300 640
32310 640
32320 640
32330 640
32340 640
32350 640
32360 640
32370 640
32380 640
32390 640
32400 640
32410 640
32420 640
32430 640
32440 640
32450 640
32460 640
32470 640
32480 640
32490 640
32500 640
32510 640
32520 640
32530 640
32540 640
32550 640
32560 640
32570 640
32580 640
32590 640
32600 640
32610 640
32620 640
32630 640
32640 640
32650 640
32660 640
32670 640
32680 640
32690 640
32700 640
32710 640
32720 640
32730 640
32740 640
32750 640
32760 640
32770 640
32780 640
32790 640
32800 640
32810 640
32820 640
32830 640
32840 640
32850 640
32860 640
32870 640
32880 640
32890 640
32900 640
32910 640
32920 640
32930 640
32940 640
32950 640
32960 640
32970 640
32980 640
32990 640
33000 640
33010 640
33020 640
33030 640
33040 640
33050 640
33060 640
33070 640
33080 640
33090 640
33100 640
33110 640
33120 640
33130 640
33140 640
33150 640
33160 640
33170 640
33180 640
33190 640
33200 640
33210 640
33220 640
33230 640
33240 640
33250 640
33260 640
33270 640
33280 640
33290 640
33300 640
33310 640
33320 640
33330 640
33340 640
33350 640
33360 640
33370 640
33380 640
33390 640
33400 640
33410 640
33420 640
33430 640
33440 640
33450 640
33460 640
33470 640
33480 640
33490 640
33500 640
33510 640
33520 640
33530 640
33540 640
33550 640
33560 640
33570 640
33580 640
33590 640
33600 640
33610 640
33620 640
33630 640
33640 640
33650 640
33660 640
33670 640
33680 640
33690 640
33700 640
33710 640
33720 640
33730 640
33740 640
33750 640
33760 640
33770 640
33780 640
33790 640
33800 640
33810 640
33820 640
33830 640
33840 640
33850 640
33860 640
33870 640
33880 640
33890 640
33900 640
33910 640
33920 640
33930 640
33940 640
33950 640
33960 640
33970 640
33980 640
33990 640
34000 640
34010 640
34020 640
34030 640
34040 640
34050 640
34060 640
34070 640
34080 640
34090 640
34100 640
34110 640
34120 640
34130 640
34140 640
34150 640
34160 640
34170 640
34180 640
34190 640
34200 640
34210 640
34220 640
34230 640
34240 640
34250 640
34260 640
34270 640
34280 640
34290 640
34300 640
34310 640
34320 640
34330 640
34340 640
34350 640
34360 640
34370 640
34380 640
34390 640
34400 640
34410 640
34420 640
34430 640
34440 640
34450 640
34460 640
34470 640
34480 640
34490 640
34500 640
34510 640
34520 640
34530 640
34540 640
34550 640
34560 640
34570 640
34580 640
34590 640
34600 640
34610 640
34620 640
34630 640
34640 640
34650 640
34660 640
34670 640
34680 640
34690 640
34700 640
34710 640
34720 640
34730 640
34740 640
34750 640
34760 640
34770 640
34780 640
34790 640
34800 640
34810 640
34820 640
34830 640
34840 640
34850 640
34860 640
34870 640
34880 640
34890 640
34900 640
34910 640
34920 640
34930 640
34940 640
34950 640
34960 640
34970 640
34980 640
34990 640
35000 640
35010 640
35020 640
35030 640
35040 640
35050 640
35060 640
35070 640
35080 640
35090 640
35100 640
35110 640
35120 640
35130 640
35140 640
35150 640
35160 640
35170 640
35180 640
35190 640
35200 640
35210 640
35220 640
35230 640
35240 640
35250 640
35260 640
35270 640
35280 640
35290 640
35300 640
35310 640
35320 640
35330 640
35340 640
35350 640
35360 640
35370 640
35380 640
35390 640
35400 640
35410 640
35420 640
35430 640
35440 640
35450 640
35460 640
35470 640
35480 640
35490 640
35500 640
35510 640
35520 640
35530 640
35540 640
35550 640
35560 640
35570 640
35580 640
35590 640
35600 640
35610 640
35620 640
35630 640
35640 640
35650 640
35660 640
35670 640
35680 640
35690 640
35700 640
35710 640
35720 640
35730 640
35740 640
35750 640
35760 640
35770 640
35780 640
35790 640
35800 640
35810 640
35820 640
35830 640
35840 640
35850 640
35860 640
35870 640
35880 640
35890 640
35900 640
35910 640
35920 640
35930 640
35940 640
35950 640
35960 640
35970 640
35980 640
35990 640
36000 640
36010 640
36020 640
36030 640
36040 640
36050 640
36060 640
36070 640
36080 640
36090 640
36100 640
36110 640
36120 640
36130 640
36140 640
36150 640
36160 640
36170 640
36180 640
36190 640
36200 640
36210 640
36220 640
36230 640
36240 640
36250 640
36260 640
36270 640
36280 640
36290 640
36300 640
36310 640
36320 640
36330 640
36340 640
36350 640
36360 640
36370 640
36380 640
36390 640
36400 640
36410 640
36420 640
36430 640
36440 640
36450 640
36460 640
36470 640
36480 640
36490 640
36500 640
36510 640
36520 640
36530 640
36540 640
36550 640
36560 640
36570 640
36580 640
36590 640
36600 640
36610 640
36620 640
36630 640
36640 640
36650 640
36660 640
36670 640
36680 640
36690 640
36700 640
36710 640
36720 640
36730 640
36740 640
36750 640
36760 640
36770 640
36780 640
36790 640
36800 640
36810 640
36820 640
36830 640
36840 640
36850 640
36860 640
36870 640
36880 640
36890 640
36900 640
36910 640
36920 640
36930 640
36940 640
36950 640
36960 640
36970 640
36980 640
36990 640
37000 640
37010 640
37020 640
37030 640
37040 640
37050 640
37060 640
37070 640
37080 640
37090 640
37100 640
37110 640
37120 640
37130 640
37140 640
37150 640
37160 640
37170 640
37180 640
37190 640
37200 640
37210 640
37220 640
37230 640
37240 640
37250 640
37260 640
37270 640
37280 640
37290 640
37300 640
37310 640
37320 640
37330 640
37340 640
37350 640
37360 640
37370 640
37380 640
37390 640
37400 640
37410 640
37420 640
37430 640
37440 640
37450 640
37460 640
37470 640
37480 640
37490 640
37500 640
37510 640
37520 640
37530 640
37540 640
37550 640
37560 640
37570 640
37580 640
37590 640
37600 640
37610 640
37620 640
37630 640
37640 640
37650 640
37660 640
37670 640
37680 640
37690 640
37700 640
37710 640
37720 640
37730 640
37740 640
37750 640
37760 640
37770 640
37780 640
37790 640
37800 640
37810 640
37820 640
37830 640
37840 640
37850 640
37860 640
37870 640
37880 640
37890 640
37900 640
37910 640
37920 640
37930 640
37940 640
37950 640
37960 640
37970 640
37980 640
37990 640
38000 640
38010 640
38020 640
38030 640
38040 640
38050 640
38060 640
38070 640
38080 640
38090 640
38100 640
38110 640
38120 640
38130 640
38140 640
38150 640
38160 640
38170 640
38180 640
38190 640
38200 640
38210 640
38220 640
38230 640
38240 640
38250 640
38260 640
38270 640
38280 640
38290 640
38300 640
38310 640
38320 640
38330 640
38340 640
38350 640
38360 640
38370 640
38380 640
38390 640
38400 640
38410 640
38420 640
38430 640
38440 640
38450 640
38460 640
38470 640
38480 640
38490 640
38500 640
38510 640
38520 640
38530 640
38540 640
38550 640
38560 640
38570 640
38580 640
38590 640
38600 640
38610 640
38620 640
38630 640
38640 640
38650 640
38660 640
38670 640
38680 640
38690 640
38700 640
38710 640
38720 640
38730 640
38740 640
38750 640
38760 640
38770 640
38780 640
38790 640
38800 640
38810 640
38820 640
38830 640
38840 640
38850 640
38860 640
38870 640
38880 640
38890 640
38900 640
38910 640
38920 640
38930 640
38940 640
38950 640
38960 640
38970 640
38980 640
38990 640
39000 640
39010 640
39020 640
39030 640
39040 640
39050 640
39060 640
39070 640
39080 640
39090 640
39100 640
39110 640
39120 640
39130 640
39140 640
39150 640
39160 640
39170 640
39180 640
39190 640
39200 640
39210 640
39220 640
39230 640
39240 640
39250 640
39260 640
39270 640
39280 640
39290 640
39300 640
39310 640
39320 640
39330 640
39340 640
39350 640
39360 640
39370 640
39380 640
39390 640
39400 640
39410 640
39420 640
39430 640
39440 640
39450 640
39460 640
39470 640
39480 640
39490 640
39500 640
39510 640
39520 640
39530 640
39540 640
39550 640
39560 640
39570 640
39580 640
39590 640
39600 640
39610 640
39620 640
39630 640
39640 640
39650 640
39660 640
39670 640
39680 640
39690 640
39700 640
39710 640
39720 640
39730 640
39740 640
39750 640
39760 640
39770 640
39780 640
39790 640
39800 640
39810 640
39820 640
39830 640
39840 640
39850 640
39860 640
39870 640
39880 640
39890 640
39900 640
39910 640
39920 640
39930 640
39940 640
39950 640
39960 640
39970 640
39980 640
39990 640
40000 640
40010 640
40020 640
40030 640
40040 640
40050 640
40060 640
40070 640
40080 640
40090 640
40100 640
40110 640
40120 640
40130 640
40140 640
40150 640
40160 640
40170 640
40180 640
40190 640
40200 640
40210 640
40220 640
40230 640
40240 640
40250 640
40260 640
40270 640
40280 640
40290 640
40300 640
40310 640
40320 640
40330 640
40340 640
40350 640
40360 640
40370 640
40380 640
40390 640
40400 640
40410 640
40420 640
40430 640
40440 640
40450 640
40460 640
40470 640
40480 640
40490 640
40500 640
40510 640
40520 640
40530 640
40540 640
40550 640
40560 640
40570 640
40580 640
40590 640
40600 640
40610 640
40620 640
40630 640
40640 640
40650 640
40660 640
40670 640
40680 640
40690 640
40700 640
40710 640
40720 640
40730 640
40740 640
40750 640
40760 640
40770 640
40780 640
40790 640
40800 640
40810 640
40820 640
40830 640
40840 640
40850 640
40860 640
40870 640
40880 640
40890 640
40900 640
40910 640
40920 640
40930 640
40940 640
40950 640
40960 640
40970 640
40980 640
40990 640
41000 640
41010 640
41020 640
41030 640
41040 640
41050 640
41060 640
41070 640
41080 640
41090 640
41100 640
41110 640
41120 640
41130 640
41140 640
41150 640
41160 640
41170 640
41180 640
41190 640
41200 640
41210 640
41220 640
41230 640
41240 640
41250 640
41260 640
41270 640
41280 640
41290 640
41300 640
41310 640
41320 640
41330 640
41340 640
41350 640
41360 640
41370 640
41380 640
41390 640
41400 640
41410 640
41420 640
41430 640
41440 640
41450 640
41460 640
41470 640
41480 640
41490 640
41500 640
41510 640
41520 640
41530 640
41540 640
41550 640
41560 640
41570 640
41580 640
41590 640
41600 640
41610 640
41620 640
41630 640
41640 640
41650 640
41660 640
41670 640
41680 640
41690 640
41700 640
41710 640
41720 640
41730 640
41740 640
41750 640
41760 640
41770 640
41780 640
41790 640
41800 640
41810 640
41820 640
41830 640
41840 640
41850 640
41860 640
41870 640
41880 640
41890 640
41900 640
41910 640
41920 640
41930 640
41940 640
41950 640
41960 640
41970 640
41980 640
41990 640
42000 640
42010 640
42020 640
42030 640
42040 640
42050 640
42060 640
42070 640
42080 640
42090 640
42100 640
42110 640
42120 640
42130 640
42140 640
42150 640
42160 640
42170 640
42180 640
42190 640
42200 640
42210 640
42220 640
42230 640
42240 640
42250 640
42260 640
42270 640
42280 640
42290 640
42300 640
42310 640
42320 640
42330 640
42340 640
42350 640
42360 640
42370 640
42380 640
42390 640
42400 640
42410 640
42420 640
42430 640
42440 640
42450 640
42460 640
42470 640
42480 640
42490 640
42500 640
42510 640
42520 640
42530 640
42540 640
42550 640
42560 640
42570 640
42580 640
42590 640
42600 640
42610 640
42620 640
42630 640
42640 640
42650 640
42660 640
42670 640
42680 640
42690 640
42700 640
42710 640
42720 640
42730 640
42740 640
42750 640
42760 640
42770 640
42780 640
42790 640
42800 640
42810 640
42820 640
42830 640
42840 640
42850 640
42860 640
42870 640
42880 640
42890 640
42900 640
42910 640
42920 640
42930 640
42940 640
42950 640
42960 640
42970 640
42980 640
42990 640
43000 640
43010 640
43020 640
43030 640
43040 640
43050 640
43060 640
43070 640
43080 640
43090 640
43100 640
43110 640
43120 640
43130 640
43140 640
43150 640
43160 640
43170 640
43180 640
43190 640
43200 640
43210 640
43220 640
43230 640
43240 640
43250 640
43260 640
43270 640
43280 640
43290 640
43300 640
43310 640
43320 640
43330 640
43340 640
43350 640
43360 640
43370 640
43380 640
43390 640
43400 640
43410 640
43420 640
43430 640
43440 640
43450 640
43460 640
43470 640
43480 640
43490 640
43500 640
43510 640
43520 640
43530 640
43540 640
43550 640
43560 640
43570 640
43580 640
43590 640
43600 640
43610 640
43620 640
43630 640
43640 640
43650 640
43660 640
43670 640
43680 640
43690 640
43700 640
43710 640
43720 640
43730 640
43740 640
43750 640
43760 640
43770 640
43780 640
43790 640
43800 640
43810 640
43820 640
43830 640
43840 640
43850 640
43860 640
43870 640
43880 640
43890 640
43900 640
43910 640
43920 640
43930 640
43940 640
43950 640
43960 640
43970 640
43980 640
43990 640
44000 640
44010 640
44020 640
44030 640
44040 640
44050 640
44060 640
44070 640
44080 640
44090 640
44100 640
44110 640
44120 640
44130 640
44140 640
44150 640
44160 640
44170 640
44180 640
44190 640
44200 640
44210 640
44220 640
44230 640
44240 640
44250 640
44260 640
44270 640
44280 640
44290 640
44300 640
44310 640
44320 640
44330 640
44340 640
44350 640
44360 640
44370 640
44380 640
44390 640
44400 640
44410 640
44420 640
44430 640
44440 640
44450 640
44460 640
44470 640
44480 640
44490 640
44500 640
44510 640
44520 640
44530 640
44540 640
44550 640
44560 640
44570 640
44580 640
44590 640
44600 640
44610 640
44620 640
44630 640
44640 640
44650 640
44660 640
44670 640
44680 640
44690 640
44700 640
44710 640
44720 640
44730 640
44740 640
44750 640
44760 640
44770 640
44780 640
44790 640
44800 640
44810 640
44820 640
44830 640
44840 640
44850 640
44860 640
44870 640
44880 640
44890 640
44900 640
44910 640
44920 640
44930 640
44940 640
44950 640
44960 640
44970 640
44980 640
44990 640
45000 640
45010 640
45020 640
45030 640
45040 640
45050 640
45060 640
45070 640
45080 640
45090 640
45100 640
45110 640
45120 640
45130 640
45140 640
45150 640
45160 640
45170 640
45180 640
45190 640
45200 640
45210 640
45220 640
45230 640
45240 640
45250 640
45260 640
45270 640
45280 640
45290 640
45300 640
45310 640
45320 640
45330 640
45340 640
45350 640
45360 640
45370 640
45380 640
45390 640
45400 640
45410 640
45420 640
45430 640
45440 640
45450 640
45460 640
45470 640
45480 640
45490 640
45500 640
45510 640
45520 640
45530 640
45540 640
45550 640
45560 640
45570 640
45580 640
45590 640
45600 640
45610 640
45620 640
45630 640
45640 640
45650 640
45660 640
45670 640
45680 640
45690 640
45700 640
45710 640
45720 640
45730 640
45740 640
45750 640
45760 640
45770 640
45780 640
45790 640
45800 640
45810 640
45820 640
45830 640
45840 640
45850 640
45860 640
45870 640
45880 640
45890 640
45900 640
45910 640
45920 640
45930 640
45940 640
45950 640
45960 640
45970 640
45980 640
45990 640
46000 640
46010 640
46020 640
46030 640
46040 640
46050 640
46060 640
46070 640
46080 640
46090 640
46100 640
46110 640
46120 640
46130 640
46140 640
46150 640
46160 640
46170 640
46180 640
46190 640
46200 640
46210 640
46220 640
46230 640
46240 640
46250 640
46260 640
46270 640
46280 640
46290 640
46300 640
46310 640
46320 640
46330 640
46340 640
46350 640
46360 640
46370 640
46380 640
46390 640
46400 640
46410 640
46420 640
46430 640
46440 640
46450 640
46460 640
46470 640
46480 640
46490 640
46500 640
46510 640
46520 640
46530 640
46540 640
46550 640
46560 640
46570 640
46580 640
46590 640
46600 640
46610 640
46620 640
46630 640
46640 640
46650 640
46660 640
46670 640
46680 640
46690 640
46700 640
46710 640
46720 640
46730 640
46740 640
46750 640
46760 640
46770 640
46780 640
46790 640
46800 640
46810 640
46820 640
46830 640
46840 640
46850 640
46860 640
46870 640
46880 640
46890 640
46900 640
46910 640
46920 640
46930 640
46940 640
46950 640
46960 640
46970 640
46980 640
46990 640
47000 640
47010 640
47020 640
47030 640
47040 640
47050 640
47060 640
47070 640
47080 640
47090 640
47100 640
47110 640
47120 640
47130 640
47140 640
47150 640
47160 640
47170 640
47180 640
47190 640
47200 640
47210 640
47220 640
47230 640
47240 640
47250 640
47260 640
47270 640
47280 640
47290 640
47300 640
47310 640
47320 640
47330 640
47340 640
47350 640
47360 640
47370 640
47380 640
47390 640
47400 640
47410 640
47420 640
47430 640
47440 640
47450 640
47460 640
47470 640
47480 640
47490 640
47500 640
47510 640
47520 640
47530 640
47540 640
47550 640
47560 640
47570 640
47580 640
47590 640
47600 640
47610 640
47620 640
47630 640
47640 640
47650 640
47660 640
47670 640
47680 640
47690 640
47700 640
47710 640
47720 640
47730 640
47740 640
47750 640
47760 640
47770 640
47780 640
47790 640
47800 640
47810 640
47820 640
47830 640
47840 640
47850 640
47860 640
47870 640
47880 640
47890 640
47900 640
47910 640
47920 640
47930 640
47940 640
47950 640
47960 640
47970 640
47980 640
47990 640
48000 640
48010 640
48020 640
48030 640
48040 640
48050 640
48060 640
48070 640
48080 640
48090 640
48100 640
48110 640
48120 640
48130 640
48140 640
48150 640
48160 640
48170 640
48180 640
48190 640
48200 640
48210 640
48220 640
48230 640
48240 640
48250 640
48260 640
48270 640
48280 640
48290 640
48300 640
48310 640
48320 640
48330 640
48340 640
48350 640
48360 640
48370 640
48380 640
48390 640
48400 640
48410 640
48420 640
48430 640
48440 640
48450 640
48460 640
48470 640
48480 640
48490 640
48500 640
48510 640
48520 640
48530 640
48540 640
48550 640
48560 640
48570 640
48580 640
48590 640
48600 640
48610 640
48620 640
48630 640
48640 640
48650 640
48660 640
48670 640
48680 640
48690 640
48700 640
48710 640
48720 640
48730 640
48740 640
48750 640
48760 640
48770 640
48780 640
48790 640
48800 640
48810 640
48820 640
48830 640
48840 640
48850 640
48860 640
48870 640
48880 640
48890 640
48900 640
48910 640
48920 640
48930 640
48940 640
48950 640
48960 640
48970 640
48980 640
48990 640
49000 640
49010 640
49020 640
49030 640
49040 640
49050 640
49060 640
49070 640
49080 640
49090 640
49100 640
49110 640
49120 640
49130 640
49140 640
49150 640
49160 640
49170 640
49180 640
49190 640
49200 640
49210 640
49220 640
49230 640
49240 640
49250 640
49260 640
49270 640
49280 640
49290 640
49300 640
49310 640
49320 640
49330 640
49340 640
49350 640
49360 640
49370 640
49380 640
49390 640
49400 640
49410 640
49420 640
49430 640
49440 640
49450 640
49460 640
49470 640
49480 640
49490 640
49500 640
49510 640
49520 640
49530 640
49540 640
49550 640
49560 640
49570 640
49580 640
49590 640
49600 640
49610 640
49620 640
49630 640
49640 640
49650 640
49660 640
49670 640
49680 640
49690 640
49700 640
49710 640
49720 640
49730 640
49740 640
49750 640
49760 640
49770 640
49780 640
49790 640
49800 640
49810 640
49820 640
49830 640
49840 640
49850 640
49860 640
49870 640
49880 640
49890 640
49900 640
49910 640
49920 640
49930 640
49940 640
49950 640
49960 640
49970 640
49980 640
49990 640
50000 640
50010 640
50020 640
50030 640
50040 640
50050 640
50060 640
50070 640
50080 640
50090 640
50100 640
50110 640
50120 640
50130 640
50140 640
50150 640
50160 640
50170 640
50180 640
50190 640
50200 640
50210 640
50220 640
50230 640
50240 640
50250 640
50260 640
50270 640
50280 640
50290 640
50300 640
50310 640
50320 640
50330 640
50340 640
50350 640
50360 640
50370 640
50380 640
50390 640
50400 640
50410 640
50420 640
50430 640
50440 640
50450 640
50460 640
50470 640
50480 640
50490 640
50500 640
50510 640
50520 640
50530 640
50540 640
50550 640
50560 640
50570 640
50580 640
50590 640
50600 640
50610 640
50620 640
50630 640
50640 640
50650 640
50660 640
50670 640
50680 640
50690 640
50700 640
50710 640
50720 640
50730 640
50740 640
50750 640
50760 640
50770 640
50780 640
50790 640
50800 640
50810 640
50820 640
50830 640
50840 640
50850 640
50860 640
50870 640
50880 640
50890 640
50900 640
50910 640
50920 640
50930 640
50940 640
50950 640
50960 640
50970 640
50980 640
50990 640
51000 640
51010 640
51020 640
51030 640
51040 640
51050 640
51060 640
51070 640
51080 640
51090 640
51100 640
51110 640
51120 640
51130 640
51140 640
51150 640
51160 640
51170 640
51180 640
51190 640
51200 640
51210 640
51220 640
51230 640
51240 640
51250 640
51260 640
51270 640
51280 640
51290 640
51300 640
51310 640
51320 640
51330 640
51340 640
51350 640
51360 640
51370 640
51380 640
51390 640
51400 640
51410 640
51420 640
51430 640
51440 640
51450 640
51460 640
51470 640
51480 640
51490 640
51500 640
51510 640
51520 640
51530 640
51540 640
51550 640
51560 640
51570 640
51580 640
51590 640
51600 640
51610 640
51620 640
51630 640
51640 640
51650 640
51660 640
51670 640
51680 640
51690 640
51700 640
51710 640
51720 640
51730 640
51740 640
51750 640
51760 640
51770 640
51780 640
51790 640
51800 640
51810 640
51820 640
51830 640
51840 640
51850 640
51860 640
51870 640
51880 640
51890 640
51900 640
51910 640
51920 640
51930 640
51940 640
51950 640
51960 640
51970 640
51980 640
51990 640
52000 640
52010 640
52020 640
52030 640
52040 640
52050 640
52060 640
52070 640
52080 640
52090 640
52100 640
52110 640
52120 640
52130 640
52140 640
52150 640
52160 640
52170 640
52180 640
52190 640
52200 640
52210 640
52220 640
52230 640
52240 640
52250 640
52260 640
52270 640
52280 640
52290 640
52300 640
52310 640
52320 640
52330 640
52340 640
52350 640
52360 640
52370 640
52380 640
52390 640
52400 640
52410 640
52420 640
52430 640
52440 640
52450 640
52460 640
52470 640
52480 640
52490 640
52500 640
52510 640
52520 640
52530 640
52540 640
52550 640
52560 640
52570 640
52580 640
52590 640
52600 640
52610 640
52620 640
52630 640
52640 640
52650 640
52660 640
52670 640
52680 640
52690 640
52700 640
52710 640
52720 640
52730 640
52740 640
52750 640
52760 640
52770 640
52780 640
52790 640
52800 640
52810 640
52820 640
52830 640
52840 640
52850 640
52860 640
52870 640
52880 640
52890 640
52900 640
52910 640
52920 640
52930 640
52940 640
52950 640
52960 640
52970 640
52980 640
52990 640
53000 640
53010 640
53020 640
53030 640
53040 640
53050 640
53060 640
53070 640
53080 640
53090 640
53100 640
53110 640
53120 640
53130 640
53140 640
53150 640
53160 640
53170 640
53180 640
53190 640
53200 640
53210 640
53220 640
53230 640
53240 640
53250 640
53260 640
53270 640
53280 640
53290 640
53300 640
53310 640
53320 640
53330 640
53340 640
53350 640
53360 640
53370 640
53380 640
53390 640
53400 640
53410 640
53420 640
53430 640
53440 640
53450 640
53460 640
53470 640
53480 640
53490 640
53500 640
53510 640
53520 640
53530 640
53540 640
53550 640
53560 640
53570 640
53580 640
53590 640
53600 640
53610 640
53620 640
53630 640
53640 640
53650 640
53660 640
53670 640
53680 640
53690 640
53700 640
53710 640
53720 640
53730 640
53740 640
53750 640
53760 640
53770 640
53780 640
53790 640
53800 640
53810 640
53820 640
53830 640
53840 640
53850 640
53860 640
53870 640
53880 640
53890 640
53900 640
53910 640
53920 640
53930 640
53940 640
53950 640
53960 640
53970 640
53980 640
53990 640
54000 640
54010 640
54020 640
54030 640
54040 640
54050 640
54060 640
54070 640
54080 640
54090 640
54100 640
54110 640
54120 640
54130 640
54140 640
54150 640
54160 640
54170 640
54180 640
54190 640
54200 640
54210 640
54220 640
54230 640
54240 640
54250 640
54260 640
54270 640
54280 640
54290 640
54300 640
54310 640
54320 640
54330 640
54340 640
54350 640
54360 640
54370 640
54380 640
54390 640
54400 640
54410 640
54420 640
54430 640
54440 640
54450 640
54460 640
54470 640
54480 640
54490 640
54500 640
54510 640
54520 640
54530 640
54540 640
54550 640
54560 640
54570 640
54580 640
54590 640
54600 640
54610 640
54620 640
54630 640
54640 640
54650 640
54660 640
54670 640
54680 640
54690 640
54700 640
54710 640
54720 640
54730 640
54740 640
54750 640
54760 640
54770 640
54780 640
54790 640
54800 640
54810 640
54820 640
54830 640
54840 640
54850 640
54860 640
54870 640
54880 640
54890 640
54900 640
54910 640
54920 640
54930 640
54940 640
54950 640
54960 640
54970 640
54980 640
54990 640
55000 640
55010 640
55020 640
55030 640
55040 640
55050 640
55060 640
55070 640
55080 640
55090 640
55100 640
55110 640
55120 640
55130 640
55140 640
55150 640
55160 640
55170 640
55180 640
55190 640
55200 640
55210 640
55220 640
55230 640
55240 640
55250 640
55260 640
55270 640
55280 640
55290 640
55300 640
55310 640
55320 640
55330 640
55340 640
55350 640
55360 640
55370 640
55380 640
55390 640
55400 640
55410 640
55420 640
55430 640
55440 640
55450 640
55460 640
55470 640
55480 640
55490 640
55500 640
55510 640
55520 640
55530 640
55540 640
55550 640
55560 640
55570 640
55580 640
55590 640
55600 640
55610 640
55620 640
55630 640
55640 640
55650 640
55660 640
55670 640
55680 640
55690 640
55700 640
55710 640
55720 640
55730 640
55740 640
55750 640
55760 640
55770 640
55780 640
55790 640
55800 640
55810 640
55820 640
55830 640
55840 640
55850 640
55860 640
55870 640
55880 640
55890 640
55900 640
55910 640
55920 640
55930 640
55940 640
55950 640
55960 640
55970 640
55980 640
55990 640
56000 640
56010 640
56020 640
56030 640
56040 640
56050 640
56060 640
56070 640
56080 640
56090 640
56100 640
56110 640
56120 640
56130 640
56140 640
56150 640
56160 640
56170 640
56180 640
56190 640
56200 640
56210 640
56220 640
56230 640
56240 640
56250 640
56260 640
56270 640
56280 640
56290 640
56300 640
56310 640
56320 640
56330 640
56340 640
56350 640
56360 640
56370 640
56380 640
56390 640
56400 640
56410 640
56420 640
56430 640
56440 640
56450 640
56460 640
56470 640
56480 640
56490 640
56500 640
56510 640
56520 640
56530 640
56540 640
56550 640
56560 640
56570 640
56580 640
56590 640
56600 640
56610 640
56620 640
56630 640
56640 640
56650 640
56660 640
56670 640
56680 640
56690 640
56700 640
56710 640
56720 640
56730 640
56740 640
56750 640
56760 640
56770 640
56780 640
56790 640
56800 640
56810 640
56820 640
56830 640
56840 640
56850 640
56860 640
56870 640
56880 640
56890 640
56900 640
56910 640
56920 640
56930 640
56940 640
56950 640
56960 640
56970 640
56980 640
56990 640
57000 640
57010 640
57020 640
57030 640
57040 640
57050 640
57060 640
57070 640
57080 640
57090 640
57100 640
57110 640
57120 640
57130 640
57140 640
57150 640
57160 640
57170 640
57180 640
57190 640
57200 640
57210 640
57220 640
57230 640
57240 640
57250 640
57260 640
57270 640
57280 640
57290 640
57300 640
57310 640
57320 640
57330 640
57340 640
57350 640
57360 640
57370 640
57380 640
57390 640
57400 640
57410 640
57420 640
57430 640
57440 640
57450 640
57460 640
57470 640
57480 640
57490 640
57500 640
57510 640
57520 640
57530 640
57540 640
57550 640
57560 640
57570 640
57580 640
57590 640
57600 640
57610 640
57620 640
57630 640
57640 640
57650 640
57660 640
57670 640
57680 640
57690 640
57700 640
57710 640
57720 640
57730 640
57740 640
57750 640
57760 640
57770 640
57780 640
57790 640
57800 640
57810 640
57820 640
57830 640
57840 640
57850 640
57860 640
57870 640
57880 640
57890 640
57900 640
57910 640
57920 640
57930 640
57940 640
57950 640
57960 640
57970 640
57980 640
57990 640
58000 640
58010 640
58020 640
58030 640
58040 640
58050 640
58060 640
58070 640
58080 640
58090 640
58100 640
58110 640
58120 640
58130 640
58140 640
58150 640
58160 640
58170 640
58180 640
58190 640
58200 640
58210 640
58220 640
58230 640
58240 640
58250 640
58260 640
58270 640
58280 640
58290 640
58300 640
58310 640
58320 640
58330 640
58340 640
58350 640
58360 640
58370 640
58380 640
58390 640
58400 640
58410 640
58420 640
58430 640
58440 640
58450 640
58460 640
58470 640
58480 640
58490 640
58500 640
58510 640
58520 640
58530 640
58540 640
58550 640
58560 640
58570 640
58580 640
58590 640
58600 640
58610 640
58620 640
58630 640
58640 640
58650 640
58660 640
58670 640
58680 640
58690 640
58700 640
58710 640
58720 640
58730 640
58740 640
58750 640
58760 640
58770 640
58780 640
58790 640
58800 640
58810 640
58820 640
58830 640
58840 640
58850 640
58860 640
58870 640
58880 640
58890 640
58900 640
58910 640
58920 640
58930 640
58940 640
58950 640
58960 640
58970 640
58980 640
58990 640
59000 640
59010 640
59020 640
59030 640
59040 640
59050 640
59060 640
59070 640
59080 640
59090 640
59100 640
59110 640
59120 640
59130 640
59140 640
59150 640
59160 640
59170 640
59180 640
59190 640
59200 640
59210 640
59220 640
59230 640
59240 640
59250 640
59260 640
59270 640
59280 640
59290 640
59300 640
59310 640
59320 640
59330 640
59340 640
59350 640
59360 640
59370 640
59380 640
59390 640
59400 640
59410 640
59420 640
59430 640
59440 640
59450 640
59460 640
59470 640
59480 640
59490 640
59500 640
59510 640
59520 640
59530 640
59540 640
59550 640
59560 640
59570 640
59580 640
59590 640
59600 640
59610 640
59620 640
59630 640
59640 640
59650 640
59660 640
59670 640
59680 640
59690 640
59700 640
59710 640
59720 640
59730 640
59740 640
59750 640
59760 640
59770 640
59780 640
59790 640
59800 640
59810 640
59820 640
59830 640
59840 640
59850 640
59860 640
59870 640
59880 640
59890 640
59900 640
59910 640
59920 640
59930 640
59940 640
59950 640
59960 640
59970 640
59980 640
59990 640
60000 640
60010 640
60020 640
60030 640
60040 640
60050 640
60060 640
60070 640
60080 640
60090 640
60100 640
60110 640
60120 640
60130 640
60140 640
60150 640
60160 640
60170 640
60180 640
60190 640
60200 640
60210 640
60220 640
60230 640
60240 640
60250 640
60260 640
60270 640
60280 640
60290 640
60300 640
60310 640
60320 640
60330 640
60340 640
60350 640
60360 640
60370 640
60380 640
60390 640
60400 640
60410 640
60420 640
60430 640
60440 640
60450 640
60460 640
60470 640
60480 640
60490 640
60500 640
60510 640
60520 640
60530 640
60540 640
60550 640
60560 640
60570 640
60580 640
60590 640
60600 640
60610 640
60620 640
60630 640
60640 640
60650 640
60660 640
60670 640
60680 640
60690 640
60700 640
60710 640
60720 640
60730 640
60740 640
60750 640
60760 640
60770 640
60780 640
60790 640
60800 640
60810 640
60820 640
60830 640
60840 640
60850 640
60860 640
60870 640
60880 640
60890 640
60900 640
60910 640
60920 640
60930 640
60940 640
60950 640
60960 640
60970 640
60980 640
60990 640
61000 640
61010 640
61020 640
61030 640
61040 640
61050 640
61060 640
61070 640
61080 640
61090 640
61100 640
61110 640
61120 640
61130 640
61140 640
61150 640
61160 640
61170 640
61180 640
61190 640
61200 640
61210 640
61220 640
61230 640
61240 640
61250 640
61260 640
61270 640
61280 640
61290 640
61300 640
61310 640
61320 640
61330 640
61340 640
61350 640
61360 640
61370 640
61380 640
61390 640
61400 640
61410 640
61420 640
61430 640
61440 640
61450 640
61460 640
61470 640
61480 640
61490 640
61500 640
61510 640
61520 640
61530 640
61540 640
61550 640
61560 640
61570 640
61580 640
61590 640
61600 640
61610 640
61620 640
61630 640
61640 640
61650 640
61660 640
61670 640
61680 640
61690 640
61700 640
61710 640
61720 640
61730 640
61740 640
61750 640
61760 640
61770 640
61780 640
61790 640
61800 640
61810 640
61820 640
61830 640
61840 640
61850 640
61860 640
61870 640
61880 640
61890 640
61900 640
61910 640
61920 640
61930 640
61940 640
61950 640
61960 640
61970 640
61980 640
61990 640
62000 640
62010 640
62020 640
62030 640
62040 640
62050 640
62060 640
62070 640
62080 640
62090 640
62100 640
62110 640
62120 640
62130 640
62140 640
62150 640
62160 640
62170 640
62180 640
62190 640
62200 640
62210 640
62220 640
62230 640
62240 640
62250 640
62260 640
62270 640
62280 640
62290 640
62300 640
62310 640
62320 640
62330 640
62340 640
62350 640
62360 640
62370 640
62380 640
62390 640
62400 640
62410 640
62420 640
62430 640
62440 640
62450 640
62460 640
62470 640
62480 640
62490 640
62500 640
62510 640
62520 640
62530 640
62540 640
62550 640
62560 640
62570 640
62580 640
62590 640
62600 640
62610 640
62620 640
62630 640
62640 640
62650 640
62660 640
62670 640
62680 640
62690 640
62700 640
62710 640
62720 640
62730 640
62740 640
62750 640
62760 640
62770 640
62780 640
62790 640
62800 640
62810 640
62820 640
62830 640
62840 640
62850 640
62860 640
62870 640
62880 640
62890 640
62900 640
62910 640
62920 640
62930 640
62940 640
62950 640
62960 640
62970 640
62980 640
62990 640
63000 640
63010 640
63020 640
63030 640
63040 640
63050 640
63060 640
63070 640
63080 640
63090 640
63100 640
63110 640
63120 640
63130 640
63140 640
63150 640
63160 640
63170 640
63180 640
63190 640
63200 640
63210 640
63220 640
63230 640
63240 640
63250 640
63260 640
63270 640
63280 640
63290 640
63300 640
63310 640
63320 640
63330 640
63340 640
63350 640
63360 640
63370 640
63380 640
63390 640
63400 640
63410 640
63420 640
63430 640
63440 640
63450 640
63460 640
63470 640
63480 640
63490 640
63500 640
63510 640
63520 640
63530 640
63540 640
63550 640
63560 640
63570 640
63580 640
63590 640
63600 640
63610 640
63620 640
63630 640
63640 640
63650 640
63660 640
63670 640
63680 640
63690 640
63700 640
63710 640
63720 640
63730 640
63740 640
63750 640
63760 640
63770 640
63780 640
63790 640
63800 640
63810 640
63820 640
63830 640
63840 640
63850 640
63860 640
63870 640
63880 640
63890 640
63900 640
63910 640
63920 640
63930 640
63940 640
63950 640
63960 640
63970 640
63980 640
63990 640
64000 640
64010 640
64020 640
64030 640
64040 640
64050 640
64060 640
64070 640
64080 640
64090 640
64100 640
64110 640
64120 640
64130 640
64140 640
64150 640
64160 640
64170 640
64180 640
64190 640
64200 640
64210 640
64220 640
64230 640
64240 640
64250 640
64260 640
64270 640
64280 640
64290 640
64300 640
64310 640
64320 640
64330 640
64340 640
64350 640
64360 640
64370 640
64380 640
64390 640
64400 640
64410 640
64420 640
64430 640
64440 640
64450 640
64460 640
64470 640
64480 640
64490 640
64500 640
64510 640
64520 640
64530 640
64540 640
64550 640
64560 640
64570 640
64580 640
64590 640
64600 640
64610 640
64620 640
64630 640
64640 640
64650 640
64660 640
64670 640
64680 640
64690 640
64700 640
64710 640
64720 640
64730 640
64740 640
64750 640
64760 640
64770 640
64780 640
64790 640
64800 640
64810 640
64820 640
64830 640
64840 640
64850 640
64860 640
64870 640
64880 640
64890 640
64900 640
64910 640
64920 640
64930 640
64940 640
64950 640
64960 640
64970 640
64980 640
64990 640
65000 640
65010 640
65020 640
65030 640
65040 640
65050 640
65060 640
65070 640
65080 640
65090 640
65100 640
65110 640
65120 640
65130 640
65140 640
65150 640
65160 640
65170 640
65180 640
65190 640
65200 640
65210 640
65220 640
65230 640
65240 640
65250 640
65260 640
65270 640
65280 640
65290 640
65300 640
65310 640
65320 640
65330 640
65340 640
65350 640
65360 640
65370 640
65380 640
65390 640
65400 640
65410 640
65420 640
65430 640
65440 640
65450 640
65460 640
65470 640
65480 640
65490 640
65500 640
65510 640
65520 640
65530 640
65540 640
65550 640
65560 640
65570 640
65580 640
65590 640
65600 640
65610 640
65620 640
65630 640
65640 640
65650 640
65660 640
65670 640
65680 640
65690 640
65700 640
65710 640
65720 640
65730 640
65740 640
65750 640
65760 640
65770 640
65780 640
65790 640
65800 640
65810 640
65820 640
65830 640
65840 640
65850 640
65860 640
65870 640
65880 640
65890 640
65900 640
65910 640
65920 640
65930 640
65940 640
65950 640
65960 640
65970 640
65980 640
65990 640
66000 640
66010 640
66020 640
66030 640
66040 640
66050 640
66060 640
66070 640
66080 640
66090 640
66100 640
66110 640
66120 640
66130 640
66140 640
66150 640
66160 640
66170 640
66180 640
66190 640
66200 640
66210 640
66220 640
66230 640
66240 640
66250 640
66260 640
66270 640
66280 640
66290 640
66300 640
66310 640
66320 640
66330 640
66340 640
66350 640
66360 640
66370 640
66380 640
66390 640
66400 640
66410 640
66420 640
66430 640
66440 640
66450 640
66460 640
66470 640
66480 640
66490 640
66500 640
66510 640
66520 640
66530 640
66540 640
66550 640
66560 640
66570 640
66580 640
66590 640
66600 640
66610 640
66620 640
66630 640
66640 640
66650 640
66660 640
66670 640
66680 640
66690 640
66700 640
66710 640
66720 640
66730 640
66740 640
66750 640
66760 640
66770 640
66780 640
66790 640
66800 640
66810 640
66820 640
66830 640
66840 640
66850 640
66860 640
66870 640
66880 640
66890 640
66900 640
66910 640
66920 640
66930 640
66940 640
66950 640
66960 640
66970 640
66980 640
66990 640
67000 640
67010 640
67020 640
67030 640
67040 640
67050 640
67060 640
67070 640
67080 640
67090 640
67100 640
67110 640
67120 640
67130 640
67140 640
67150 640
67160 640
67170 640
67180 640
67190 640
67200 640
67210 640
67220 640
67230 640
67240 640
67250 640
67260 640
67270 640
67280 640
67290 640
67300 640
67310 640
67320 640
67330 640
67340 640
67350 640
67360 640
67370 640
67380 640
67390 640
67400 640
67410 640
67420 640
67430 640
67440 640
67450 640
67460 640
67470 640
67480 640
67490 640
67500 640
67510 640
67520 640
67530 640
67540 640
67550 640
67560 640
67570 640
67580 640
67590 640
