0 640
100 640
200 640
300 640
400 640
500 640
600 640
700 640
800 640
900 640
1000 640
1100 640
1200 640
1300 640
1400 640
1500 640
1600 640
1700 640
1800 640
1900 640
2000 640
2100 640
2200 640
2300 640
2400 640
2500 640
2600 640
2700 640
2800 640
2900 640
3000 640
3100 640
3200 640
3300 640
3400 640
3500 640
3600 640
3700 640
3800 640
3900 640
4000 640
4100 640
4200 640
4300 640
4400 640
4500 640
4600 640
4700 640
4800 640
4900 640
5000 640
5100 640
5200 640
5300 640
5400 640
5500 640
5600 640
5700 640
5800 640
5900 640
6000 640
6100 640
6200 640
6300 640
6400 640
6500 640
6600 640
6700 640
6800 640
6900 640
7000 640
7100 640
7200 640
7300 640
7400 640
7500 640
7600 640
7700 640
7800 640
7900 640
8000 640
8100 640
8200 640
8300 640
8400 640
8500 640
8600 640
8700 640
8800 640
8900 640
9000 640
9100 640
9200 640
9300 640
9400 640
9500 640
9600 640
9700 640
9800 640
9900 640
10000 640
10100 640
10200 640
10300 640
10400 640
10500 640
10600 640
10700 640
10800 640
10900 640
11000 640
11100 640
11200 640
11300 640
11400 640
11500 640
11600 640
11700 640
11800 640
11900 640
12000 640
12100 640
12200 640
12300 640
12400 640
12500 640
12600 640
12700 640
12800 640
12900 640
13000 640
13100 640
13200 640
13300 640
13400 640
13500 640
13600 640
13700 640
13800 640
13900 640
14000 640
14100 640
14200 640
14300 640
14400 640
14500 640
14600 640
14700 640
14800 640
14900 640
15000 640
15100 640
15200 640
15300 640
15400 640
15500 640
15600 640
15700 640
15800 640
15900 640
16000 640
16100 640
16200 640
16300 640
16400 640
16500 640
16600 640
16700 640
16800 640
16900 640
17000 640
17100 640
17200 640
17300 640
17400 640
17500 640
17600 640
17700 640
17800 640
17900 640
18000 640
18100 640
18200 640
18300 640
18400 640
18500 640
18600 640
18700 640
18800 640
18900 640
19000 640
19100 640
19200 640
19300 640
19400 640
19500 640
19600 640
19700 640
19800 640
19900 640
20000 640
20100 640
20200 640
20300 640
20400 640
20500 640
20600 640
20700 640
20800 640
20900 640
21000 640
21100 640
21200 640
21300 640
21400 640
21500 640
21600 640
21700 640
21800 640
21900 640
22000 640
22100 640
22200 640
22300 640
22400 640
22500 640
22600 640
22700 640
22800 640
22900 640
23000 640
23100 640
23200 640
23300 640
23400 640
23500 640
23600 640
23700 640
23800 640
23900 640
24000 640
24100 640
24200 640
24300 640
24400 640
24500 640
24600 640
24700 640
24800 640
24900 640
25000 640
25100 640
25200 640
25300 640
25400 640
25500 640
25600 640
25700 640
25800 640
25900 640
26000 640
26100 640
26200 640
26300 640
26400 640
26500 640
26600 640
26700 640
26800 640
26900 640
27000 640
27100 640
27200 640
27300 640
27400 640
27500 640
27600 640
27700 640
27800 640
27900 640
28000 640
28100 640
28200 640
28300 640
28400 640
28500 640
28600 640
28700 640
28800 640
28900 640
29000 640
29100 640
29200 640
29300 640
29400 640
29500 640
29600 640
29700 640
29800 640
29900 640
30000 640
30100 640
30200 640
30300 640
30400 640
30500 640
30600 640
30700 640
30800 640
30900 640
31000 640
31100 640
31200 640
31300 640
31400 640
31500 640
31600 640
31700 640
31800 640
31900 640
32000 640
32100 640
32200 640
32300 640
32400 640
32500 640
32600 640
32700 640
32800 640
32900 640
33000 640
33100 640
33200 640
33300 640
33400 640
33500 640
33600 640
33700 640
33800 640
33900 640
34000 640
34100 640
34200 640
34300 640
34400 640
34500 640
34600 640
34700 640
34800 640
34900 640
35000 640
35100 640
35200 640
35300 640
35400 640
35500 640
35600 640
35700 640
35800 640
35900 640
36000 640
36100 640
36200 640
36300 640
36400 640
36500 640
36600 640
36700 640
36800 640
36900 640
37000 640
37100 640
37200 640
37300 640
37400 640
37500 640
37600 640
37700 640
37800 640
37900 640
38000 640
38100 640
38200 640
38300 640
38400 640
38500 640
38600 640
38700 640
38800 640
38900 640
39000 640
39100 640
39200 640
39300 640
39400 640
39500 640
39600 640
39700 640
39800 640
39900 640
40000 640
40100 640
40200 640
40300 640
40400 640
40500 640
40600 640
40700 640
40800 640
40900 640
41000 640
41100 640
41200 640
41300 640
41400 640
41500 640
41600 640
41700 640
41800 640
41900 640
42000 640
42100 640
42200 640
42300 640
42400 640
42500 640
42600 640
42700 640
42800 640
42900 640
43000 640
43100 640
43200 640
43300 640
43400 640
43500 640
43600 640
43700 640
43800 640
43900 640
44000 640
44100 640
44200 640
44300 640
44400 640
44500 640
44600 640
44700 640
44800 640
44900 640
45000 640
45100 640
45200 640
45300 640
45400 640
45500 640
45600 640
45700 640
45800 640
45900 640
46000 640
46100 640
46200 640
46300 640
46400 640
46500 640
46600 640
46700 640
46800 640
46900 640
47000 640
47100 640
47200 640
47300 640
47400 640
47500 640
47600 640
47700 640
47800 640
47900 640
48000 640
48100 640
48200 640
48300 640
48400 640
48500 640
48600 640
48700 640
48800 640
48900 640
49000 640
49100 640
49200 640
49300 640
49400 640
49500 640
49600 640
49700 640
49800 640
49900 640
50000 640
50100 640
50200 640
50300 640
50400 640
50500 640
50600 640
50700 640
50800 640
50900 640
51000 640
51100 640
51200 640
51300 640
51400 640
51500 640
51600 640
51700 640
51800 640
51900 640
52000 640
52100 640
52200 640
52300 640
52400 640
52500 640
52600 640
52700 640
52800 640
52900 640
53000 640
53100 640
53200 640
53300 640
53400 640
53500 640
53600 640
53700 640
53800 640
53900 640
54000 640
54100 640
54200 640
54300 640
54400 640
54500 640
54600 640
54700 640
54800 640
54900 640
55000 640
55100 640
55200 640
55300 640
55400 640
55500 640
55600 640
55700 640
55800 640
55900 640
56000 640
56100 640
56200 640
56300 640
56400 640
56500 640
56600 640
56700 640
56800 640
56900 640
57000 640
57100 640
57200 640
57300 640
57400 640
57500 640
57600 640
57700 640
57800 640
57900 640
58000 640
58100 640
58200 640
58300 640
58400 640
58500 640
58600 640
58700 640
58800 640
58900 640
59000 640
59100 640
59200 640
59300 640
59400 640
59500 640
59600 640
59700 640
59800 640
59900 640
60000 640
60100 640
60200 640
60300 640
60400 640
60500 640
60600 640
60700 640
60800 640
60900 640
61000 640
61100 640
61200 640
61300 640
61400 640
61500 640
61600 640
61700 640
61800 640
61900 640
62000 640
62100 640
62200 640
62300 640
62400 640
62500 640
62600 640
62700 640
62800 640
62900 640
63000 640
63100 640
63200 640
63300 640
63400 640
63500 640
63600 640
63700 640
63800 640
63900 640
64000 640
64100 640
64200 640
64300 640
64400 640
64500 640
64600 640
64700 640
64800 640
64900 640
65000 640
65100 640
65200 640
65300 640
65400 640
65500 640
65600 640
65700 640
65800 640
65900 640
66000 640
66100 640
66200 640
66300 640
66400 640
66500 640
66600 640
66700 640
66800 640
66900 640
67000 640
67100 640
67200 640
67300 640
67400 640
67500 640
67600 640
67700 640
67800 640
67900 640
68000 640
68100 640
68200 640
68300 640
68400 640
68500 640
68600 640
68700 640
68800 640
68900 640
69000 640
69100 640
69200 640
69300 640
69400 640
69500 640
69600 640
69700 640
69800 640
69900 640
70000 640
70100 640
70200 640
70300 640
70400 640
70500 640
70600 640
70700 640
70800 640
70900 640
71000 640
71100 640
71200 640
71300 640
71400 640
71500 640
71600 640
71700 640
71800 640
71900 640
72000 640
72100 640
72200 640
72300 640
72400 640
72500 640
72600 640
72700 640
72800 640
72900 640
73000 640
73100 640
73200 640
73300 640
73400 640
73500 640
73600 640
73700 640
73800 640
73900 640
74000 640
74100 640
74200 640
74300 640
74400 640
74500 640
74600 640
74700 640
74800 640
74900 640
75000 640
75100 640
75200 640
75300 640
75400 640
75500 640
75600 640
75700 640
75800 640
75900 640
76000 640
76100 640
76200 640
76300 640
76400 640
76500 640
76600 640
76700 640
76800 640
76900 640
77000 640
77100 640
77200 640
77300 640
77400 640
77500 640
77600 640
77700 640
77800 640
77900 640
78000 640
78100 640
78200 640
78300 640
78400 640
78500 640
78600 640
