15 1 0.010968
15 2 0.032436
15 3 0.0530017
15 4 0.072666
15 5 0.0914296
15 6 0.109293
15 7 0.126258
15 8 0.142325
15 9 0.157495
15 10 0.171767
15 11 0.185144
15 12 0.197626
15 13 0.209213
15 14 0.219907
15 15 0.229707
15 16 0.238614
15 17 0.246629
15 18 0.253752
15 19 0.259984
15 20 0.265325
15 21 0.269776
15 22 0.273336
15 23 0.276005
15 24 0.277785
15 25 0.278675
15 26 0.278675
15 27 0.277785
15 28 0.276005
15 29 0.273336
15 30 0.269776
15 31 0.265325
15 32 0.259984
15 33 0.253752
15 34 0.246629
15 35 0.238614
15 36 0.229707
15 37 0.219907
15 38 0.209213
15 39 0.197626
15 40 0.185144
15 41 0.171767
15 42 0.157495
15 43 0.142325
15 44 0.126258
15 45 0.109293
15 46 0.0914296
15 47 0.072666
15 48 0.0530017
15 49 0.032436
15 50 0.010968

