15 1 0.0108547
15 2 0.0320965
15 3 0.0524373
15 4 0.0718788
15 5 0.0904229
15 6 0.108071
15 7 0.124825
15 8 0.140687
15 9 0.155658
15 10 0.169739
15 11 0.182933
15 12 0.19524
15 13 0.206662
15 14 0.2172
15 15 0.226856
15 16 0.23563
15 17 0.243523
15 18 0.250537
15 19 0.256673
15 20 0.26193
15 21 0.266311
15 22 0.269814
15 23 0.272442
15 24 0.274193
15 25 0.275069
15 26 0.275069
15 27 0.274193
15 28 0.272442
15 29 0.269814
15 30 0.266311
15 31 0.26193
15 32 0.256673
15 33 0.250537
15 34 0.243523
15 35 0.23563
15 36 0.226856
15 37 0.2172
15 38 0.206662
15 39 0.19524
15 40 0.182933
15 41 0.169739
15 42 0.155658
15 43 0.140687
15 44 0.124825
15 45 0.108071
15 46 0.0904229
15 47 0.0718788
15 48 0.0524373
15 49 0.0320965
15 50 0.0108547

