15 1 0.0107508
15 2 0.0317854
15 3 0.0519201
15 4 0.0711577
15 5 0.0895007
15 6 0.106951
15 7 0.123513
15 8 0.139186
15 9 0.153975
15 10 0.167881
15 11 0.180907
15 12 0.193054
15 13 0.204324
15 14 0.21472
15 15 0.224244
15 16 0.232896
15 17 0.240678
15 18 0.247592
15 19 0.253639
15 20 0.25882
15 21 0.263136
15 22 0.266588
15 23 0.269177
15 24 0.270902
15 25 0.271765
15 26 0.271765
15 27 0.270902
15 28 0.269177
15 29 0.266588
15 30 0.263136
15 31 0.25882
15 32 0.253639
15 33 0.247592
15 34 0.240678
15 35 0.232896
15 36 0.224244
15 37 0.21472
15 38 0.204324
15 39 0.193054
15 40 0.180907
15 41 0.167881
15 42 0.153975
15 43 0.139186
15 44 0.123513
15 45 0.106951
15 46 0.0895007
15 47 0.0711577
15 48 0.0519201
15 49 0.0317854
15 50 0.0107508

