15 1 0.00948453
15 2 0.0279915
15 3 0.0456136
15 4 0.0623635
15 5 0.0782534
15 6 0.0932956
15 7 0.107502
15 8 0.120884
15 9 0.133454
15 10 0.145221
15 11 0.156198
15 12 0.166394
15 13 0.175818
15 14 0.18448
15 15 0.192389
15 16 0.199553
15 17 0.205978
15 18 0.211672
15 19 0.216641
15 20 0.22089
15 21 0.224423
15 22 0.227245
15 23 0.229359
15 24 0.230767
15 25 0.23147
15 26 0.23147
15 27 0.230767
15 28 0.229359
15 29 0.227245
15 30 0.224423
15 31 0.22089
15 32 0.216641
15 33 0.211672
15 34 0.205978
15 35 0.199553
15 36 0.192389
15 37 0.18448
15 38 0.175818
15 39 0.166394
15 40 0.156198
15 41 0.145221
15 42 0.133454
15 43 0.120884
15 44 0.107502
15 45 0.0932956
15 46 0.0782534
15 47 0.0623635
15 48 0.0456136
15 49 0.0279915
15 50 0.00948453

