15 1 0.00930062
15 2 0.0274405
15 3 0.0446977
15 4 0.0610863
15 5 0.0766199
15 6 0.0913122
15 7 0.105177
15 8 0.118226
15 9 0.130473
15 10 0.14193
15 11 0.152609
15 12 0.162522
15 13 0.171678
15 14 0.180088
15 15 0.187763
15 16 0.19471
15 17 0.200938
15 18 0.206455
15 19 0.211267
15 20 0.215381
15 21 0.2188
15 22 0.221531
15 23 0.223576
15 24 0.224938
15 25 0.225618
15 26 0.225618
15 27 0.224938
15 28 0.223576
15 29 0.221531
15 30 0.2188
15 31 0.215381
15 32 0.211267
15 33 0.206455
15 34 0.200938
15 35 0.19471
15 36 0.187763
15 37 0.180088
15 38 0.171678
15 39 0.162522
15 40 0.152609
15 41 0.14193
15 42 0.130473
15 43 0.118226
15 44 0.105177
15 45 0.0913122
15 46 0.0766199
15 47 0.0610863
15 48 0.0446977
15 49 0.0274405
15 50 0.00930062

