15 1 0.0108777
15 2 0.0321656
15 3 0.0525522
15 4 0.0720391
15 5 0.0906278
15 6 0.10832
15 7 0.125117
15 8 0.14102
15 9 0.156032
15 10 0.170152
15 11 0.183383
15 12 0.195726
15 13 0.207181
15 14 0.217751
15 15 0.227436
15 16 0.236237
15 17 0.244155
15 18 0.251192
15 19 0.257347
15 20 0.262622
15 21 0.267016
15 22 0.270531
15 23 0.273167
15 24 0.274924
15 25 0.275803
15 26 0.275803
15 27 0.274924
15 28 0.273167
15 29 0.270531
15 30 0.267016
15 31 0.262622
15 32 0.257347
15 33 0.251192
15 34 0.244155
15 35 0.236237
15 36 0.227436
15 37 0.217751
15 38 0.207181
15 39 0.195726
15 40 0.183383
15 41 0.170152
15 42 0.156032
15 43 0.14102
15 44 0.125117
15 45 0.10832
15 46 0.0906278
15 47 0.0720391
15 48 0.0525522
15 49 0.0321656
15 50 0.0108777

