15 1 0.0081722
15 2 0.0240597
15 3 0.0390779
15 4 0.0532496
15 5 0.0665973
15 6 0.0791432
15 7 0.0909092
15 8 0.101917
15 9 0.112186
15 10 0.121738
15 11 0.130591
15 12 0.138765
15 13 0.146276
15 14 0.153141
15 15 0.159377
15 16 0.164998
15 17 0.170017
15 18 0.174447
15 19 0.178298
15 20 0.181581
15 21 0.184303
15 22 0.186473
15 23 0.188095
15 24 0.189174
15 25 0.189713
15 26 0.189713
15 27 0.189174
15 28 0.188095
15 29 0.186473
15 30 0.184303
15 31 0.181581
15 32 0.178298
15 33 0.174447
15 34 0.170017
15 35 0.164998
15 36 0.159377
15 37 0.153141
15 38 0.146276
15 39 0.138765
15 40 0.130591
15 41 0.121738
15 42 0.112186
15 43 0.101917
15 44 0.0909092
15 45 0.0791432
15 46 0.0665973
15 47 0.0532496
15 48 0.0390779
15 49 0.0240597
15 50 0.0081722

