15 1 0.00632457
15 2 0.0185241
15 3 0.0298766
15 4 0.0404192
15 5 0.050189
15 6 0.0592226
15 7 0.0675555
15 8 0.0752229
15 9 0.0822586
15 10 0.0886955
15 11 0.0945653
15 12 0.0998982
15 13 0.104723
15 14 0.109067
15 15 0.112956
15 16 0.116413
15 17 0.11946
15 18 0.122118
15 19 0.124403
15 20 0.126332
15 21 0.127919
15 22 0.129174
15 23 0.130108
15 24 0.130727
15 25 0.131035
15 26 0.131035
15 27 0.130727
15 28 0.130108
15 29 0.129174
15 30 0.127919
15 31 0.126332
15 32 0.124403
15 33 0.122118
15 34 0.11946
15 35 0.116413
15 36 0.112956
15 37 0.109067
15 38 0.104723
15 39 0.0998982
15 40 0.0945653
15 41 0.0886955
15 42 0.0822586
15 43 0.0752229
15 44 0.0675555
15 45 0.0592226
15 46 0.050189
15 47 0.0404192
15 48 0.0298766
15 49 0.0185241
15 50 0.00632457

