15 1 0.0054694
15 2 0.0159623
15 3 0.025619
15 4 0.0344841
15 5 0.0426018
15 6 0.0500154
15 7 0.0567675
15 8 0.0628994
15 9 0.0684514
15 10 0.0734622
15 11 0.077969
15 12 0.0820073
15 13 0.0856107
15 14 0.0888108
15 15 0.0916373
15 16 0.0941175
15 17 0.0962767
15 18 0.0981376
15 19 0.0997206
15 20 0.101044
15 21 0.102123
15 22 0.10297
15 23 0.103597
15 24 0.10401
15 25 0.104215
15 26 0.104215
15 27 0.10401
15 28 0.103597
15 29 0.10297
15 30 0.102123
15 31 0.101044
15 32 0.0997206
15 33 0.0981376
15 34 0.0962767
15 35 0.0941175
15 36 0.0916373
15 37 0.0888108
15 38 0.0856107
15 39 0.0820073
15 40 0.077969
15 41 0.0734622
15 42 0.0684514
15 43 0.0628994
15 44 0.0567675
15 45 0.0500154
15 46 0.0426018
15 47 0.0344841
15 48 0.025619
15 49 0.0159623
15 50 0.0054694

