15 1 0.0104482
15 2 0.0308787
15 3 0.050413
15 4 0.069056
15 5 0.0868127
15 6 0.103688
15 7 0.119686
15 8 0.134812
15 9 0.149071
15 10 0.162466
15 11 0.175002
15 12 0.186682
15 13 0.197512
15 14 0.207493
15 15 0.216631
15 16 0.224927
15 17 0.232385
15 18 0.239008
15 19 0.244797
15 20 0.249755
15 21 0.253884
15 22 0.257186
15 23 0.259661
15 24 0.26131
15 25 0.262135
15 26 0.262135
15 27 0.26131
15 28 0.259661
15 29 0.257186
15 30 0.253884
15 31 0.249755
15 32 0.244797
15 33 0.239008
15 34 0.232385
15 35 0.224927
15 36 0.216631
15 37 0.207493
15 38 0.197512
15 39 0.186682
15 40 0.175002
15 41 0.162466
15 42 0.149071
15 43 0.134812
15 44 0.119686
15 45 0.103688
15 46 0.0868127
15 47 0.069056
15 48 0.050413
15 49 0.0308787
15 50 0.0104482

