15 1 0.0105433
15 2 0.0311637
15 3 0.0508868
15 4 0.0697168
15 5 0.0876577
15 6 0.104714
15 7 0.120889
15 8 0.136187
15 9 0.150612
15 10 0.164168
15 11 0.176858
15 12 0.188685
15 13 0.199653
15 14 0.209765
15 15 0.219024
15 16 0.227432
15 17 0.234992
15 18 0.241706
15 19 0.247577
15 20 0.252605
15 21 0.256793
15 22 0.260142
15 23 0.262652
15 24 0.264326
15 25 0.265162
15 26 0.265162
15 27 0.264326
15 28 0.262652
15 29 0.260142
15 30 0.256793
15 31 0.252605
15 32 0.247577
15 33 0.241706
15 34 0.234992
15 35 0.227432
15 36 0.219024
15 37 0.209765
15 38 0.199653
15 39 0.188685
15 40 0.176858
15 41 0.164168
15 42 0.150612
15 43 0.136187
15 44 0.120889
15 45 0.104714
15 46 0.0876577
15 47 0.0697168
15 48 0.0508868
15 49 0.0311637
15 50 0.0105433

