15 1 0.0109846
15 2 0.0324856
15 3 0.0530842
15 4 0.072781
15 5 0.0915767
15 6 0.109472
15 7 0.126468
15 8 0.142565
15 9 0.157763
15 10 0.172064
15 11 0.185467
15 12 0.197975
15 13 0.209586
15 14 0.220302
15 15 0.230123
15 16 0.23905
15 17 0.247083
15 18 0.254222
15 19 0.260468
15 20 0.265822
15 21 0.270282
15 22 0.27385
15 23 0.276526
15 24 0.27831
15 25 0.279202
15 26 0.279202
15 27 0.27831
15 28 0.276526
15 29 0.27385
15 30 0.270282
15 31 0.265822
15 32 0.260468
15 33 0.254222
15 34 0.247083
15 35 0.23905
15 36 0.230123
15 37 0.220302
15 38 0.209586
15 39 0.197975
15 40 0.185467
15 41 0.172064
15 42 0.157763
15 43 0.142565
15 44 0.126468
15 45 0.109472
15 46 0.0915767
15 47 0.072781
15 48 0.0530842
15 49 0.0324856
15 50 0.0109846

