15 1 0.0103361
15 2 0.0305429
15 3 0.0498548
15 4 0.0682777
15 5 0.0858173
15 6 0.102479
15 7 0.118269
15 8 0.133192
15 9 0.147254
15 10 0.16046
15 11 0.172815
15 12 0.184323
15 13 0.194989
15 14 0.204817
15 15 0.213811
15 16 0.221976
15 17 0.229314
15 18 0.235828
15 19 0.241522
15 20 0.246398
15 21 0.250458
15 22 0.253704
15 23 0.256137
15 24 0.257758
15 25 0.258568
15 26 0.258568
15 27 0.257758
15 28 0.256137
15 29 0.253704
15 30 0.250458
15 31 0.246398
15 32 0.241522
15 33 0.235828
15 34 0.229314
15 35 0.221976
15 36 0.213811
15 37 0.204817
15 38 0.194989
15 39 0.184323
15 40 0.172815
15 41 0.16046
15 42 0.147254
15 43 0.133192
15 44 0.118269
15 45 0.102479
15 46 0.0858173
15 47 0.0682777
15 48 0.0498548
15 49 0.0305429
15 50 0.0103361

