15 1 0.00886664
15 2 0.0261403
15 3 0.0425364
15 4 0.0580724
15 5 0.0727653
15 6 0.0866322
15 7 0.0996895
15 8 0.111954
15 9 0.12344
15 10 0.134164
15 11 0.144141
15 12 0.153385
15 13 0.161908
15 14 0.169725
15 15 0.176846
15 16 0.183283
15 17 0.189046
15 18 0.194145
15 19 0.198587
15 20 0.202381
15 21 0.205533
15 22 0.208048
15 23 0.20993
15 24 0.211183
15 25 0.211809
15 26 0.211809
15 27 0.211183
15 28 0.20993
15 29 0.208048
15 30 0.205533
15 31 0.202381
15 32 0.198587
15 33 0.194145
15 34 0.189046
15 35 0.183283
15 36 0.176846
15 37 0.169725
15 38 0.161908
15 39 0.153385
15 40 0.144141
15 41 0.134164
15 42 0.12344
15 43 0.111954
15 44 0.0996895
15 45 0.0866322
15 46 0.0727653
15 47 0.0580724
15 48 0.0425364
15 49 0.0261403
15 50 0.00886664

