15 1 0.00169181
15 2 0.00467472
15 3 0.00695471
15 4 0.00865801
15 5 0.00990025
15 6 0.0107837
15 7 0.0113957
15 8 0.0118083
15 9 0.0120786
15 10 0.0122506
15 11 0.0123567
15 12 0.0124202
15 13 0.012457
15 14 0.0124776
15 15 0.0124887
15 16 0.0124945
15 17 0.0124974
15 18 0.0124988
15 19 0.0124995
15 20 0.0124998
15 21 0.0124999
15 22 0.0125
15 23 0.0125
15 24 0.0125
15 25 0.0125
15 26 0.0125
15 27 0.0125
15 28 0.0125
15 29 0.0125
15 30 0.0124999
15 31 0.0124998
15 32 0.0124995
15 33 0.0124988
15 34 0.0124974
15 35 0.0124945
15 36 0.0124887
15 37 0.0124776
15 38 0.012457
15 39 0.0124202
15 40 0.0123567
15 41 0.0122506
15 42 0.0120786
15 43 0.0118083
15 44 0.0113957
15 45 0.0107837
15 46 0.00990025
15 47 0.00865801
15 48 0.00695471
15 49 0.00467472
15 50 0.00169181

