15 1 0.00443216
15 2 0.0128559
15 3 0.0204596
15 4 0.0272983
15 5 0.0334262
15 6 0.0388966
15 7 0.043761
15 8 0.0480694
15 9 0.0518699
15 10 0.0552082
15 11 0.0581278
15 12 0.0606697
15 13 0.0628721
15 14 0.0647705
15 15 0.0663977
15 16 0.0677837
15 17 0.0689554
15 18 0.069937
15 19 0.0707499
15 20 0.0714127
15 21 0.0719411
15 22 0.0723483
15 23 0.0726446
15 24 0.0728379
15 25 0.0729332
15 26 0.0729332
15 27 0.0728379
15 28 0.0726446
15 29 0.0723483
15 30 0.0719411
15 31 0.0714127
15 32 0.0707499
15 33 0.069937
15 34 0.0689554
15 35 0.0677837
15 36 0.0663977
15 37 0.0647705
15 38 0.0628721
15 39 0.0606697
15 40 0.0581278
15 41 0.0552082
15 42 0.0518699
15 43 0.0480694
15 44 0.043761
15 45 0.0388966
15 46 0.0334262
15 47 0.0272983
15 48 0.0204596
15 49 0.0128559
15 50 0.00443216

