15 1 0.00992974
15 2 0.0293253
15 3 0.0478309
15 4 0.0654554
15 5 0.0822078
15 6 0.0980967
15 7 0.113131
15 8 0.127319
15 9 0.140669
15 10 0.153188
15 11 0.164885
15 12 0.175767
15 13 0.18584
15 14 0.195112
15 15 0.203589
15 16 0.211275
15 17 0.218178
15 18 0.224301
15 19 0.229649
15 20 0.234225
15 21 0.238034
15 22 0.241077
15 23 0.243358
15 24 0.244878
15 25 0.245637
15 26 0.245637
15 27 0.244878
15 28 0.243358
15 29 0.241077
15 30 0.238034
15 31 0.234225
15 32 0.229649
15 33 0.224301
15 34 0.218178
15 35 0.211275
15 36 0.203589
15 37 0.195112
15 38 0.18584
15 39 0.175767
15 40 0.164885
15 41 0.153188
15 42 0.140669
15 43 0.127319
15 44 0.113131
15 45 0.0980967
15 46 0.0822078
15 47 0.0654554
15 48 0.0478309
15 49 0.0293253
15 50 0.00992974

