15 1 0.010917
15 2 0.0322831
15 3 0.0527475
15 4 0.0723115
15 5 0.0909763
15 6 0.108743
15 7 0.125613
15 8 0.141587
15 9 0.156667
15 10 0.170854
15 11 0.184148
15 12 0.196551
15 13 0.208064
15 14 0.218688
15 15 0.228423
15 16 0.23727
15 17 0.24523
15 18 0.252305
15 19 0.258493
15 20 0.263797
15 21 0.268215
15 22 0.27175
15 23 0.274401
15 24 0.276167
15 25 0.277051
15 26 0.277051
15 27 0.276167
15 28 0.274401
15 29 0.27175
15 30 0.268215
15 31 0.263797
15 32 0.258493
15 33 0.252305
15 34 0.24523
15 35 0.23727
15 36 0.228423
15 37 0.218688
15 38 0.208064
15 39 0.196551
15 40 0.184148
15 41 0.170854
15 42 0.156667
15 43 0.141587
15 44 0.125613
15 45 0.108743
15 46 0.0909763
15 47 0.0723115
15 48 0.0527475
15 49 0.0322831
15 50 0.010917

