15 1 0.00402822
15 2 0.0116468
15 3 0.0184533
15 4 0.0245078
15 5 0.0298697
15 6 0.0345966
15 7 0.0387443
15 8 0.0423665
15 9 0.0455145
15 10 0.0482366
15 11 0.0505786
15 12 0.0525828
15 13 0.0542886
15 14 0.0557322
15 15 0.0569464
15 16 0.0579609
15 17 0.0588022
15 18 0.0594937
15 19 0.0600558
15 20 0.0605061
15 21 0.0608594
15 22 0.0611278
15 23 0.0613209
15 24 0.0614457
15 25 0.0615069
15 26 0.0615069
15 27 0.0614457
15 28 0.0613209
15 29 0.0611278
15 30 0.0608594
15 31 0.0605061
15 32 0.0600558
15 33 0.0594937
15 34 0.0588022
15 35 0.0579609
15 36 0.0569464
15 37 0.0557322
15 38 0.0542886
15 39 0.0525828
15 40 0.0505786
15 41 0.0482366
15 42 0.0455145
15 43 0.0423665
15 44 0.0387443
15 45 0.0345966
15 46 0.0298697
15 47 0.0245078
15 48 0.0184533
15 49 0.0116468
15 50 0.00402822

