15 1 0.0107325
15 2 0.0317304
15 3 0.0518288
15 4 0.0710303
15 5 0.0893377
15 6 0.106754
15 7 0.123281
15 8 0.138921
15 9 0.153678
15 10 0.167553
15 11 0.180549
15 12 0.192667
15 13 0.203911
15 14 0.214282
15 15 0.223782
15 16 0.232412
15 17 0.240175
15 18 0.247072
15 19 0.253103
15 20 0.258271
15 21 0.262575
15 22 0.266018
15 23 0.2686
15 24 0.27032
15 25 0.271181
15 26 0.271181
15 27 0.27032
15 28 0.2686
15 29 0.266018
15 30 0.262575
15 31 0.258271
15 32 0.253103
15 33 0.247072
15 34 0.240175
15 35 0.232412
15 36 0.223782
15 37 0.214282
15 38 0.203911
15 39 0.192667
15 40 0.180549
15 41 0.167553
15 42 0.153678
15 43 0.138921
15 44 0.123281
15 45 0.106754
15 46 0.0893377
15 47 0.0710303
15 48 0.0518288
15 49 0.0317304
15 50 0.0107325

