15 1 0.0100485
15 2 0.0296813
15 3 0.0484226
15 4 0.0662805
15 5 0.0832629
15 6 0.0993779
15 7 0.114633
15 8 0.129036
15 9 0.142594
15 10 0.155314
15 11 0.167203
15 12 0.178268
15 13 0.188515
15 14 0.197949
15 15 0.206577
15 16 0.214404
15 17 0.221433
15 18 0.227671
15 19 0.23312
15 20 0.237784
15 21 0.241666
15 22 0.244769
15 23 0.247094
15 24 0.248643
15 25 0.249417
15 26 0.249417
15 27 0.248643
15 28 0.247094
15 29 0.244769
15 30 0.241666
15 31 0.237784
15 32 0.23312
15 33 0.227671
15 34 0.221433
15 35 0.214404
15 36 0.206577
15 37 0.197949
15 38 0.188515
15 39 0.178268
15 40 0.167203
15 41 0.155314
15 42 0.142594
15 43 0.129036
15 44 0.114633
15 45 0.0993779
15 46 0.0832629
15 47 0.0662805
15 48 0.0484226
15 49 0.0296813
15 50 0.0100485

