15 1 0.00972534
15 2 0.0287129
15 3 0.0468129
15 4 0.0640359
15 5 0.0803922
15 6 0.0958924
15 7 0.110547
15 8 0.124365
15 9 0.137356
15 10 0.14953
15 11 0.160897
15 12 0.171463
15 13 0.181239
15 14 0.190231
15 15 0.198447
15 16 0.205893
15 17 0.212577
15 18 0.218503
15 19 0.223676
15 20 0.228103
15 21 0.231785
15 22 0.234727
15 23 0.236931
15 24 0.238399
15 25 0.239133
15 26 0.239133
15 27 0.238399
15 28 0.236931
15 29 0.234727
15 30 0.231785
15 31 0.228103
15 32 0.223676
15 33 0.218503
15 34 0.212577
15 35 0.205893
15 36 0.198447
15 37 0.190231
15 38 0.181239
15 39 0.171463
15 40 0.160897
15 41 0.14953
15 42 0.137356
15 43 0.124365
15 44 0.110547
15 45 0.0958924
15 46 0.0803922
15 47 0.0640359
15 48 0.0468129
15 49 0.0287129
15 50 0.00972534

