15 1 0.00746245
15 2 0.0219332
15 3 0.0355431
15 4 0.0483205
15 5 0.0602934
15 6 0.0714895
15 7 0.0819359
15 8 0.0916591
15 9 0.100685
15 10 0.109039
15 11 0.116744
15 12 0.123824
15 13 0.130301
15 14 0.136196
15 15 0.141527
15 16 0.146314
15 17 0.150573
15 18 0.15432
15 19 0.157567
15 20 0.160328
15 21 0.162612
15 22 0.164429
15 23 0.165785
15 24 0.166687
15 25 0.167136
15 26 0.167136
15 27 0.166687
15 28 0.165785
15 29 0.164429
15 30 0.162612
15 31 0.160328
15 32 0.157567
15 33 0.15432
15 34 0.150573
15 35 0.146314
15 36 0.141527
15 37 0.136196
15 38 0.130301
15 39 0.123824
15 40 0.116744
15 41 0.109039
15 42 0.100685
15 43 0.0916591
15 44 0.0819359
15 45 0.0714895
15 46 0.0602934
15 47 0.0483205
15 48 0.0355431
15 49 0.0219332
15 50 0.00746245

