15 1 0.00847292
15 2 0.0249606
15 3 0.0405755
15 4 0.055338
15 5 0.0692683
15 6 0.0823862
15 7 0.0947114
15 8 0.106263
15 9 0.117059
15 10 0.127119
15 11 0.136459
15 12 0.145096
15 13 0.153045
15 14 0.160323
15 15 0.166942
15 16 0.172916
15 17 0.178257
15 18 0.182977
15 19 0.187084
15 20 0.190588
15 21 0.193496
15 22 0.195815
15 23 0.19755
15 24 0.198704
15 25 0.199281
15 26 0.199281
15 27 0.198704
15 28 0.19755
15 29 0.195815
15 30 0.193496
15 31 0.190588
15 32 0.187084
15 33 0.182977
15 34 0.178257
15 35 0.172916
15 36 0.166942
15 37 0.160323
15 38 0.153045
15 39 0.145096
15 40 0.136459
15 41 0.127119
15 42 0.117059
15 43 0.106263
15 44 0.0947114
15 45 0.0823862
15 46 0.0692683
15 47 0.055338
15 48 0.0405755
15 49 0.0249606
15 50 0.00847292

