15 1 0.0109618
15 2 0.0324176
15 3 0.0529711
15 4 0.0726232
15 5 0.091375
15 6 0.109227
15 7 0.126181
15 8 0.142236
15 9 0.157395
15 10 0.171657
15 11 0.185024
15 12 0.197496
15 13 0.209075
15 14 0.21976
15 15 0.229552
15 16 0.238452
15 17 0.24646
15 18 0.253578
15 19 0.259805
15 20 0.265141
15 21 0.269588
15 22 0.273145
15 23 0.275812
15 24 0.27759
15 25 0.278479
15 26 0.278479
15 27 0.27759
15 28 0.275812
15 29 0.273145
15 30 0.269588
15 31 0.265141
15 32 0.259805
15 33 0.253578
15 34 0.24646
15 35 0.238452
15 36 0.229552
15 37 0.21976
15 38 0.209075
15 39 0.197496
15 40 0.185024
15 41 0.171657
15 42 0.157395
15 43 0.142236
15 44 0.126181
15 45 0.109227
15 46 0.091375
15 47 0.0726232
15 48 0.0529711
15 49 0.0324176
15 50 0.0109618

