15 1 0.00920085
15 2 0.0271415
15 3 0.0442008
15 4 0.0603934
15 5 0.0757337
15 6 0.0902363
15 7 0.103915
15 8 0.116784
15 9 0.128856
15 10 0.140145
15 11 0.150662
15 12 0.160421
15 13 0.169432
15 14 0.177706
15 15 0.185253
15 16 0.192083
15 17 0.198204
15 18 0.203625
15 19 0.208352
15 20 0.212392
15 21 0.21575
15 22 0.218431
15 23 0.220439
15 24 0.221776
15 25 0.222443
15 26 0.222443
15 27 0.221776
15 28 0.220439
15 29 0.218431
15 30 0.21575
15 31 0.212392
15 32 0.208352
15 33 0.203625
15 34 0.198204
15 35 0.192083
15 36 0.185253
15 37 0.177706
15 38 0.169432
15 39 0.160421
15 40 0.150662
15 41 0.140145
15 42 0.128856
15 43 0.116784
15 44 0.103915
15 45 0.0902363
15 46 0.0757337
15 47 0.0603934
15 48 0.0442008
15 49 0.0271415
15 50 0.00920085

