15 1 0.00898418
15 2 0.0264924
15 3 0.0431218
15 4 0.0588887
15 5 0.0738093
15 6 0.0878997
15 7 0.101176
15 8 0.113652
15 9 0.125345
15 10 0.136268
15 11 0.146435
15 12 0.155859
15 13 0.164554
15 14 0.172532
15 15 0.179803
15 16 0.186378
15 17 0.192267
15 18 0.197479
15 19 0.202022
15 20 0.205902
15 21 0.209126
15 22 0.2117
15 23 0.213626
15 24 0.214908
15 25 0.215549
15 26 0.215549
15 27 0.214908
15 28 0.213626
15 29 0.2117
15 30 0.209126
15 31 0.205902
15 32 0.202022
15 33 0.197479
15 34 0.192267
15 35 0.186378
15 36 0.179803
15 37 0.172532
15 38 0.164554
15 39 0.155859
15 40 0.146435
15 41 0.136268
15 42 0.125345
15 43 0.113652
15 44 0.101176
15 45 0.0878997
15 46 0.0738093
15 47 0.0588887
15 48 0.0431218
15 49 0.0264924
15 50 0.00898418

