15 1 0.0106482
15 2 0.0314779
15 3 0.051409
15 4 0.070445
15 5 0.0885891
15 6 0.105845
15 7 0.122215
15 8 0.137703
15 9 0.152312
15 10 0.166045
15 11 0.178904
15 12 0.190893
15 13 0.202014
15 14 0.21227
15 15 0.221662
15 16 0.230193
15 17 0.237866
15 18 0.244681
15 19 0.250641
15 20 0.255746
15 21 0.259999
15 22 0.2634
15 23 0.26595
15 24 0.267649
15 25 0.268499
15 26 0.268499
15 27 0.267649
15 28 0.26595
15 29 0.2634
15 30 0.259999
15 31 0.255746
15 32 0.250641
15 33 0.244681
15 34 0.237866
15 35 0.230193
15 36 0.221662
15 37 0.21227
15 38 0.202014
15 39 0.190893
15 40 0.178904
15 41 0.166045
15 42 0.152312
15 43 0.137703
15 44 0.122215
15 45 0.105845
15 46 0.0885891
15 47 0.070445
15 48 0.051409
15 49 0.0314779
15 50 0.0106482

