15 1 0.00986529
15 2 0.0291323
15 3 0.0475099
15 4 0.0650078
15 5 0.0816353
15 6 0.0974017
15 7 0.112316
15 8 0.126387
15 9 0.139624
15 10 0.152035
15 11 0.163627
15 12 0.17441
15 13 0.184389
15 14 0.193573
15 15 0.201967
15 16 0.209578
15 17 0.216412
15 18 0.222473
15 19 0.227766
15 20 0.232295
15 21 0.236064
15 22 0.239075
15 23 0.241332
15 24 0.242835
15 25 0.243586
15 26 0.243586
15 27 0.242835
15 28 0.241332
15 29 0.239075
15 30 0.236064
15 31 0.232295
15 32 0.227766
15 33 0.222473
15 34 0.216412
15 35 0.209578
15 36 0.201967
15 37 0.193573
15 38 0.184389
15 39 0.17441
15 40 0.163627
15 41 0.152035
15 42 0.139624
15 43 0.126387
15 44 0.112316
15 45 0.0974017
15 46 0.0816353
15 47 0.0650078
15 48 0.0475099
15 49 0.0291323
15 50 0.00986529

