15 1 0.00939509
15 2 0.0277235
15 3 0.0451682
15 4 0.0617423
15 5 0.077459
15 6 0.092331
15 7 0.106371
15 8 0.119591
15 9 0.132004
15 10 0.143621
15 11 0.154453
15 12 0.16451
15 13 0.173804
15 14 0.182344
15 15 0.190139
15 16 0.197197
15 17 0.203527
15 18 0.209135
15 19 0.214027
15 20 0.21821
15 21 0.221689
15 22 0.224466
15 23 0.226546
15 24 0.227932
15 25 0.228624
15 26 0.228624
15 27 0.227932
15 28 0.226546
15 29 0.224466
15 30 0.221689
15 31 0.21821
15 32 0.214027
15 33 0.209135
15 34 0.203527
15 35 0.197197
15 36 0.190139
15 37 0.182344
15 38 0.173804
15 39 0.16451
15 40 0.154453
15 41 0.143621
15 42 0.132004
15 43 0.119591
15 44 0.106371
15 45 0.092331
15 46 0.077459
15 47 0.0617423
15 48 0.0451682
15 49 0.0277235
15 50 0.00939509

