15 1 0.0109336
15 2 0.0323329
15 3 0.0528303
15 4 0.072427
15 5 0.0911239
15 6 0.108922
15 7 0.125823
15 8 0.141828
15 9 0.156937
15 10 0.171151
15 11 0.184473
15 12 0.196901
15 13 0.208438
15 14 0.219085
15 15 0.228841
15 16 0.237708
15 17 0.245686
15 18 0.252776
15 19 0.258979
15 20 0.264294
15 21 0.268724
15 22 0.272266
15 23 0.274923
15 24 0.276694
15 25 0.27758
15 26 0.27758
15 27 0.276694
15 28 0.274923
15 29 0.272266
15 30 0.268724
15 31 0.264294
15 32 0.258979
15 33 0.252776
15 34 0.245686
15 35 0.237708
15 36 0.228841
15 37 0.219085
15 38 0.208438
15 39 0.196901
15 40 0.184473
15 41 0.171151
15 42 0.156937
15 43 0.141828
15 44 0.125823
15 45 0.108922
15 46 0.0911239
15 47 0.072427
15 48 0.0528303
15 49 0.0323329
15 50 0.0109336

