15 1 0.00861139
15 2 0.0253755
15 3 0.0412652
15 4 0.0562997
15 5 0.0704982
15 6 0.0838795
15 7 0.0964622
15 8 0.108264
15 9 0.119304
15 10 0.129597
15 11 0.139161
15 12 0.148011
15 13 0.156162
15 14 0.163629
15 15 0.170425
15 16 0.176562
15 17 0.182052
15 18 0.186904
15 19 0.19113
15 20 0.194736
15 21 0.19773
15 22 0.200117
15 23 0.201904
15 24 0.203093
15 25 0.203687
15 26 0.203687
15 27 0.203093
15 28 0.201904
15 29 0.200117
15 30 0.19773
15 31 0.194736
15 32 0.19113
15 33 0.186904
15 34 0.182052
15 35 0.176562
15 36 0.170425
15 37 0.163629
15 38 0.156162
15 39 0.148011
15 40 0.139161
15 41 0.129597
15 42 0.119304
15 43 0.108264
15 44 0.0964622
15 45 0.0838795
15 46 0.0704982
15 47 0.0562997
15 48 0.0412652
15 49 0.0253755
15 50 0.00861139

