15 1 0.00783673
15 2 0.0230546
15 3 0.0374071
15 4 0.0509198
15 5 0.0636177
15 6 0.0755256
15 7 0.0866678
15 8 0.0970682
15 9 0.10675
15 10 0.115735
15 11 0.124046
15 12 0.131702
15 13 0.138725
15 14 0.145131
15 15 0.15094
15 16 0.156166
15 17 0.160826
15 18 0.164933
15 19 0.168498
15 20 0.171534
15 21 0.174049
15 22 0.176052
15 23 0.177549
15 24 0.178544
15 25 0.17904
15 26 0.17904
15 27 0.178544
15 28 0.177549
15 29 0.176052
15 30 0.174049
15 31 0.171534
15 32 0.168498
15 33 0.164933
15 34 0.160826
15 35 0.156166
15 36 0.15094
15 37 0.145131
15 38 0.138725
15 39 0.131702
15 40 0.124046
15 41 0.115735
15 42 0.10675
15 43 0.0970682
15 44 0.0866678
15 45 0.0755256
15 46 0.0636177
15 47 0.0509198
15 48 0.0374071
15 49 0.0230546
15 50 0.00783673

