15 1 0.0104129
15 2 0.0307728
15 3 0.050237
15 4 0.0688106
15 5 0.0864989
15 6 0.103307
15 7 0.119239
15 8 0.134302
15 9 0.148498
15 10 0.161833
15 11 0.174312
15 12 0.185938
15 13 0.196716
15 14 0.20665
15 15 0.215742
15 16 0.223997
15 17 0.231417
15 18 0.238005
15 19 0.243765
15 20 0.248697
15 21 0.252804
15 22 0.256088
15 23 0.25855
15 24 0.26019
15 25 0.26101
15 26 0.26101
15 27 0.26019
15 28 0.25855
15 29 0.256088
15 30 0.252804
15 31 0.248697
15 32 0.243765
15 33 0.238005
15 34 0.231417
15 35 0.223997
15 36 0.215742
15 37 0.20665
15 38 0.196716
15 39 0.185938
15 40 0.174312
15 41 0.161833
15 42 0.148498
15 43 0.134302
15 44 0.119239
15 45 0.103307
15 46 0.0864989
15 47 0.0688106
15 48 0.050237
15 49 0.0307728
15 50 0.0104129

