15 1 0.00800905
15 2 0.0235709
15 3 0.0382653
15 4 0.0521165
15 5 0.0651482
15 6 0.0773838
15 7 0.0888465
15 8 0.0995587
15 9 0.109542
15 10 0.118818
15 11 0.127408
15 12 0.13533
15 13 0.142603
15 14 0.149246
15 15 0.155274
15 16 0.160703
15 17 0.165547
15 18 0.16982
15 19 0.173532
15 20 0.176695
15 21 0.179316
15 22 0.181405
15 23 0.182966
15 24 0.184004
15 25 0.184522
15 26 0.184522
15 27 0.184004
15 28 0.182966
15 29 0.181405
15 30 0.179316
15 31 0.176695
15 32 0.173532
15 33 0.16982
15 34 0.165547
15 35 0.160703
15 36 0.155274
15 37 0.149246
15 38 0.142603
15 39 0.13533
15 40 0.127408
15 41 0.118818
15 42 0.109542
15 43 0.0995587
15 44 0.0888465
15 45 0.0773838
15 46 0.0651482
15 47 0.0521165
15 48 0.0382653
15 49 0.0235709
15 50 0.00800905

