15 1 0.0109412
15 2 0.0323558
15 3 0.0528684
15 4 0.0724801
15 5 0.0911919
15 6 0.109005
15 7 0.12592
15 8 0.141938
15 9 0.157061
15 10 0.171288
15 11 0.184622
15 12 0.197063
15 13 0.208611
15 14 0.219267
15 15 0.229033
15 16 0.237909
15 17 0.245896
15 18 0.252993
15 19 0.259202
15 20 0.264524
15 21 0.268958
15 22 0.272504
15 23 0.275164
15 24 0.276937
15 25 0.277824
15 26 0.277824
15 27 0.276937
15 28 0.275164
15 29 0.272504
15 30 0.268958
15 31 0.264524
15 32 0.259202
15 33 0.252993
15 34 0.245896
15 35 0.237909
15 36 0.229033
15 37 0.219267
15 38 0.208611
15 39 0.197063
15 40 0.184622
15 41 0.171288
15 42 0.157061
15 43 0.141938
15 44 0.12592
15 45 0.109005
15 46 0.0911919
15 47 0.0724801
15 48 0.0528684
15 49 0.0323558
15 50 0.0109412

