15 1 0.010155
15 2 0.0300004
15 3 0.048953
15 4 0.0670201
15 5 0.0842089
15 6 0.100526
15 7 0.11598
15 8 0.130575
15 9 0.14432
15 10 0.15722
15 11 0.169281
15 12 0.18051
15 13 0.190912
15 14 0.200493
15 15 0.209256
15 16 0.217208
15 17 0.224352
15 18 0.230692
15 19 0.236232
15 20 0.240974
15 21 0.244922
15 22 0.248078
15 23 0.250443
15 24 0.252019
15 25 0.252806
15 26 0.252806
15 27 0.252019
15 28 0.250443
15 29 0.248078
15 30 0.244922
15 31 0.240974
15 32 0.236232
15 33 0.230692
15 34 0.224352
15 35 0.217208
15 36 0.209256
15 37 0.200493
15 38 0.190912
15 39 0.18051
15 40 0.169281
15 41 0.15722
15 42 0.14432
15 43 0.130575
15 44 0.11598
15 45 0.100526
15 46 0.0842089
15 47 0.0670201
15 48 0.048953
15 49 0.0300004
15 50 0.010155

