15 1 0.0087425
15 2 0.0257683
15 3 0.0419181
15 4 0.0572102
15 5 0.0716627
15 6 0.0852934
15 7 0.0981199
15 8 0.110159
15 9 0.121428
15 10 0.131943
15 11 0.141719
15 12 0.150771
15 13 0.159114
15 14 0.16676
15 15 0.173723
15 16 0.180014
15 17 0.185644
15 18 0.190624
15 19 0.19496
15 20 0.198663
15 21 0.201738
15 22 0.204191
15 23 0.206027
15 24 0.207249
15 25 0.207859
15 26 0.207859
15 27 0.207249
15 28 0.206027
15 29 0.204191
15 30 0.201738
15 31 0.198663
15 32 0.19496
15 33 0.190624
15 34 0.185644
15 35 0.180014
15 36 0.173723
15 37 0.16676
15 38 0.159114
15 39 0.150771
15 40 0.141719
15 41 0.131943
15 42 0.121428
15 43 0.110159
15 44 0.0981199
15 45 0.0852934
15 46 0.0716627
15 47 0.0572102
15 48 0.0419181
15 49 0.0257683
15 50 0.0087425

