15 1 0.0108421
15 2 0.032059
15 3 0.0523749
15 4 0.0717919
15 5 0.0903118
15 6 0.107936
15 7 0.124667
15 8 0.140506
15 9 0.155455
15 10 0.169515
15 11 0.182688
15 12 0.194976
15 13 0.20638
15 14 0.216901
15 15 0.226541
15 16 0.2353
15 17 0.24318
15 18 0.250182
15 19 0.256307
15 20 0.261555
15 21 0.265928
15 22 0.269425
15 23 0.272048
15 24 0.273796
15 25 0.27467
15 26 0.27467
15 27 0.273796
15 28 0.272048
15 29 0.269425
15 30 0.265928
15 31 0.261555
15 32 0.256307
15 33 0.250182
15 34 0.24318
15 35 0.2353
15 36 0.226541
15 37 0.216901
15 38 0.20638
15 39 0.194976
15 40 0.182688
15 41 0.169515
15 42 0.155455
15 43 0.140506
15 44 0.124667
15 45 0.107936
15 46 0.0903118
15 47 0.0717919
15 48 0.0523749
15 49 0.032059
15 50 0.0108421

