15 1 0.00725933
15 2 0.0213247
15 3 0.0345316
15 4 0.04691
15 5 0.0584895
15 6 0.0692993
15 7 0.0793681
15 8 0.088724
15 9 0.0973942
15 10 0.105405
15 11 0.112782
15 12 0.11955
15 13 0.125731
15 14 0.131348
15 15 0.136421
15 16 0.14097
15 17 0.145012
15 18 0.148563
15 19 0.151638
15 20 0.154249
15 21 0.156408
15 22 0.158124
15 23 0.159405
15 24 0.160255
15 25 0.16068
15 26 0.16068
15 27 0.160255
15 28 0.159405
15 29 0.158124
15 30 0.156408
15 31 0.154249
15 32 0.151638
15 33 0.148563
15 34 0.145012
15 35 0.14097
15 36 0.136421
15 37 0.131348
15 38 0.125731
15 39 0.11955
15 40 0.112782
15 41 0.105405
15 42 0.0973942
15 43 0.088724
15 44 0.0793681
15 45 0.0692993
15 46 0.0584895
15 47 0.04691
15 48 0.0345316
15 49 0.0213247
15 50 0.00725933

