15 1 0.00605611
15 2 0.0177199
15 3 0.0285398
15 4 0.0385555
15 5 0.0478062
15 6 0.0563303
15 7 0.0641658
15 8 0.0713497
15 9 0.0779177
15 10 0.0839047
15 11 0.089344
15 12 0.0942676
15 13 0.0987058
15 14 0.102687
15 15 0.106239
15 16 0.109386
15 17 0.112151
15 18 0.114555
15 19 0.116616
15 20 0.118353
15 21 0.119777
15 22 0.120902
15 23 0.121738
15 24 0.122291
15 25 0.122566
15 26 0.122566
15 27 0.122291
15 28 0.121738
15 29 0.120902
15 30 0.119777
15 31 0.118353
15 32 0.116616
15 33 0.114555
15 34 0.112151
15 35 0.109386
15 36 0.106239
15 37 0.102687
15 38 0.0987058
15 39 0.0942676
15 40 0.089344
15 41 0.0839047
15 42 0.0779177
15 43 0.0713497
15 44 0.0641658
15 45 0.0563303
15 46 0.0478062
15 47 0.0385555
15 48 0.0285398
15 49 0.0177199
15 50 0.00605611

