15 1 0.0109079
15 2 0.0322561
15 3 0.0527026
15 4 0.0722489
15 5 0.0908962
15 6 0.108646
15 7 0.125499
15 8 0.141457
15 9 0.156521
15 10 0.170693
15 11 0.183972
15 12 0.196362
15 13 0.207861
15 14 0.218472
15 15 0.228196
15 16 0.237033
15 17 0.244983
15 18 0.252049
15 19 0.25823
15 20 0.263526
15 21 0.26794
15 22 0.27147
15 23 0.274117
15 24 0.275882
15 25 0.276764
15 26 0.276764
15 27 0.275882
15 28 0.274117
15 29 0.27147
15 30 0.26794
15 31 0.263526
15 32 0.25823
15 33 0.252049
15 34 0.244983
15 35 0.237033
15 36 0.228196
15 37 0.218472
15 38 0.207861
15 39 0.196362
15 40 0.183972
15 41 0.170693
15 42 0.156521
15 43 0.141457
15 44 0.125499
15 45 0.108646
15 46 0.0908962
15 47 0.0722489
15 48 0.0527026
15 49 0.0322561
15 50 0.0109079

