15 1 0.00964941
15 2 0.0284855
15 3 0.0464348
15 4 0.0635086
15 5 0.0797179
15 6 0.0950736
15 7 0.109587
15 8 0.123267
15 9 0.136126
15 10 0.148172
15 11 0.159415
15 12 0.169865
15 13 0.17953
15 14 0.188418
15 15 0.196537
15 16 0.203894
15 17 0.210496
15 18 0.216349
15 19 0.221458
15 20 0.225828
15 21 0.229464
15 22 0.232368
15 23 0.234543
15 24 0.235993
15 25 0.236717
15 26 0.236717
15 27 0.235993
15 28 0.234543
15 29 0.232368
15 30 0.229464
15 31 0.225828
15 32 0.221458
15 33 0.216349
15 34 0.210496
15 35 0.203894
15 36 0.196537
15 37 0.188418
15 38 0.17953
15 39 0.169865
15 40 0.159415
15 41 0.148172
15 42 0.136126
15 43 0.123267
15 44 0.109587
15 45 0.0950736
15 46 0.0797179
15 47 0.0635086
15 48 0.0464348
15 49 0.0284855
15 50 0.00964941

