15 1 0.00358134
15 2 0.0103098
15 3 0.0162368
15 4 0.0214294
15 5 0.0259534
15 6 0.0298721
15 7 0.0332469
15 8 0.0361356
15 9 0.0385933
15 10 0.0406711
15 11 0.0424166
15 12 0.0438733
15 13 0.0450808
15 14 0.0460749
15 15 0.0468875
15 16 0.0475466
15 17 0.048077
15 18 0.0485
15 19 0.0488336
15 20 0.0490932
15 21 0.0492914
15 22 0.0494383
15 23 0.0495418
15 24 0.0496077
15 25 0.0496397
15 26 0.0496397
15 27 0.0496077
15 28 0.0495418
15 29 0.0494383
15 30 0.0492914
15 31 0.0490932
15 32 0.0488336
15 33 0.0485
15 34 0.048077
15 35 0.0475466
15 36 0.0468875
15 37 0.0460749
15 38 0.0450808
15 39 0.0438733
15 40 0.0424166
15 41 0.0406711
15 42 0.0385933
15 43 0.0361356
15 44 0.0332469
15 45 0.0298721
15 46 0.0259534
15 47 0.0214294
15 48 0.0162368
15 49 0.0103098
15 50 0.00358134

