15 1 0.0105717
15 2 0.0312488
15 3 0.0510282
15 4 0.069914
15 5 0.08791
15 6 0.10502
15 7 0.121248
15 8 0.136598
15 9 0.151073
15 10 0.164676
15 11 0.177412
15 12 0.189283
15 13 0.200293
15 14 0.210444
15 15 0.219738
15 16 0.22818
15 17 0.23577
15 18 0.242512
15 19 0.248406
15 20 0.253456
15 21 0.257661
15 22 0.261024
15 23 0.263545
15 24 0.265226
15 25 0.266066
15 26 0.266066
15 27 0.265226
15 28 0.263545
15 29 0.261024
15 30 0.257661
15 31 0.253456
15 32 0.248406
15 33 0.242512
15 34 0.23577
15 35 0.22818
15 36 0.219738
15 37 0.210444
15 38 0.200293
15 39 0.189283
15 40 0.177412
15 41 0.164676
15 42 0.151073
15 43 0.136598
15 44 0.121248
15 45 0.10502
15 46 0.08791
15 47 0.069914
15 48 0.0510282
15 49 0.0312488
15 50 0.0105717

