15 1 0.0108884
15 2 0.0321974
15 3 0.0526051
15 4 0.0721129
15 5 0.0907222
15 6 0.108435
15 7 0.125251
15 8 0.141174
15 9 0.156204
15 10 0.170342
15 11 0.18359
15 12 0.195949
15 13 0.20742
15 14 0.218005
15 15 0.227703
15 16 0.236517
15 17 0.244447
15 18 0.251493
15 19 0.257657
15 20 0.26294
15 21 0.267341
15 22 0.270861
15 23 0.273501
15 24 0.275261
15 25 0.276141
15 26 0.276141
15 27 0.275261
15 28 0.273501
15 29 0.270861
15 30 0.267341
15 31 0.26294
15 32 0.257657
15 33 0.251493
15 34 0.244447
15 35 0.236517
15 36 0.227703
15 37 0.218005
15 38 0.20742
15 39 0.195949
15 40 0.18359
15 41 0.170342
15 42 0.156204
15 43 0.141174
15 44 0.125251
15 45 0.108435
15 46 0.0907222
15 47 0.0721129
15 48 0.0526051
15 49 0.0321974
15 50 0.0108884

