15 1 0.0108984
15 2 0.0322275
15 3 0.0526552
15 4 0.0721827
15 5 0.0908116
15 6 0.108543
15 7 0.125379
15 8 0.141319
15 9 0.156367
15 10 0.170522
15 11 0.183786
15 12 0.196161
15 13 0.207647
15 14 0.218245
15 15 0.227956
15 16 0.236782
15 17 0.244722
15 18 0.251779
15 19 0.257951
15 20 0.263241
15 21 0.267648
15 22 0.271174
15 23 0.273817
15 24 0.27558
15 25 0.276461
15 26 0.276461
15 27 0.27558
15 28 0.273817
15 29 0.271174
15 30 0.267648
15 31 0.263241
15 32 0.257951
15 33 0.251779
15 34 0.244722
15 35 0.236782
15 36 0.227956
15 37 0.218245
15 38 0.207647
15 39 0.196161
15 40 0.183786
15 41 0.170522
15 42 0.156367
15 43 0.141319
15 44 0.125379
15 45 0.108543
15 46 0.0908116
15 47 0.0721827
15 48 0.0526552
15 49 0.0322275
15 50 0.0108984

