15 1 0.0105986
15 2 0.0313294
15 3 0.0511622
15 4 0.0701008
15 5 0.0881489
15 6 0.10531
15 7 0.121588
15 8 0.136987
15 9 0.151509
15 10 0.165158
15 11 0.177937
15 12 0.189849
15 13 0.200898
15 14 0.211086
15 15 0.220415
15 16 0.228888
15 17 0.236507
15 18 0.243275
15 19 0.249192
15 20 0.254261
15 21 0.258483
15 22 0.26186
15 23 0.264391
15 24 0.266078
15 25 0.266922
15 26 0.266922
15 27 0.266078
15 28 0.264391
15 29 0.26186
15 30 0.258483
15 31 0.254261
15 32 0.249192
15 33 0.243275
15 34 0.236507
15 35 0.228888
15 36 0.220415
15 37 0.211086
15 38 0.200898
15 39 0.189849
15 40 0.177937
15 41 0.165158
15 42 0.151509
15 43 0.136987
15 44 0.121588
15 45 0.10531
15 46 0.0881489
15 47 0.0701008
15 48 0.0511622
15 49 0.0313294
15 50 0.0105986

