15 1 0.0109553
15 2 0.0323981
15 3 0.0529387
15 4 0.0725781
15 5 0.0913172
15 6 0.109157
15 7 0.126098
15 8 0.142142
15 9 0.15729
15 10 0.171541
15 11 0.184897
15 12 0.19736
15 13 0.208928
15 14 0.219604
15 15 0.229388
15 16 0.238281
15 17 0.246282
15 18 0.253394
15 19 0.259615
15 20 0.264946
15 21 0.269389
15 22 0.272943
15 23 0.275608
15 24 0.277384
15 25 0.278273
15 26 0.278273
15 27 0.277384
15 28 0.275608
15 29 0.272943
15 30 0.269389
15 31 0.264946
15 32 0.259615
15 33 0.253394
15 34 0.246282
15 35 0.238281
15 36 0.229388
15 37 0.219604
15 38 0.208928
15 39 0.19736
15 40 0.184897
15 41 0.171541
15 42 0.15729
15 43 0.142142
15 44 0.126098
15 45 0.109157
15 46 0.0913172
15 47 0.0725781
15 48 0.0529387
15 49 0.0323981
15 50 0.0109553

