15 1 0.0102505
15 2 0.0302864
15 3 0.0494285
15 4 0.0676832
15 5 0.085057
15 6 0.101556
15 7 0.117187
15 8 0.131955
15 9 0.145867
15 10 0.158928
15 11 0.171144
15 12 0.182521
15 13 0.193062
15 14 0.202773
15 15 0.211658
15 16 0.219722
15 17 0.226968
15 18 0.2334
15 19 0.239021
15 20 0.243834
15 21 0.247841
15 22 0.251044
15 23 0.253445
15 24 0.255045
15 25 0.255845
15 26 0.255845
15 27 0.255045
15 28 0.253445
15 29 0.251044
15 30 0.247841
15 31 0.243834
15 32 0.239021
15 33 0.2334
15 34 0.226968
15 35 0.219722
15 36 0.211658
15 37 0.202773
15 38 0.193062
15 39 0.182521
15 40 0.171144
15 41 0.158928
15 42 0.145867
15 43 0.131955
15 44 0.117187
15 45 0.101556
15 46 0.085057
15 47 0.0676832
15 48 0.0494285
15 49 0.0302864
15 50 0.0102505

