15 1 0.0110028
15 2 0.0325403
15 3 0.0531751
15 4 0.0729078
15 5 0.0917389
15 6 0.109669
15 7 0.126699
15 8 0.142828
15 9 0.158059
15 10 0.17239
15 11 0.185824
15 12 0.198359
15 13 0.209997
15 14 0.220738
15 15 0.230583
15 16 0.239531
15 17 0.247583
15 18 0.25474
15 19 0.261002
15 20 0.266368
15 21 0.27084
15 22 0.274418
15 23 0.2771
15 24 0.278889
15 25 0.279783
15 26 0.279783
15 27 0.278889
15 28 0.2771
15 29 0.274418
15 30 0.27084
15 31 0.266368
15 32 0.261002
15 33 0.25474
15 34 0.247583
15 35 0.239531
15 36 0.230583
15 37 0.220738
15 38 0.209997
15 39 0.198359
15 40 0.185824
15 41 0.17239
15 42 0.158059
15 43 0.142828
15 44 0.126699
15 45 0.109669
15 46 0.0917389
15 47 0.0729078
15 48 0.0531751
15 49 0.0325403
15 50 0.0110028

