15 1 0.0107846
15 2 0.0318867
15 3 0.0520886
15 4 0.0713926
15 5 0.0898011
15 6 0.107316
15 7 0.12394
15 8 0.139675
15 9 0.154523
15 10 0.168486
15 11 0.181567
15 12 0.193766
15 13 0.205086
15 14 0.215528
15 15 0.225094
15 16 0.233786
15 17 0.241605
15 18 0.248551
15 19 0.254627
15 20 0.259833
15 21 0.26417
15 22 0.267639
15 23 0.27024
15 24 0.271974
15 25 0.272841
15 26 0.272841
15 27 0.271974
15 28 0.27024
15 29 0.267639
15 30 0.26417
15 31 0.259833
15 32 0.254627
15 33 0.248551
15 34 0.241605
15 35 0.233786
15 36 0.225094
15 37 0.215528
15 38 0.205086
15 39 0.193766
15 40 0.181567
15 41 0.168486
15 42 0.154523
15 43 0.139675
15 44 0.12394
15 45 0.107316
15 46 0.0898011
15 47 0.0713926
15 48 0.0520886
15 49 0.0318867
15 50 0.0107846

