15 1 0.0106241
15 2 0.0314057
15 3 0.051289
15 4 0.0702776
15 5 0.088375
15 6 0.105585
15 7 0.12191
15 8 0.137355
15 9 0.151921
15 10 0.165613
15 11 0.178434
15 12 0.190385
15 13 0.201471
15 14 0.211694
15 15 0.221055
15 16 0.229558
15 17 0.237205
15 18 0.243997
15 19 0.249936
15 20 0.255024
15 21 0.259262
15 22 0.262651
15 23 0.265192
15 24 0.266885
15 25 0.267732
15 26 0.267732
15 27 0.266885
15 28 0.265192
15 29 0.262651
15 30 0.259262
15 31 0.255024
15 32 0.249936
15 33 0.243997
15 34 0.237205
15 35 0.229558
15 36 0.221055
15 37 0.211694
15 38 0.201471
15 39 0.190385
15 40 0.178434
15 41 0.165613
15 42 0.151921
15 43 0.137355
15 44 0.12191
15 45 0.105585
15 46 0.088375
15 47 0.0702776
15 48 0.051289
15 49 0.0314057
15 50 0.0106241

