15 1 0.00514754
15 2 0.0149982
15 3 0.0240173
15 4 0.0322522
15 5 0.0397501
15 6 0.0465571
15 7 0.0527183
15 8 0.0582778
15 9 0.0632782
15 10 0.0677603
15 11 0.0717634
15 12 0.0753249
15 13 0.0784799
15 14 0.0812616
15 15 0.0837009
15 16 0.0858263
15 17 0.0876639
15 18 0.0892372
15 19 0.0905675
15 20 0.0916732
15 21 0.0925702
15 22 0.0932718
15 23 0.0937886
15 24 0.0941288
15 25 0.0942975
15 26 0.0942975
15 27 0.0941288
15 28 0.0937886
15 29 0.0932718
15 30 0.0925702
15 31 0.0916732
15 32 0.0905675
15 33 0.0892372
15 34 0.0876639
15 35 0.0858263
15 36 0.0837009
15 37 0.0812616
15 38 0.0784799
15 39 0.0753249
15 40 0.0717634
15 41 0.0677603
15 42 0.0632782
15 43 0.0582778
15 44 0.0527183
15 45 0.0465571
15 46 0.0397501
15 47 0.0322522
15 48 0.0240173
15 49 0.0149982
15 50 0.00514754

