15 1 0.0108665
15 2 0.032132
15 3 0.0524963
15 4 0.0719611
15 5 0.0905282
15 6 0.108199
15 7 0.124975
15 8 0.140858
15 9 0.15585
15 10 0.169951
15 11 0.183164
15 12 0.195489
15 13 0.206929
15 14 0.217483
15 15 0.227154
15 16 0.235942
15 17 0.243848
15 18 0.250874
15 19 0.257019
15 20 0.262285
15 21 0.266673
15 22 0.270182
15 23 0.272814
15 24 0.274569
15 25 0.275446
15 26 0.275446
15 27 0.274569
15 28 0.272814
15 29 0.270182
15 30 0.266673
15 31 0.262285
15 32 0.257019
15 33 0.250874
15 34 0.243848
15 35 0.235942
15 36 0.227154
15 37 0.217483
15 38 0.206929
15 39 0.195489
15 40 0.183164
15 41 0.169951
15 42 0.15585
15 43 0.140858
15 44 0.124975
15 45 0.108199
15 46 0.0905282
15 47 0.0719611
15 48 0.0524963
15 49 0.032132
15 50 0.0108665

