15 1 0.00704473
15 2 0.0206817
15 3 0.0334628
15 4 0.0454197
15 5 0.0565836
15 6 0.0669854
15 7 0.0766554
15 8 0.0856232
15 9 0.0939176
15 10 0.101567
15 11 0.108597
15 12 0.115034
15 13 0.120903
15 14 0.126227
15 15 0.131028
15 16 0.135325
15 17 0.139137
15 18 0.142482
15 19 0.145375
15 20 0.147829
15 21 0.149856
15 22 0.151466
15 23 0.152667
15 24 0.153463
15 25 0.153861
15 26 0.153861
15 27 0.153463
15 28 0.152667
15 29 0.151466
15 30 0.149856
15 31 0.147829
15 32 0.145375
15 33 0.142482
15 34 0.139137
15 35 0.135325
15 36 0.131028
15 37 0.126227
15 38 0.120903
15 39 0.115034
15 40 0.108597
15 41 0.101567
15 42 0.0939176
15 43 0.0856232
15 44 0.0766554
15 45 0.0669854
15 46 0.0565836
15 47 0.0454197
15 48 0.0334628
15 49 0.0206817
15 50 0.00704473

