15 1 0.00681793
15 2 0.0200022
15 3 0.0323334
15 4 0.0438448
15 5 0.0545695
15 6 0.0645402
15 7 0.0737889
15 8 0.0823468
15 9 0.0902444
15 10 0.0975111
15 11 0.104175
15 12 0.110264
15 13 0.115804
15 14 0.120818
15 15 0.125331
15 16 0.129362
15 17 0.132933
15 18 0.136061
15 19 0.138762
15 20 0.14105
15 21 0.142938
15 22 0.144435
15 23 0.145551
15 24 0.146292
15 25 0.146661
15 26 0.146661
15 27 0.146292
15 28 0.145551
15 29 0.144435
15 30 0.142938
15 31 0.14105
15 32 0.138762
15 33 0.136061
15 34 0.132933
15 35 0.129362
15 36 0.125331
15 37 0.120818
15 38 0.115804
15 39 0.110264
15 40 0.104175
15 41 0.0975111
15 42 0.0902444
15 43 0.0823468
15 44 0.0737889
15 45 0.0645402
15 46 0.0545695
15 47 0.0438448
15 48 0.0323334
15 49 0.0200022
15 50 0.00681793

