15 1 0.0101032
15 2 0.0298452
15 3 0.048695
15 4 0.0666604
15 5 0.0837488
15 6 0.0999678
15 7 0.115325
15 8 0.129827
15 9 0.14348
15 10 0.156293
15 11 0.168271
15 12 0.17942
15 13 0.189746
15 14 0.199256
15 15 0.207953
15 16 0.215844
15 17 0.222932
15 18 0.229223
15 19 0.234718
15 20 0.239422
15 21 0.243338
15 22 0.246468
15 23 0.248814
15 24 0.250377
15 25 0.251158
15 26 0.251158
15 27 0.250377
15 28 0.248814
15 29 0.246468
15 30 0.243338
15 31 0.239422
15 32 0.234718
15 33 0.229223
15 34 0.222932
15 35 0.215844
15 36 0.207953
15 37 0.199256
15 38 0.189746
15 39 0.17942
15 40 0.168271
15 41 0.156293
15 42 0.14348
15 43 0.129827
15 44 0.115325
15 45 0.0999678
15 46 0.0837488
15 47 0.0666604
15 48 0.048695
15 49 0.0298452
15 50 0.0101032

