15 1 0.00909547
15 2 0.0268258
15 3 0.043676
15 4 0.0596616
15 5 0.0747978
15 6 0.0890999
15 7 0.102583
15 8 0.115261
15 9 0.127148
15 10 0.138259
15 11 0.148606
15 12 0.158202
15 13 0.16706
15 14 0.175189
15 15 0.182602
15 16 0.189308
15 17 0.195317
15 18 0.200636
15 19 0.205273
15 20 0.209236
15 21 0.212529
15 22 0.215157
15 23 0.217125
15 24 0.218436
15 25 0.21909
15 26 0.21909
15 27 0.218436
15 28 0.217125
15 29 0.215157
15 30 0.212529
15 31 0.209236
15 32 0.205273
15 33 0.200636
15 34 0.195317
15 35 0.189308
15 36 0.182602
15 37 0.175189
15 38 0.16706
15 39 0.158202
15 40 0.148606
15 41 0.138259
15 42 0.127148
15 43 0.115261
15 44 0.102583
15 45 0.0890999
15 46 0.0747978
15 47 0.0596616
15 48 0.043676
15 49 0.0268258
15 50 0.00909547

