15 1 0.00657817
15 2 0.0192839
15 3 0.0311394
15 4 0.0421799
15 5 0.0524405
15 6 0.0619557
15 7 0.0707591
15 8 0.078884
15 9 0.0863625
15 10 0.0932256
15 11 0.0995033
15 12 0.105224
15 13 0.110416
15 14 0.115104
15 15 0.119313
15 16 0.123065
15 17 0.126381
15 18 0.129279
15 19 0.131778
15 20 0.133891
15 21 0.135632
15 22 0.137012
15 23 0.138039
15 24 0.13872
15 25 0.139059
15 26 0.139059
15 27 0.13872
15 28 0.138039
15 29 0.137012
15 30 0.135632
15 31 0.133891
15 32 0.131778
15 33 0.129279
15 34 0.126381
15 35 0.123065
15 36 0.119313
15 37 0.115104
15 38 0.110416
15 39 0.105224
15 40 0.0995033
15 41 0.0932256
15 42 0.0863625
15 43 0.078884
15 44 0.0707591
15 45 0.0619557
15 46 0.0524405
15 47 0.0421799
15 48 0.0311394
15 49 0.0192839
15 50 0.00657817

