15 1 0.0109793
15 2 0.03247
15 3 0.0530582
15 4 0.0727447
15 5 0.0915303
15 6 0.109416
15 7 0.126402
15 8 0.142489
15 9 0.157678
15 10 0.17197
15 11 0.185366
15 12 0.197865
15 13 0.209469
15 14 0.220177
15 15 0.229992
15 16 0.238913
15 17 0.24694
15 18 0.254074
15 19 0.260316
15 20 0.265665
15 21 0.270122
15 22 0.273688
15 23 0.276362
15 24 0.278145
15 25 0.279036
15 26 0.279036
15 27 0.278145
15 28 0.276362
15 29 0.273688
15 30 0.270122
15 31 0.265665
15 32 0.260316
15 33 0.254074
15 34 0.24694
15 35 0.238913
15 36 0.229992
15 37 0.220177
15 38 0.209469
15 39 0.197865
15 40 0.185366
15 41 0.17197
15 42 0.157678
15 43 0.142489
15 44 0.126402
15 45 0.109416
15 46 0.0915303
15 47 0.0727447
15 48 0.0530582
15 49 0.03247
15 50 0.0109793

