15 1 0.0108289
15 2 0.0320193
15 3 0.0523091
15 4 0.0717001
15 5 0.0901943
15 6 0.107794
15 7 0.1245
15 8 0.140315
15 9 0.155241
15 10 0.169279
15 11 0.182431
15 12 0.194698
15 13 0.206082
15 14 0.216585
15 15 0.226208
15 16 0.234952
15 17 0.242818
15 18 0.249807
15 19 0.255921
15 20 0.26116
15 21 0.265524
15 22 0.269015
15 23 0.271632
15 24 0.273377
15 25 0.27425
15 26 0.27425
15 27 0.273377
15 28 0.271632
15 29 0.269015
15 30 0.265524
15 31 0.26116
15 32 0.255921
15 33 0.249807
15 34 0.242818
15 35 0.234952
15 36 0.226208
15 37 0.216585
15 38 0.206082
15 39 0.194698
15 40 0.182431
15 41 0.169279
15 42 0.155241
15 43 0.140315
15 44 0.1245
15 45 0.107794
15 46 0.0901943
15 47 0.0717001
15 48 0.0523091
15 49 0.0320193
15 50 0.0108289

