15 1 0.00247336
15 2 0.00699982
15 3 0.0107663
15 4 0.0138657
15 5 0.016387
15 6 0.0184137
15 7 0.0200229
15 8 0.0212846
15 9 0.0222609
15 10 0.0230065
15 11 0.0235681
15 12 0.0239853
15 13 0.0242908
15 14 0.0245112
15 15 0.0246679
15 16 0.0247777
15 17 0.0248534
15 18 0.0249047
15 19 0.024939
15 20 0.0249616
15 21 0.0249761
15 22 0.0249852
15 23 0.0249908
15 24 0.0249939
15 25 0.0249953
15 26 0.0249953
15 27 0.0249939
15 28 0.0249908
15 29 0.0249852
15 30 0.0249761
15 31 0.0249616
15 32 0.024939
15 33 0.0249047
15 34 0.0248534
15 35 0.0247777
15 36 0.0246679
15 37 0.0245112
15 38 0.0242908
15 39 0.0239853
15 40 0.0235681
15 41 0.0230065
15 42 0.0222609
15 43 0.0212846
15 44 0.0200229
15 45 0.0184137
15 46 0.016387
15 47 0.0138657
15 48 0.0107663
15 49 0.00699982
15 50 0.00247336

