15 1 0.0030743
15 2 0.0087939
15 3 0.0137276
15 4 0.0179524
15 5 0.021543
15 6 0.024571
15 7 0.0271042
15 8 0.0292064
15 9 0.0309362
15 10 0.0323477
15 11 0.0334892
15 12 0.0344043
15 13 0.0351313
15 14 0.0357034
15 15 0.0361495
15 16 0.0364938
15 17 0.0367571
15 18 0.0369562
15 19 0.037105
15 20 0.0372148
15 21 0.0372943
15 22 0.0373506
15 23 0.0373886
15 24 0.037412
15 25 0.0374231
15 26 0.0374231
15 27 0.037412
15 28 0.0373886
15 29 0.0373506
15 30 0.0372943
15 31 0.0372148
15 32 0.037105
15 33 0.0369562
15 34 0.0367571
15 35 0.0364938
15 36 0.0361495
15 37 0.0357034
15 38 0.0351313
15 39 0.0344043
15 40 0.0334892
15 41 0.0323477
15 42 0.0309362
15 43 0.0292064
15 44 0.0271042
15 45 0.024571
15 46 0.021543
15 47 0.0179524
15 48 0.0137276
15 49 0.0087939
15 50 0.0030743

