15 1 0.00999076
15 2 0.0295082
15 3 0.0481348
15 4 0.0658792
15 5 0.0827498
15 6 0.0987548
15 7 0.113902
15 8 0.128201
15 9 0.141657
15 10 0.15428
15 11 0.166076
15 12 0.177052
15 13 0.187214
15 14 0.196569
15 15 0.205124
15 16 0.212882
15 17 0.21985
15 18 0.226032
15 19 0.231432
15 20 0.236053
15 21 0.2399
15 22 0.242973
15 23 0.245277
15 24 0.246812
15 25 0.247579
15 26 0.247579
15 27 0.246812
15 28 0.245277
15 29 0.242973
15 30 0.2399
15 31 0.236053
15 32 0.231432
15 33 0.226032
15 34 0.21985
15 35 0.212882
15 36 0.205124
15 37 0.196569
15 38 0.187214
15 39 0.177052
15 40 0.166076
15 41 0.15428
15 42 0.141657
15 43 0.128201
15 44 0.113902
15 45 0.0987548
15 46 0.0827498
15 47 0.0658792
15 48 0.0481348
15 49 0.0295082
15 50 0.00999076

