15 1 0.0104817
15 2 0.0309789
15 3 0.0505796
15 4 0.0692884
15 5 0.0871099
15 6 0.104049
15 7 0.120109
15 8 0.135296
15 9 0.149613
15 10 0.163064
15 11 0.175654
15 12 0.187387
15 13 0.198265
15 14 0.208292
15 15 0.217472
15 16 0.225808
15 17 0.233302
15 18 0.239957
15 19 0.245775
15 20 0.250758
15 21 0.254907
15 22 0.258225
15 23 0.260713
15 24 0.262371
15 25 0.2632
15 26 0.2632
15 27 0.262371
15 28 0.260713
15 29 0.258225
15 30 0.254907
15 31 0.250758
15 32 0.245775
15 33 0.239957
15 34 0.233302
15 35 0.225808
15 36 0.217472
15 37 0.208292
15 38 0.198265
15 39 0.187387
15 40 0.175654
15 41 0.163064
15 42 0.149613
15 43 0.135296
15 44 0.120109
15 45 0.104049
15 46 0.0871099
15 47 0.0692884
15 48 0.0505796
15 49 0.0309789
15 50 0.0104817

