15 1 0.010815
15 2 0.0319775
15 3 0.0522396
15 4 0.0716032
15 5 0.0900703
15 6 0.107643
15 7 0.124323
15 8 0.140113
15 9 0.155014
15 10 0.169029
15 11 0.182158
15 12 0.194404
15 13 0.205768
15 14 0.216252
15 15 0.225857
15 16 0.234584
15 17 0.242435
15 18 0.249411
15 19 0.255513
15 20 0.260741
15 21 0.265097
15 22 0.268581
15 23 0.271193
15 24 0.272935
15 25 0.273805
15 26 0.273805
15 27 0.272935
15 28 0.271193
15 29 0.268581
15 30 0.265097
15 31 0.260741
15 32 0.255513
15 33 0.249411
15 34 0.242435
15 35 0.234584
15 36 0.225857
15 37 0.216252
15 38 0.205768
15 39 0.194404
15 40 0.182158
15 41 0.169029
15 42 0.155014
15 43 0.140113
15 44 0.124323
15 45 0.107643
15 46 0.0900703
15 47 0.0716032
15 48 0.0522396
15 49 0.0319775
15 50 0.010815

