15 1 0.00480317
15 2 0.0139669
15 3 0.0223042
15 4 0.029866
15 5 0.0367028
15 6 0.0428639
15 7 0.0483974
15 8 0.0533502
15 9 0.0577674
15 10 0.0616923
15 11 0.0651662
15 12 0.0682283
15 13 0.0709155
15 14 0.0732622
15 15 0.0753003
15 16 0.0770594
15 17 0.0785661
15 18 0.0798446
15 19 0.0809165
15 20 0.0818004
15 21 0.0825125
15 22 0.0830661
15 23 0.083472
15 24 0.0837381
15 25 0.0838699
15 26 0.0838699
15 27 0.0837381
15 28 0.083472
15 29 0.0830661
15 30 0.0825125
15 31 0.0818004
15 32 0.0809165
15 33 0.0798446
15 34 0.0785661
15 35 0.0770594
15 36 0.0753003
15 37 0.0732622
15 38 0.0709155
15 39 0.0682283
15 40 0.0651662
15 41 0.0616923
15 42 0.0577674
15 43 0.0533502
15 44 0.0483974
15 45 0.0428639
15 46 0.0367028
15 47 0.029866
15 48 0.0223042
15 49 0.0139669
15 50 0.00480317

