15 1 0.00832667
15 2 0.0245225
15 3 0.0398472
15 4 0.0543223
15 5 0.0679693
15 6 0.080809
15 7 0.0928622
15 8 0.104149
15 9 0.114689
15 10 0.124502
15 11 0.133605
15 12 0.142016
15 13 0.149753
15 14 0.15683
15 15 0.163263
15 16 0.169065
15 17 0.17425
15 18 0.178828
15 19 0.182811
15 20 0.186207
15 21 0.189025
15 22 0.191272
15 23 0.192952
15 24 0.194069
15 25 0.194627
15 26 0.194627
15 27 0.194069
15 28 0.192952
15 29 0.191272
15 30 0.189025
15 31 0.186207
15 32 0.182811
15 33 0.178828
15 34 0.17425
15 35 0.169065
15 36 0.163263
15 37 0.15683
15 38 0.149753
15 39 0.142016
15 40 0.133605
15 41 0.124502
15 42 0.114689
15 43 0.104149
15 44 0.0928622
15 45 0.080809
15 46 0.0679693
15 47 0.0543223
15 48 0.0398472
15 49 0.0245225
15 50 0.00832667

