15 1 0.00577157
15 2 0.0168675
15 3 0.0271232
15 4 0.0365807
15 5 0.0452815
15 6 0.0532665
15 7 0.0605757
15 8 0.0672484
15 9 0.0733223
15 10 0.0788344
15 11 0.0838197
15 12 0.0883119
15 13 0.0923431
15 14 0.0959434
15 15 0.0991409
15 16 0.101962
15 17 0.104431
15 18 0.106569
15 19 0.108396
15 20 0.10993
15 21 0.111185
15 22 0.112174
15 23 0.112907
15 24 0.113392
15 25 0.113633
15 26 0.113633
15 27 0.113392
15 28 0.112907
15 29 0.112174
15 30 0.111185
15 31 0.10993
15 32 0.108396
15 33 0.106569
15 34 0.104431
15 35 0.101962
15 36 0.0991409
15 37 0.0959434
15 38 0.0923431
15 39 0.0883119
15 40 0.0838197
15 41 0.0788344
15 42 0.0733223
15 43 0.0672484
15 44 0.0605757
15 45 0.0532665
15 46 0.0452815
15 47 0.0365807
15 48 0.0271232
15 49 0.0168675
15 50 0.00577157

