15 1 0.00956922
15 2 0.0282452
15 3 0.0460354
15 4 0.0629517
15 5 0.0790056
15 6 0.0942089
15 7 0.108573
15 8 0.122108
15 9 0.134826
15 10 0.146737
15 11 0.15785
15 12 0.168177
15 13 0.177725
15 14 0.186503
15 15 0.19452
15 16 0.201783
15 17 0.208299
15 18 0.214074
15 19 0.219115
15 20 0.223426
15 21 0.227012
15 22 0.229876
15 23 0.232022
15 24 0.233451
15 25 0.234165
15 26 0.234165
15 27 0.233451
15 28 0.232022
15 29 0.229876
15 30 0.227012
15 31 0.223426
15 32 0.219115
15 33 0.214074
15 34 0.208299
15 35 0.201783
15 36 0.19452
15 37 0.186503
15 38 0.177725
15 39 0.168177
15 40 0.15785
15 41 0.146737
15 42 0.134826
15 43 0.122108
15 44 0.108573
15 45 0.0942089
15 46 0.0790056
15 47 0.0629517
15 48 0.0460354
15 49 0.0282452
15 50 0.00956922

