15 1 0.00979722
15 2 0.0289283
15 3 0.0471709
15 4 0.0645351
15 5 0.0810308
15 6 0.0966677
15 7 0.111455
15 8 0.125404
15 9 0.138521
15 10 0.150817
15 11 0.162299
15 12 0.172977
15 13 0.182857
15 14 0.191948
15 15 0.200255
15 16 0.207786
15 17 0.214547
15 18 0.220542
15 19 0.225777
15 20 0.230256
15 21 0.233983
15 22 0.23696
15 23 0.239191
15 24 0.240678
15 25 0.24142
15 26 0.24142
15 27 0.240678
15 28 0.239191
15 29 0.23696
15 30 0.233983
15 31 0.230256
15 32 0.225777
15 33 0.220542
15 34 0.214547
15 35 0.207786
15 36 0.200255
15 37 0.191948
15 38 0.182857
15 39 0.172977
15 40 0.162299
15 41 0.150817
15 42 0.138521
15 43 0.125404
15 44 0.111455
15 45 0.0966677
15 46 0.0810308
15 47 0.0645351
15 48 0.0471709
15 49 0.0289283
15 50 0.00979722

