15 1 0.0102945
15 2 0.0304182
15 3 0.0496475
15 4 0.0679886
15 5 0.0854475
15 6 0.10203
15 7 0.117743
15 8 0.132591
15 9 0.14658
15 10 0.159715
15 11 0.172002
15 12 0.183446
15 13 0.194051
15 14 0.203823
15 15 0.212764
15 16 0.22088
15 17 0.228173
15 18 0.234648
15 19 0.240306
15 20 0.245151
15 21 0.249185
15 22 0.25241
15 23 0.254828
15 24 0.256438
15 25 0.257244
15 26 0.257244
15 27 0.256438
15 28 0.254828
15 29 0.25241
15 30 0.249185
15 31 0.245151
15 32 0.240306
15 33 0.234648
15 34 0.228173
15 35 0.22088
15 36 0.212764
15 37 0.203823
15 38 0.194051
15 39 0.183446
15 40 0.172002
15 41 0.159715
15 42 0.14658
15 43 0.132591
15 44 0.117743
15 45 0.10203
15 46 0.0854475
15 47 0.0679886
15 48 0.0496475
15 49 0.0304182
15 50 0.0102945

