15 1 0.0109738
15 2 0.0324535
15 3 0.0530307
15 4 0.0727064
15 5 0.0914813
15 6 0.109356
15 7 0.126332
15 8 0.142409
15 9 0.157589
15 10 0.171872
15 11 0.185258
15 12 0.197749
15 13 0.209344
15 14 0.220046
15 15 0.229853
15 16 0.238767
15 17 0.246789
15 18 0.253918
15 19 0.260155
15 20 0.2655
15 21 0.269954
15 22 0.273517
15 23 0.276189
15 24 0.27797
15 25 0.27886
15 26 0.27886
15 27 0.27797
15 28 0.276189
15 29 0.273517
15 30 0.269954
15 31 0.2655
15 32 0.260155
15 33 0.253918
15 34 0.246789
15 35 0.238767
15 36 0.229853
15 37 0.220046
15 38 0.209344
15 39 0.197749
15 40 0.185258
15 41 0.171872
15 42 0.157589
15 43 0.142409
15 44 0.126332
15 45 0.109356
15 46 0.0914813
15 47 0.0727064
15 48 0.0530307
15 49 0.0324535
15 50 0.0109738

