15 1 0.00765471
15 2 0.0225092
15 3 0.0365007
15 4 0.0496557
15 5 0.0620011
15 6 0.0735628
15 7 0.0843666
15 8 0.0944377
15 9 0.1038
15 10 0.112478
15 11 0.120495
15 12 0.127871
15 13 0.134628
15 14 0.140786
15 15 0.146362
15 16 0.151375
15 17 0.15584
15 18 0.159771
15 19 0.163182
15 20 0.166084
15 21 0.168487
15 22 0.170399
15 23 0.171827
15 24 0.172777
15 25 0.173251
15 26 0.173251
15 27 0.172777
15 28 0.171827
15 29 0.170399
15 30 0.168487
15 31 0.166084
15 32 0.163182
15 33 0.159771
15 34 0.15584
15 35 0.151375
15 36 0.146362
15 37 0.140786
15 38 0.134628
15 39 0.127871
15 40 0.120495
15 41 0.112478
15 42 0.1038
15 43 0.0944377
15 44 0.0843666
15 45 0.0735628
15 46 0.0620011
15 47 0.0496557
15 48 0.0365007
15 49 0.0225092
15 50 0.00765471

