15 1 0.010671
15 2 0.0315463
15 3 0.0515227
15 4 0.0706035
15 5 0.0887919
15 6 0.106091
15 7 0.122504
15 8 0.138033
15 9 0.152682
15 10 0.166453
15 11 0.17935
15 12 0.191374
15 13 0.202528
15 14 0.212815
15 15 0.222236
15 16 0.230794
15 17 0.238491
15 18 0.245328
15 19 0.251307
15 20 0.25643
15 21 0.260697
15 22 0.264109
15 23 0.266667
15 24 0.268373
15 25 0.269225
15 26 0.269225
15 27 0.268373
15 28 0.266667
15 29 0.264109
15 30 0.260697
15 31 0.25643
15 32 0.251307
15 33 0.245328
15 34 0.238491
15 35 0.230794
15 36 0.222236
15 37 0.212815
15 38 0.202528
15 39 0.191374
15 40 0.17935
15 41 0.166453
15 42 0.152682
15 43 0.138033
15 44 0.122504
15 45 0.106091
15 46 0.0887919
15 47 0.0706035
15 48 0.0515227
15 49 0.0315463
15 50 0.010671

