15 1 0.0107682
15 2 0.0318374
15 3 0.0520067
15 4 0.0712784
15 5 0.089655
15 6 0.107139
15 7 0.123732
15 8 0.139437
15 9 0.154257
15 10 0.168192
15 11 0.181246
15 12 0.193419
15 13 0.204715
15 14 0.215135
15 15 0.224681
15 16 0.233353
15 17 0.241154
15 18 0.248085
15 19 0.254147
15 20 0.259341
15 21 0.263667
15 22 0.267128
15 23 0.269723
15 24 0.271453
15 25 0.272317
15 26 0.272317
15 27 0.271453
15 28 0.269723
15 29 0.267128
15 30 0.263667
15 31 0.259341
15 32 0.254147
15 33 0.248085
15 34 0.241154
15 35 0.233353
15 36 0.224681
15 37 0.215135
15 38 0.204715
15 39 0.193419
15 40 0.181246
15 41 0.168192
15 42 0.154257
15 43 0.139437
15 44 0.123732
15 45 0.107139
15 46 0.089655
15 47 0.0712784
15 48 0.0520067
15 49 0.0318374
15 50 0.0107682

