15 1 0.0110068
15 2 0.0325523
15 3 0.0531949
15 4 0.0729354
15 5 0.0917742
15 6 0.109712
15 7 0.126749
15 8 0.142886
15 9 0.158123
15 10 0.172462
15 11 0.185901
15 12 0.198443
15 13 0.210087
15 14 0.220833
15 15 0.230683
15 16 0.239635
15 17 0.247692
15 18 0.254853
15 19 0.261118
15 20 0.266487
15 21 0.270962
15 22 0.274541
15 23 0.277225
15 24 0.279015
15 25 0.27991
15 26 0.27991
15 27 0.279015
15 28 0.277225
15 29 0.274541
15 30 0.270962
15 31 0.266487
15 32 0.261118
15 33 0.254853
15 34 0.247692
15 35 0.239635
15 36 0.230683
15 37 0.220833
15 38 0.210087
15 39 0.198443
15 40 0.185901
15 41 0.172462
15 42 0.158123
15 43 0.142886
15 44 0.126749
15 45 0.109712
15 46 0.0917742
15 47 0.0729354
15 48 0.0531949
15 49 0.0325523
15 50 0.0110068

