15 1 0.0108002
15 2 0.0319333
15 3 0.0521661
15 4 0.0715008
15 5 0.0899394
15 6 0.107484
15 7 0.124137
15 8 0.1399
15 9 0.154775
15 10 0.168765
15 11 0.18187
15 12 0.194094
15 13 0.205436
15 14 0.2159
15 15 0.225486
15 16 0.234196
15 17 0.242031
15 18 0.248993
15 19 0.255082
15 20 0.2603
15 21 0.264646
15 22 0.268123
15 23 0.27073
15 24 0.272467
15 25 0.273336
15 26 0.273336
15 27 0.272467
15 28 0.27073
15 29 0.268123
15 30 0.264646
15 31 0.2603
15 32 0.255082
15 33 0.248993
15 34 0.242031
15 35 0.234196
15 36 0.225486
15 37 0.2159
15 38 0.205436
15 39 0.194094
15 40 0.18187
15 41 0.168765
15 42 0.154775
15 43 0.1399
15 44 0.124137
15 45 0.107484
15 46 0.0899394
15 47 0.0715008
15 48 0.0521661
15 49 0.0319333
15 50 0.0108002

