15 1 0.0109895
15 2 0.0325005
15 3 0.0531088
15 4 0.0728153
15 5 0.0916206
15 6 0.109525
15 7 0.12653
15 8 0.142636
15 9 0.157843
15 10 0.172152
15 11 0.185564
15 12 0.198079
15 13 0.209697
15 14 0.22042
15 15 0.230248
15 16 0.23918
15 17 0.247218
15 18 0.254363
15 19 0.260613
15 20 0.26597
15 21 0.270433
15 22 0.274004
15 23 0.276682
15 24 0.278467
15 25 0.279359
15 26 0.279359
15 27 0.278467
15 28 0.276682
15 29 0.274004
15 30 0.270433
15 31 0.26597
15 32 0.260613
15 33 0.254363
15 34 0.247218
15 35 0.23918
15 36 0.230248
15 37 0.22042
15 38 0.209697
15 39 0.198079
15 40 0.185564
15 41 0.172152
15 42 0.157843
15 43 0.142636
15 44 0.12653
15 45 0.109525
15 46 0.0916206
15 47 0.0728153
15 48 0.0531088
15 49 0.0325005
15 50 0.0109895

