15 1 0.0106926
15 2 0.031611
15 3 0.0516304
15 4 0.0707536
15 5 0.0889839
15 6 0.106324
15 7 0.122777
15 8 0.138345
15 9 0.153032
15 10 0.16684
15 11 0.179771
15 12 0.191829
15 13 0.203014
15 14 0.213331
15 15 0.22278
15 16 0.231363
15 17 0.239083
15 18 0.245941
15 19 0.251939
15 20 0.257077
15 21 0.261357
15 22 0.26478
15 23 0.267347
15 24 0.269058
15 25 0.269913
15 26 0.269913
15 27 0.269058
15 28 0.267347
15 29 0.26478
15 30 0.261357
15 31 0.257077
15 32 0.251939
15 33 0.245941
15 34 0.239083
15 35 0.231363
15 36 0.22278
15 37 0.213331
15 38 0.203014
15 39 0.191829
15 40 0.179771
15 41 0.16684
15 42 0.153032
15 43 0.138345
15 44 0.122777
15 45 0.106324
15 46 0.0889839
15 47 0.0707536
15 48 0.0516304
15 49 0.031611
15 50 0.0106926

