15 1 0.0109942
15 2 0.0325145
15 3 0.0531322
15 4 0.0728479
15 5 0.0916622
15 6 0.109576
15 7 0.12659
15 8 0.142704
15 9 0.157919
15 10 0.172236
15 11 0.185655
15 12 0.198177
15 13 0.209803
15 14 0.220532
15 15 0.230365
15 16 0.239304
15 17 0.247347
15 18 0.254495
15 19 0.26075
15 20 0.26611
15 21 0.270576
15 22 0.274149
15 23 0.276829
15 24 0.278615
15 25 0.279508
15 26 0.279508
15 27 0.278615
15 28 0.276829
15 29 0.274149
15 30 0.270576
15 31 0.26611
15 32 0.26075
15 33 0.254495
15 34 0.247347
15 35 0.239304
15 36 0.230365
15 37 0.220532
15 38 0.209803
15 39 0.198177
15 40 0.185655
15 41 0.172236
15 42 0.157919
15 43 0.142704
15 44 0.12659
15 45 0.109576
15 46 0.0916622
15 47 0.0728479
15 48 0.0531322
15 49 0.0325145
15 50 0.0109942

