15 1 0.0107131
15 2 0.0316723
15 3 0.0517323
15 4 0.0708958
15 5 0.0891656
15 6 0.106545
15 7 0.123036
15 8 0.138641
15 9 0.153364
15 10 0.167206
15 11 0.180171
15 12 0.19226
15 13 0.203475
15 14 0.213819
15 15 0.223295
15 16 0.231902
15 17 0.239644
15 18 0.246522
15 19 0.252537
15 20 0.25769
15 21 0.261983
15 22 0.265416
15 23 0.26799
15 24 0.269706
15 25 0.270564
15 26 0.270564
15 27 0.269706
15 28 0.26799
15 29 0.265416
15 30 0.261983
15 31 0.25769
15 32 0.252537
15 33 0.246522
15 34 0.239644
15 35 0.231902
15 36 0.223295
15 37 0.213819
15 38 0.203475
15 39 0.19226
15 40 0.180171
15 41 0.167206
15 42 0.153364
15 43 0.138641
15 44 0.123036
15 45 0.106545
15 46 0.0891656
15 47 0.0708958
15 48 0.0517323
15 49 0.0316723
15 50 0.0107131

