15 1 0.0102041
15 2 0.0301473
15 3 0.0491972
15 4 0.0673607
15 5 0.0846445
15 6 0.101055
15 7 0.1166
15 8 0.131284
15 9 0.145115
15 10 0.158097
15 11 0.170238
15 12 0.181543
15 13 0.192016
15 14 0.201664
15 15 0.21049
15 16 0.218499
15 17 0.225696
15 18 0.232083
15 19 0.237665
15 20 0.242443
15 21 0.246421
15 22 0.249601
15 23 0.251985
15 24 0.253573
15 25 0.254367
15 26 0.254367
15 27 0.253573
15 28 0.251985
15 29 0.249601
15 30 0.246421
15 31 0.242443
15 32 0.237665
15 33 0.232083
15 34 0.225696
15 35 0.218499
15 36 0.21049
15 37 0.201664
15 38 0.192016
15 39 0.181543
15 40 0.170238
15 41 0.158097
15 42 0.145115
15 43 0.131284
15 44 0.1166
15 45 0.101055
15 46 0.0846445
15 47 0.0673607
15 48 0.0491972
15 49 0.0301473
15 50 0.0102041

