15 1 0.0109255
15 2 0.0323087
15 3 0.0527901
15 4 0.0723708
15 5 0.0910521
15 6 0.108835
15 7 0.125721
15 8 0.141711
15 9 0.156806
15 10 0.171007
15 11 0.184315
15 12 0.196731
15 13 0.208256
15 14 0.218892
15 15 0.228637
15 16 0.237495
15 17 0.245464
15 18 0.252547
15 19 0.258743
15 20 0.264052
15 21 0.268476
15 22 0.272015
15 23 0.274669
15 24 0.276438
15 25 0.277323
15 26 0.277323
15 27 0.276438
15 28 0.274669
15 29 0.272015
15 30 0.268476
15 31 0.264052
15 32 0.258743
15 33 0.252547
15 34 0.245464
15 35 0.237495
15 36 0.228637
15 37 0.218892
15 38 0.208256
15 39 0.196731
15 40 0.184315
15 41 0.171007
15 42 0.156806
15 43 0.141711
15 44 0.125721
15 45 0.108835
15 46 0.0910521
15 47 0.0723708
15 48 0.0527901
15 49 0.0323087
15 50 0.0109255

