15 1 0.0109986
15 2 0.0325278
15 3 0.0531542
15 4 0.0728786
15 5 0.0917016
15 6 0.109624
15 7 0.126646
15 8 0.142768
15 9 0.157991
15 10 0.172315
15 11 0.185742
15 12 0.198271
15 13 0.209903
15 14 0.220638
15 15 0.230477
15 16 0.23942
15 17 0.247468
15 18 0.254621
15 19 0.260879
15 20 0.266243
15 21 0.270712
15 22 0.274287
15 23 0.276968
15 24 0.278756
15 25 0.27965
15 26 0.27965
15 27 0.278756
15 28 0.276968
15 29 0.274287
15 30 0.270712
15 31 0.266243
15 32 0.260879
15 33 0.254621
15 34 0.247468
15 35 0.23942
15 36 0.230477
15 37 0.220638
15 38 0.209903
15 39 0.198271
15 40 0.185742
15 41 0.172315
15 42 0.157991
15 43 0.142768
15 44 0.126646
15 45 0.109624
15 46 0.0917016
15 47 0.0728786
15 48 0.0531542
15 49 0.0325278
15 50 0.0109986

