15 1 0.0109485
15 2 0.0323776
15 3 0.0529045
15 4 0.0725305
15 5 0.0912563
15 6 0.109083
15 7 0.126012
15 8 0.142043
15 9 0.157178
15 10 0.171418
15 11 0.184763
15 12 0.197215
15 13 0.208774
15 14 0.219441
15 15 0.229216
15 16 0.2381
15 17 0.246094
15 18 0.253199
15 19 0.259414
15 20 0.264741
15 21 0.269179
15 22 0.272729
15 23 0.275392
15 24 0.277167
15 25 0.278054
15 26 0.278054
15 27 0.277167
15 28 0.275392
15 29 0.272729
15 30 0.269179
15 31 0.264741
15 32 0.259414
15 33 0.253199
15 34 0.246094
15 35 0.2381
15 36 0.229216
15 37 0.219441
15 38 0.208774
15 39 0.197215
15 40 0.184763
15 41 0.171418
15 42 0.157178
15 43 0.142043
15 44 0.126012
15 45 0.109083
15 46 0.0912563
15 47 0.0725305
15 48 0.0529045
15 49 0.0323776
15 50 0.0109485

