15 1 0.0103755
15 2 0.030661
15 3 0.0500511
15 4 0.0685514
15 5 0.0861674
15 6 0.102904
15 7 0.118768
15 8 0.133762
15 9 0.147893
15 10 0.161166
15 11 0.173584
15 12 0.185153
15 13 0.195876
15 14 0.205758
15 15 0.214803
15 16 0.223014
15 17 0.230394
15 18 0.236947
15 19 0.242674
15 20 0.247579
15 21 0.251663
15 22 0.254928
15 23 0.257376
15 24 0.259007
15 25 0.259823
15 26 0.259823
15 27 0.259007
15 28 0.257376
15 29 0.254928
15 30 0.251663
15 31 0.247579
15 32 0.242674
15 33 0.236947
15 34 0.230394
15 35 0.223014
15 36 0.214803
15 37 0.205758
15 38 0.195876
15 39 0.185153
15 40 0.173584
15 41 0.161166
15 42 0.147893
15 43 0.133762
15 44 0.118768
15 45 0.102904
15 46 0.0861674
15 47 0.0685514
15 48 0.0500511
15 49 0.030661
15 50 0.0103755

