15 1 0.0105133
15 2 0.0310738
15 3 0.0507374
15 4 0.0695084
15 5 0.0873913
15 6 0.10439
15 7 0.12051
15 8 0.135754
15 9 0.150126
15 10 0.163631
15 11 0.176273
15 12 0.188054
15 13 0.198978
15 14 0.209049
15 15 0.218269
15 16 0.226642
15 17 0.23417
15 18 0.240855
15 19 0.2467
15 20 0.251707
15 21 0.255876
15 22 0.25921
15 23 0.261709
15 24 0.263375
15 25 0.264208
15 26 0.264208
15 27 0.263375
15 28 0.261709
15 29 0.25921
15 30 0.255876
15 31 0.251707
15 32 0.2467
15 33 0.240855
15 34 0.23417
15 35 0.226642
15 36 0.218269
15 37 0.209049
15 38 0.198978
15 39 0.188054
15 40 0.176273
15 41 0.163631
15 42 0.150126
15 43 0.135754
15 44 0.12051
15 45 0.10439
15 46 0.0873913
15 47 0.0695084
15 48 0.0507374
15 49 0.0310738
15 50 0.0105133

