1 1 0.000884605 -1.97758e-16
2 1 0.000884605 -1.97758e-16
3 1 0.000884605 -1.97758e-16
4 1 0.000884605 -1.97758e-16
5 1 0.000884605 -1.97758e-16
6 1 0.000884605 -1.97758e-16
7 1 0.000884605 -1.97758e-16
8 1 0.000884605 -1.97758e-16
9 1 0.000884605 -1.97758e-16
10 1 0.000884605 -1.97758e-16
11 1 0.000884605 -1.97758e-16
12 1 0.000884605 -1.97758e-16
13 1 0.000884605 -1.97758e-16
14 1 0.000884605 -1.97758e-16
15 1 0.000884605 -1.97758e-16
16 1 0.000884605 -1.97758e-16
17 1 0.000884605 -1.97758e-16
18 1 0.000884605 -1.97758e-16
19 1 0.000884605 -1.97758e-16
20 1 0.000884605 -1.97758e-16

1 2 0.002608 2.87964e-16
2 2 0.002608 2.87964e-16
3 2 0.002608 2.87964e-16
4 2 0.002608 2.87964e-16
5 2 0.002608 2.87964e-16
6 2 0.002608 2.87964e-16
7 2 0.002608 2.87964e-16
8 2 0.002608 2.87964e-16
9 2 0.002608 2.87964e-16
10 2 0.002608 2.87964e-16
11 2 0.002608 2.87964e-16
12 2 0.002608 2.87964e-16
13 2 0.002608 2.87964e-16
14 2 0.002608 2.87964e-16
15 2 0.002608 2.87964e-16
16 2 0.002608 2.87964e-16
17 2 0.002608 2.87964e-16
18 2 0.002608 2.87964e-16
19 2 0.002608 2.87964e-16
20 2 0.002608 2.87964e-16

1 3 0.00424394 -4.30211e-16
2 3 0.00424394 -4.30211e-16
3 3 0.00424394 -4.30211e-16
4 3 0.00424394 -4.30211e-16
5 3 0.00424394 -4.30211e-16
6 3 0.00424394 -4.30211e-16
7 3 0.00424394 -4.30211e-16
8 3 0.00424394 -4.30211e-16
9 3 0.00424394 -4.30211e-16
10 3 0.00424394 -4.30211e-16
11 3 0.00424394 -4.30211e-16
12 3 0.00424394 -4.30211e-16
13 3 0.00424394 -4.30211e-16
14 3 0.00424394 -4.30211e-16
15 3 0.00424394 -4.30211e-16
16 3 0.00424394 -4.30211e-16
17 3 0.00424394 -4.30211e-16
18 3 0.00424394 -4.30211e-16
19 3 0.00424394 -4.30211e-16
20 3 0.00424394 -4.30211e-16

1 4 0.00579416 1.11022e-16
2 4 0.00579416 1.11022e-16
3 4 0.00579416 1.11022e-16
4 4 0.00579416 1.11022e-16
5 4 0.00579416 1.11022e-16
6 4 0.00579416 1.11022e-16
7 4 0.00579416 1.11022e-16
8 4 0.00579416 1.11022e-16
9 4 0.00579416 1.11022e-16
10 4 0.00579416 1.11022e-16
11 4 0.00579416 1.11022e-16
12 4 0.00579416 1.11022e-16
13 4 0.00579416 1.11022e-16
14 4 0.00579416 1.11022e-16
15 4 0.00579416 1.11022e-16
16 4 0.00579416 1.11022e-16
17 4 0.00579416 1.11022e-16
18 4 0.00579416 1.11022e-16
19 4 0.00579416 1.11022e-16
20 4 0.00579416 1.11022e-16

1 5 0.00726035 -2.498e-16
2 5 0.00726035 -2.498e-16
3 5 0.00726035 -2.498e-16
4 5 0.00726035 -2.498e-16
5 5 0.00726035 -2.498e-16
6 5 0.00726035 -2.498e-16
7 5 0.00726035 -2.498e-16
8 5 0.00726035 -2.498e-16
9 5 0.00726035 -2.498e-16
10 5 0.00726035 -2.498e-16
11 5 0.00726035 -2.498e-16
12 5 0.00726035 -2.498e-16
13 5 0.00726035 -2.498e-16
14 5 0.00726035 -2.498e-16
15 5 0.00726035 -2.498e-16
16 5 0.00726035 -2.498e-16
17 5 0.00726035 -2.498e-16
18 5 0.00726035 -2.498e-16
19 5 0.00726035 -2.498e-16
20 5 0.00726035 -2.498e-16

1 6 0.00864419 2.63678e-16
2 6 0.00864419 2.63678e-16
3 6 0.00864419 2.63678e-16
4 6 0.00864419 2.63678e-16
5 6 0.00864419 2.63678e-16
6 6 0.00864419 2.63678e-16
7 6 0.00864419 2.63678e-16
8 6 0.00864419 2.63678e-16
9 6 0.00864419 2.63678e-16
10 6 0.00864419 2.63678e-16
11 6 0.00864419 2.63678e-16
12 6 0.00864419 2.63678e-16
13 6 0.00864419 2.63678e-16
14 6 0.00864419 2.63678e-16
15 6 0.00864419 2.63678e-16
16 6 0.00864419 2.63678e-16
17 6 0.00864419 2.63678e-16
18 6 0.00864419 2.63678e-16
19 6 0.00864419 2.63678e-16
20 6 0.00864419 2.63678e-16

1 7 0.00994731 2.77556e-17
2 7 0.00994731 2.77556e-17
3 7 0.00994731 2.77556e-17
4 7 0.00994731 2.77556e-17
5 7 0.00994731 2.77556e-17
6 7 0.00994731 2.77556e-17
7 7 0.00994731 2.77556e-17
8 7 0.00994731 2.77556e-17
9 7 0.00994731 2.77556e-17
10 7 0.00994731 2.77556e-17
11 7 0.00994731 2.77556e-17
12 7 0.00994731 2.77556e-17
13 7 0.00994731 2.77556e-17
14 7 0.00994731 2.77556e-17
15 7 0.00994731 2.77556e-17
16 7 0.00994731 2.77556e-17
17 7 0.00994731 2.77556e-17
18 7 0.00994731 2.77556e-17
19 7 0.00994731 2.77556e-17
20 7 0.00994731 2.77556e-17

1 8 0.0111713 5.20417e-16
2 8 0.0111713 5.20417e-16
3 8 0.0111713 5.20417e-16
4 8 0.0111713 5.20417e-16
5 8 0.0111713 5.20417e-16
6 8 0.0111713 5.20417e-16
7 8 0.0111713 5.20417e-16
8 8 0.0111713 5.20417e-16
9 8 0.0111713 5.20417e-16
10 8 0.0111713 5.20417e-16
11 8 0.0111713 5.20417e-16
12 8 0.0111713 5.20417e-16
13 8 0.0111713 5.20417e-16
14 8 0.0111713 5.20417e-16
15 8 0.0111713 5.20417e-16
16 8 0.0111713 5.20417e-16
17 8 0.0111713 5.20417e-16
18 8 0.0111713 5.20417e-16
19 8 0.0111713 5.20417e-16
20 8 0.0111713 5.20417e-16

1 9 0.0123178 1.76942e-16
2 9 0.0123178 1.76942e-16
3 9 0.0123178 1.76942e-16
4 9 0.0123178 1.76942e-16
5 9 0.0123178 1.76942e-16
6 9 0.0123178 1.76942e-16
7 9 0.0123178 1.76942e-16
8 9 0.0123178 1.76942e-16
9 9 0.0123178 1.76942e-16
10 9 0.0123178 1.76942e-16
11 9 0.0123178 1.76942e-16
12 9 0.0123178 1.76942e-16
13 9 0.0123178 1.76942e-16
14 9 0.0123178 1.76942e-16
15 9 0.0123178 1.76942e-16
16 9 0.0123178 1.76942e-16
17 9 0.0123178 1.76942e-16
18 9 0.0123178 1.76942e-16
19 9 0.0123178 1.76942e-16
20 9 0.0123178 1.76942e-16

1 10 0.0133883 4.64906e-16
2 10 0.0133883 4.64906e-16
3 10 0.0133883 4.64906e-16
4 10 0.0133883 4.64906e-16
5 10 0.0133883 4.64906e-16
6 10 0.0133883 4.64906e-16
7 10 0.0133883 4.64906e-16
8 10 0.0133883 4.64906e-16
9 10 0.0133883 4.64906e-16
10 10 0.0133883 4.64906e-16
11 10 0.0133883 4.64906e-16
12 10 0.0133883 4.64906e-16
13 10 0.0133883 4.64906e-16
14 10 0.0133883 4.64906e-16
15 10 0.0133883 4.64906e-16
16 10 0.0133883 4.64906e-16
17 10 0.0133883 4.64906e-16
18 10 0.0133883 4.64906e-16
19 10 0.0133883 4.64906e-16
20 10 0.0133883 4.64906e-16

1 11 0.0143842 4.16334e-17
2 11 0.0143842 4.16334e-17
3 11 0.0143842 4.16334e-17
4 11 0.0143842 4.16334e-17
5 11 0.0143842 4.16334e-17
6 11 0.0143842 4.16334e-17
7 11 0.0143842 4.16334e-17
8 11 0.0143842 4.16334e-17
9 11 0.0143842 4.16334e-17
10 11 0.0143842 4.16334e-17
11 11 0.0143842 4.16334e-17
12 11 0.0143842 4.16334e-17
13 11 0.0143842 4.16334e-17
14 11 0.0143842 4.16334e-17
15 11 0.0143842 4.16334e-17
16 11 0.0143842 4.16334e-17
17 11 0.0143842 4.16334e-17
18 11 0.0143842 4.16334e-17
19 11 0.0143842 4.16334e-17
20 11 0.0143842 4.16334e-17

1 12 0.015307 3.50414e-16
2 12 0.015307 3.50414e-16
3 12 0.015307 3.50414e-16
4 12 0.015307 3.50414e-16
5 12 0.015307 3.50414e-16
6 12 0.015307 3.50414e-16
7 12 0.015307 3.50414e-16
8 12 0.015307 3.50414e-16
9 12 0.015307 3.50414e-16
10 12 0.015307 3.50414e-16
11 12 0.015307 3.50414e-16
12 12 0.015307 3.50414e-16
13 12 0.015307 3.50414e-16
14 12 0.015307 3.50414e-16
15 12 0.015307 3.50414e-16
16 12 0.015307 3.50414e-16
17 12 0.015307 3.50414e-16
18 12 0.015307 3.50414e-16
19 12 0.015307 3.50414e-16
20 12 0.015307 3.50414e-16

1 13 0.0161579 3.46945e-18
2 13 0.0161579 3.46945e-18
3 13 0.0161579 3.46945e-18
4 13 0.0161579 3.46945e-18
5 13 0.0161579 3.46945e-18
6 13 0.0161579 3.46945e-18
7 13 0.0161579 3.46945e-18
8 13 0.0161579 3.46945e-18
9 13 0.0161579 3.46945e-18
10 13 0.0161579 3.46945e-18
11 13 0.0161579 3.46945e-18
12 13 0.0161579 3.46945e-18
13 13 0.0161579 3.46945e-18
14 13 0.0161579 3.46945e-18
15 13 0.0161579 3.46945e-18
16 13 0.0161579 3.46945e-18
17 13 0.0161579 3.46945e-18
18 13 0.0161579 3.46945e-18
19 13 0.0161579 3.46945e-18
20 13 0.0161579 3.46945e-18

1 14 0.0169383 4.16334e-17
2 14 0.0169383 4.16334e-17
3 14 0.0169383 4.16334e-17
4 14 0.0169383 4.16334e-17
5 14 0.0169383 4.16334e-17
6 14 0.0169383 4.16334e-17
7 14 0.0169383 4.16334e-17
8 14 0.0169383 4.16334e-17
9 14 0.0169383 4.16334e-17
10 14 0.0169383 4.16334e-17
11 14 0.0169383 4.16334e-17
12 14 0.0169383 4.16334e-17
13 14 0.0169383 4.16334e-17
14 14 0.0169383 4.16334e-17
15 14 0.0169383 4.16334e-17
16 14 0.0169383 4.16334e-17
17 14 0.0169383 4.16334e-17
18 14 0.0169383 4.16334e-17
19 14 0.0169383 4.16334e-17
20 14 0.0169383 4.16334e-17

1 15 0.0176493 -1.21431e-16
2 15 0.0176493 -1.21431e-16
3 15 0.0176493 -1.21431e-16
4 15 0.0176493 -1.21431e-16
5 15 0.0176493 -1.21431e-16
6 15 0.0176493 -1.21431e-16
7 15 0.0176493 -1.21431e-16
8 15 0.0176493 -1.21431e-16
9 15 0.0176493 -1.21431e-16
10 15 0.0176493 -1.21431e-16
11 15 0.0176493 -1.21431e-16
12 15 0.0176493 -1.21431e-16
13 15 0.0176493 -1.21431e-16
14 15 0.0176493 -1.21431e-16
15 15 0.0176493 -1.21431e-16
16 15 0.0176493 -1.21431e-16
17 15 0.0176493 -1.21431e-16
18 15 0.0176493 -1.21431e-16
19 15 0.0176493 -1.21431e-16
20 15 0.0176493 -1.21431e-16

1 16 0.018292 1.45717e-16
2 16 0.018292 1.45717e-16
3 16 0.018292 1.45717e-16
4 16 0.018292 1.45717e-16
5 16 0.018292 1.45717e-16
6 16 0.018292 1.45717e-16
7 16 0.018292 1.45717e-16
8 16 0.018292 1.45717e-16
9 16 0.018292 1.45717e-16
10 16 0.018292 1.45717e-16
11 16 0.018292 1.45717e-16
12 16 0.018292 1.45717e-16
13 16 0.018292 1.45717e-16
14 16 0.018292 1.45717e-16
15 16 0.018292 1.45717e-16
16 16 0.018292 1.45717e-16
17 16 0.018292 1.45717e-16
18 16 0.018292 1.45717e-16
19 16 0.018292 1.45717e-16
20 16 0.018292 1.45717e-16

1 17 0.0188674 2.498e-16
2 17 0.0188674 2.498e-16
3 17 0.0188674 2.498e-16
4 17 0.0188674 2.498e-16
5 17 0.0188674 2.498e-16
6 17 0.0188674 2.498e-16
7 17 0.0188674 2.498e-16
8 17 0.0188674 2.498e-16
9 17 0.0188674 2.498e-16
10 17 0.0188674 2.498e-16
11 17 0.0188674 2.498e-16
12 17 0.0188674 2.498e-16
13 17 0.0188674 2.498e-16
14 17 0.0188674 2.498e-16
15 17 0.0188674 2.498e-16
16 17 0.0188674 2.498e-16
17 17 0.0188674 2.498e-16
18 17 0.0188674 2.498e-16
19 17 0.0188674 2.498e-16
20 17 0.0188674 2.498e-16

1 18 0.0193766 5.93275e-16
2 18 0.0193766 5.93275e-16
3 18 0.0193766 5.93275e-16
4 18 0.0193766 5.93275e-16
5 18 0.0193766 5.93275e-16
6 18 0.0193766 5.93275e-16
7 18 0.0193766 5.93275e-16
8 18 0.0193766 5.93275e-16
9 18 0.0193766 5.93275e-16
10 18 0.0193766 5.93275e-16
11 18 0.0193766 5.93275e-16
12 18 0.0193766 5.93275e-16
13 18 0.0193766 5.93275e-16
14 18 0.0193766 5.93275e-16
15 18 0.0193766 5.93275e-16
16 18 0.0193766 5.93275e-16
17 18 0.0193766 5.93275e-16
18 18 0.0193766 5.93275e-16
19 18 0.0193766 5.93275e-16
20 18 0.0193766 5.93275e-16

1 19 0.0198202 4.82253e-16
2 19 0.0198202 4.82253e-16
3 19 0.0198202 4.82253e-16
4 19 0.0198202 4.82253e-16
5 19 0.0198202 4.82253e-16
6 19 0.0198202 4.82253e-16
7 19 0.0198202 4.82253e-16
8 19 0.0198202 4.82253e-16
9 19 0.0198202 4.82253e-16
10 19 0.0198202 4.82253e-16
11 19 0.0198202 4.82253e-16
12 19 0.0198202 4.82253e-16
13 19 0.0198202 4.82253e-16
14 19 0.0198202 4.82253e-16
15 19 0.0198202 4.82253e-16
16 19 0.0198202 4.82253e-16
17 19 0.0198202 4.82253e-16
18 19 0.0198202 4.82253e-16
19 19 0.0198202 4.82253e-16
20 19 0.0198202 4.82253e-16

1 20 0.020199 5.30825e-16
2 20 0.020199 5.30825e-16
3 20 0.020199 5.30825e-16
4 20 0.020199 5.30825e-16
5 20 0.020199 5.30825e-16
6 20 0.020199 5.30825e-16
7 20 0.020199 5.30825e-16
8 20 0.020199 5.30825e-16
9 20 0.020199 5.30825e-16
10 20 0.020199 5.30825e-16
11 20 0.020199 5.30825e-16
12 20 0.020199 5.30825e-16
13 20 0.020199 5.30825e-16
14 20 0.020199 5.30825e-16
15 20 0.020199 5.30825e-16
16 20 0.020199 5.30825e-16
17 20 0.020199 5.30825e-16
18 20 0.020199 5.30825e-16
19 20 0.020199 5.30825e-16
20 20 0.020199 5.30825e-16

1 21 0.0205138 2.91434e-16
2 21 0.0205138 2.91434e-16
3 21 0.0205138 2.91434e-16
4 21 0.0205138 2.91434e-16
5 21 0.0205138 2.91434e-16
6 21 0.0205138 2.91434e-16
7 21 0.0205138 2.91434e-16
8 21 0.0205138 2.91434e-16
9 21 0.0205138 2.91434e-16
10 21 0.0205138 2.91434e-16
11 21 0.0205138 2.91434e-16
12 21 0.0205138 2.91434e-16
13 21 0.0205138 2.91434e-16
14 21 0.0205138 2.91434e-16
15 21 0.0205138 2.91434e-16
16 21 0.0205138 2.91434e-16
17 21 0.0205138 2.91434e-16
18 21 0.0205138 2.91434e-16
19 21 0.0205138 2.91434e-16
20 21 0.0205138 2.91434e-16

1 22 0.0207649 4.02456e-16
2 22 0.0207649 4.02456e-16
3 22 0.0207649 4.02456e-16
4 22 0.0207649 4.02456e-16
5 22 0.0207649 4.02456e-16
6 22 0.0207649 4.02456e-16
7 22 0.0207649 4.02456e-16
8 22 0.0207649 4.02456e-16
9 22 0.0207649 4.02456e-16
10 22 0.0207649 4.02456e-16
11 22 0.0207649 4.02456e-16
12 22 0.0207649 4.02456e-16
13 22 0.0207649 4.02456e-16
14 22 0.0207649 4.02456e-16
15 22 0.0207649 4.02456e-16
16 22 0.0207649 4.02456e-16
17 22 0.0207649 4.02456e-16
18 22 0.0207649 4.02456e-16
19 22 0.0207649 4.02456e-16
20 22 0.0207649 4.02456e-16

1 23 0.0209529 2.74086e-16
2 23 0.0209529 2.74086e-16
3 23 0.0209529 2.74086e-16
4 23 0.0209529 2.74086e-16
5 23 0.0209529 2.74086e-16
6 23 0.0209529 2.74086e-16
7 23 0.0209529 2.74086e-16
8 23 0.0209529 2.74086e-16
9 23 0.0209529 2.74086e-16
10 23 0.0209529 2.74086e-16
11 23 0.0209529 2.74086e-16
12 23 0.0209529 2.74086e-16
13 23 0.0209529 2.74086e-16
14 23 0.0209529 2.74086e-16
15 23 0.0209529 2.74086e-16
16 23 0.0209529 2.74086e-16
17 23 0.0209529 2.74086e-16
18 23 0.0209529 2.74086e-16
19 23 0.0209529 2.74086e-16
20 23 0.0209529 2.74086e-16

1 24 0.021078 4.19803e-16
2 24 0.021078 4.19803e-16
3 24 0.021078 4.19803e-16
4 24 0.021078 4.19803e-16
5 24 0.021078 4.19803e-16
6 24 0.021078 4.19803e-16
7 24 0.021078 4.19803e-16
8 24 0.021078 4.19803e-16
9 24 0.021078 4.19803e-16
10 24 0.021078 4.19803e-16
11 24 0.021078 4.19803e-16
12 24 0.021078 4.19803e-16
13 24 0.021078 4.19803e-16
14 24 0.021078 4.19803e-16
15 24 0.021078 4.19803e-16
16 24 0.021078 4.19803e-16
17 24 0.021078 4.19803e-16
18 24 0.021078 4.19803e-16
19 24 0.021078 4.19803e-16
20 24 0.021078 4.19803e-16

1 25 0.0211405 3.19189e-16
2 25 0.0211405 3.19189e-16
3 25 0.0211405 3.19189e-16
4 25 0.0211405 3.19189e-16
5 25 0.0211405 3.19189e-16
6 25 0.0211405 3.19189e-16
7 25 0.0211405 3.19189e-16
8 25 0.0211405 3.19189e-16
9 25 0.0211405 3.19189e-16
10 25 0.0211405 3.19189e-16
11 25 0.0211405 3.19189e-16
12 25 0.0211405 3.19189e-16
13 25 0.0211405 3.19189e-16
14 25 0.0211405 3.19189e-16
15 25 0.0211405 3.19189e-16
16 25 0.0211405 3.19189e-16
17 25 0.0211405 3.19189e-16
18 25 0.0211405 3.19189e-16
19 25 0.0211405 3.19189e-16
20 25 0.0211405 3.19189e-16

1 26 0.0211405 1.73472e-16
2 26 0.0211405 1.73472e-16
3 26 0.0211405 1.73472e-16
4 26 0.0211405 1.73472e-16
5 26 0.0211405 1.73472e-16
6 26 0.0211405 1.73472e-16
7 26 0.0211405 1.73472e-16
8 26 0.0211405 1.73472e-16
9 26 0.0211405 1.73472e-16
10 26 0.0211405 1.73472e-16
11 26 0.0211405 1.73472e-16
12 26 0.0211405 1.73472e-16
13 26 0.0211405 1.73472e-16
14 26 0.0211405 1.73472e-16
15 26 0.0211405 1.73472e-16
16 26 0.0211405 1.73472e-16
17 26 0.0211405 1.73472e-16
18 26 0.0211405 1.73472e-16
19 26 0.0211405 1.73472e-16
20 26 0.0211405 1.73472e-16

1 27 0.021078 2.63678e-16
2 27 0.021078 2.63678e-16
3 27 0.021078 2.63678e-16
4 27 0.021078 2.63678e-16
5 27 0.021078 2.63678e-16
6 27 0.021078 2.63678e-16
7 27 0.021078 2.63678e-16
8 27 0.021078 2.63678e-16
9 27 0.021078 2.63678e-16
10 27 0.021078 2.63678e-16
11 27 0.021078 2.63678e-16
12 27 0.021078 2.63678e-16
13 27 0.021078 2.63678e-16
14 27 0.021078 2.63678e-16
15 27 0.021078 2.63678e-16
16 27 0.021078 2.63678e-16
17 27 0.021078 2.63678e-16
18 27 0.021078 2.63678e-16
19 27 0.021078 2.63678e-16
20 27 0.021078 2.63678e-16

1 28 0.0209529 2.01228e-16
2 28 0.0209529 2.01228e-16
3 28 0.0209529 2.01228e-16
4 28 0.0209529 2.01228e-16
5 28 0.0209529 2.01228e-16
6 28 0.0209529 2.01228e-16
7 28 0.0209529 2.01228e-16
8 28 0.0209529 2.01228e-16
9 28 0.0209529 2.01228e-16
10 28 0.0209529 2.01228e-16
11 28 0.0209529 2.01228e-16
12 28 0.0209529 2.01228e-16
13 28 0.0209529 2.01228e-16
14 28 0.0209529 2.01228e-16
15 28 0.0209529 2.01228e-16
16 28 0.0209529 2.01228e-16
17 28 0.0209529 2.01228e-16
18 28 0.0209529 2.01228e-16
19 28 0.0209529 2.01228e-16
20 28 0.0209529 2.01228e-16

1 29 0.0207649 4.19803e-16
2 29 0.0207649 4.19803e-16
3 29 0.0207649 4.19803e-16
4 29 0.0207649 4.19803e-16
5 29 0.0207649 4.19803e-16
6 29 0.0207649 4.19803e-16
7 29 0.0207649 4.19803e-16
8 29 0.0207649 4.19803e-16
9 29 0.0207649 4.19803e-16
10 29 0.0207649 4.19803e-16
11 29 0.0207649 4.19803e-16
12 29 0.0207649 4.19803e-16
13 29 0.0207649 4.19803e-16
14 29 0.0207649 4.19803e-16
15 29 0.0207649 4.19803e-16
16 29 0.0207649 4.19803e-16
17 29 0.0207649 4.19803e-16
18 29 0.0207649 4.19803e-16
19 29 0.0207649 4.19803e-16
20 29 0.0207649 4.19803e-16

1 30 0.0205138 3.1225e-16
2 30 0.0205138 3.1225e-16
3 30 0.0205138 3.1225e-16
4 30 0.0205138 3.1225e-16
5 30 0.0205138 3.1225e-16
6 30 0.0205138 3.1225e-16
7 30 0.0205138 3.1225e-16
8 30 0.0205138 3.1225e-16
9 30 0.0205138 3.1225e-16
10 30 0.0205138 3.1225e-16
11 30 0.0205138 3.1225e-16
12 30 0.0205138 3.1225e-16
13 30 0.0205138 3.1225e-16
14 30 0.0205138 3.1225e-16
15 30 0.0205138 3.1225e-16
16 30 0.0205138 3.1225e-16
17 30 0.0205138 3.1225e-16
18 30 0.0205138 3.1225e-16
19 30 0.0205138 3.1225e-16
20 30 0.0205138 3.1225e-16

1 31 0.020199 4.96131e-16
2 31 0.020199 4.96131e-16
3 31 0.020199 4.96131e-16
4 31 0.020199 4.96131e-16
5 31 0.020199 4.96131e-16
6 31 0.020199 4.96131e-16
7 31 0.020199 4.96131e-16
8 31 0.020199 4.96131e-16
9 31 0.020199 4.96131e-16
10 31 0.020199 4.96131e-16
11 31 0.020199 4.96131e-16
12 31 0.020199 4.96131e-16
13 31 0.020199 4.96131e-16
14 31 0.020199 4.96131e-16
15 31 0.020199 4.96131e-16
16 31 0.020199 4.96131e-16
17 31 0.020199 4.96131e-16
18 31 0.020199 4.96131e-16
19 31 0.020199 4.96131e-16
20 31 0.020199 4.96131e-16

1 32 0.0198202 2.60209e-16
2 32 0.0198202 2.60209e-16
3 32 0.0198202 2.60209e-16
4 32 0.0198202 2.60209e-16
5 32 0.0198202 2.60209e-16
6 32 0.0198202 2.60209e-16
7 32 0.0198202 2.60209e-16
8 32 0.0198202 2.60209e-16
9 32 0.0198202 2.60209e-16
10 32 0.0198202 2.60209e-16
11 32 0.0198202 2.60209e-16
12 32 0.0198202 2.60209e-16
13 32 0.0198202 2.60209e-16
14 32 0.0198202 2.60209e-16
15 32 0.0198202 2.60209e-16
16 32 0.0198202 2.60209e-16
17 32 0.0198202 2.60209e-16
18 32 0.0198202 2.60209e-16
19 32 0.0198202 2.60209e-16
20 32 0.0198202 2.60209e-16

1 33 0.0193766 3.22659e-16
2 33 0.0193766 3.22659e-16
3 33 0.0193766 3.22659e-16
4 33 0.0193766 3.22659e-16
5 33 0.0193766 3.22659e-16
6 33 0.0193766 3.22659e-16
7 33 0.0193766 3.22659e-16
8 33 0.0193766 3.22659e-16
9 33 0.0193766 3.22659e-16
10 33 0.0193766 3.22659e-16
11 33 0.0193766 3.22659e-16
12 33 0.0193766 3.22659e-16
13 33 0.0193766 3.22659e-16
14 33 0.0193766 3.22659e-16
15 33 0.0193766 3.22659e-16
16 33 0.0193766 3.22659e-16
17 33 0.0193766 3.22659e-16
18 33 0.0193766 3.22659e-16
19 33 0.0193766 3.22659e-16
20 33 0.0193766 3.22659e-16

1 34 0.0188674 2.94903e-16
2 34 0.0188674 2.94903e-16
3 34 0.0188674 2.94903e-16
4 34 0.0188674 2.94903e-16
5 34 0.0188674 2.94903e-16
6 34 0.0188674 2.94903e-16
7 34 0.0188674 2.94903e-16
8 34 0.0188674 2.94903e-16
9 34 0.0188674 2.94903e-16
10 34 0.0188674 2.94903e-16
11 34 0.0188674 2.94903e-16
12 34 0.0188674 2.94903e-16
13 34 0.0188674 2.94903e-16
14 34 0.0188674 2.94903e-16
15 34 0.0188674 2.94903e-16
16 34 0.0188674 2.94903e-16
17 34 0.0188674 2.94903e-16
18 34 0.0188674 2.94903e-16
19 34 0.0188674 2.94903e-16
20 34 0.0188674 2.94903e-16

1 35 0.018292 2.46331e-16
2 35 0.018292 2.46331e-16
3 35 0.018292 2.46331e-16
4 35 0.018292 2.46331e-16
5 35 0.018292 2.46331e-16
6 35 0.018292 2.46331e-16
7 35 0.018292 2.46331e-16
8 35 0.018292 2.46331e-16
9 35 0.018292 2.46331e-16
10 35 0.018292 2.46331e-16
11 35 0.018292 2.46331e-16
12 35 0.018292 2.46331e-16
13 35 0.018292 2.46331e-16
14 35 0.018292 2.46331e-16
15 35 0.018292 2.46331e-16
16 35 0.018292 2.46331e-16
17 35 0.018292 2.46331e-16
18 35 0.018292 2.46331e-16
19 35 0.018292 2.46331e-16
20 35 0.018292 2.46331e-16

1 36 0.0176493 2.56739e-16
2 36 0.0176493 2.56739e-16
3 36 0.0176493 2.56739e-16
4 36 0.0176493 2.56739e-16
5 36 0.0176493 2.56739e-16
6 36 0.0176493 2.56739e-16
7 36 0.0176493 2.56739e-16
8 36 0.0176493 2.56739e-16
9 36 0.0176493 2.56739e-16
10 36 0.0176493 2.56739e-16
11 36 0.0176493 2.56739e-16
12 36 0.0176493 2.56739e-16
13 36 0.0176493 2.56739e-16
14 36 0.0176493 2.56739e-16
15 36 0.0176493 2.56739e-16
16 36 0.0176493 2.56739e-16
17 36 0.0176493 2.56739e-16
18 36 0.0176493 2.56739e-16
19 36 0.0176493 2.56739e-16
20 36 0.0176493 2.56739e-16

1 37 0.0169383 1.97758e-16
2 37 0.0169383 1.97758e-16
3 37 0.0169383 1.97758e-16
4 37 0.0169383 1.97758e-16
5 37 0.0169383 1.97758e-16
6 37 0.0169383 1.97758e-16
7 37 0.0169383 1.97758e-16
8 37 0.0169383 1.97758e-16
9 37 0.0169383 1.97758e-16
10 37 0.0169383 1.97758e-16
11 37 0.0169383 1.97758e-16
12 37 0.0169383 1.97758e-16
13 37 0.0169383 1.97758e-16
14 37 0.0169383 1.97758e-16
15 37 0.0169383 1.97758e-16
16 37 0.0169383 1.97758e-16
17 37 0.0169383 1.97758e-16
18 37 0.0169383 1.97758e-16
19 37 0.0169383 1.97758e-16
20 37 0.0169383 1.97758e-16

1 38 0.0161579 3.43475e-16
2 38 0.0161579 3.43475e-16
3 38 0.0161579 3.43475e-16
4 38 0.0161579 3.43475e-16
5 38 0.0161579 3.43475e-16
6 38 0.0161579 3.43475e-16
7 38 0.0161579 3.43475e-16
8 38 0.0161579 3.43475e-16
9 38 0.0161579 3.43475e-16
10 38 0.0161579 3.43475e-16
11 38 0.0161579 3.43475e-16
12 38 0.0161579 3.43475e-16
13 38 0.0161579 3.43475e-16
14 38 0.0161579 3.43475e-16
15 38 0.0161579 3.43475e-16
16 38 0.0161579 3.43475e-16
17 38 0.0161579 3.43475e-16
18 38 0.0161579 3.43475e-16
19 38 0.0161579 3.43475e-16
20 38 0.0161579 3.43475e-16

1 39 0.015307 3.67761e-16
2 39 0.015307 3.67761e-16
3 39 0.015307 3.67761e-16
4 39 0.015307 3.67761e-16
5 39 0.015307 3.67761e-16
6 39 0.015307 3.67761e-16
7 39 0.015307 3.67761e-16
8 39 0.015307 3.67761e-16
9 39 0.015307 3.67761e-16
10 39 0.015307 3.67761e-16
11 39 0.015307 3.67761e-16
12 39 0.015307 3.67761e-16
13 39 0.015307 3.67761e-16
14 39 0.015307 3.67761e-16
15 39 0.015307 3.67761e-16
16 39 0.015307 3.67761e-16
17 39 0.015307 3.67761e-16
18 39 0.015307 3.67761e-16
19 39 0.015307 3.67761e-16
20 39 0.015307 3.67761e-16

1 40 0.0143842 3.81639e-16
2 40 0.0143842 3.81639e-16
3 40 0.0143842 3.81639e-16
4 40 0.0143842 3.81639e-16
5 40 0.0143842 3.81639e-16
6 40 0.0143842 3.81639e-16
7 40 0.0143842 3.81639e-16
8 40 0.0143842 3.81639e-16
9 40 0.0143842 3.81639e-16
10 40 0.0143842 3.81639e-16
11 40 0.0143842 3.81639e-16
12 40 0.0143842 3.81639e-16
13 40 0.0143842 3.81639e-16
14 40 0.0143842 3.81639e-16
15 40 0.0143842 3.81639e-16
16 40 0.0143842 3.81639e-16
17 40 0.0143842 3.81639e-16
18 40 0.0143842 3.81639e-16
19 40 0.0143842 3.81639e-16
20 40 0.0143842 3.81639e-16

1 41 0.0133883 4.75314e-16
2 41 0.0133883 4.75314e-16
3 41 0.0133883 4.75314e-16
4 41 0.0133883 4.75314e-16
5 41 0.0133883 4.75314e-16
6 41 0.0133883 4.75314e-16
7 41 0.0133883 4.75314e-16
8 41 0.0133883 4.75314e-16
9 41 0.0133883 4.75314e-16
10 41 0.0133883 4.75314e-16
11 41 0.0133883 4.75314e-16
12 41 0.0133883 4.75314e-16
13 41 0.0133883 4.75314e-16
14 41 0.0133883 4.75314e-16
15 41 0.0133883 4.75314e-16
16 41 0.0133883 4.75314e-16
17 41 0.0133883 4.75314e-16
18 41 0.0133883 4.75314e-16
19 41 0.0133883 4.75314e-16
20 41 0.0133883 4.75314e-16

1 42 0.0123178 3.81639e-16
2 42 0.0123178 3.81639e-16
3 42 0.0123178 3.81639e-16
4 42 0.0123178 3.81639e-16
5 42 0.0123178 3.81639e-16
6 42 0.0123178 3.81639e-16
7 42 0.0123178 3.81639e-16
8 42 0.0123178 3.81639e-16
9 42 0.0123178 3.81639e-16
10 42 0.0123178 3.81639e-16
11 42 0.0123178 3.81639e-16
12 42 0.0123178 3.81639e-16
13 42 0.0123178 3.81639e-16
14 42 0.0123178 3.81639e-16
15 42 0.0123178 3.81639e-16
16 42 0.0123178 3.81639e-16
17 42 0.0123178 3.81639e-16
18 42 0.0123178 3.81639e-16
19 42 0.0123178 3.81639e-16
20 42 0.0123178 3.81639e-16

1 43 0.0111713 2.94903e-16
2 43 0.0111713 2.94903e-16
3 43 0.0111713 2.94903e-16
4 43 0.0111713 2.94903e-16
5 43 0.0111713 2.94903e-16
6 43 0.0111713 2.94903e-16
7 43 0.0111713 2.94903e-16
8 43 0.0111713 2.94903e-16
9 43 0.0111713 2.94903e-16
10 43 0.0111713 2.94903e-16
11 43 0.0111713 2.94903e-16
12 43 0.0111713 2.94903e-16
13 43 0.0111713 2.94903e-16
14 43 0.0111713 2.94903e-16
15 43 0.0111713 2.94903e-16
16 43 0.0111713 2.94903e-16
17 43 0.0111713 2.94903e-16
18 43 0.0111713 2.94903e-16
19 43 0.0111713 2.94903e-16
20 43 0.0111713 2.94903e-16

1 44 0.00994731 3.19189e-16
2 44 0.00994731 3.19189e-16
3 44 0.00994731 3.19189e-16
4 44 0.00994731 3.19189e-16
5 44 0.00994731 3.19189e-16
6 44 0.00994731 3.19189e-16
7 44 0.00994731 3.19189e-16
8 44 0.00994731 3.19189e-16
9 44 0.00994731 3.19189e-16
10 44 0.00994731 3.19189e-16
11 44 0.00994731 3.19189e-16
12 44 0.00994731 3.19189e-16
13 44 0.00994731 3.19189e-16
14 44 0.00994731 3.19189e-16
15 44 0.00994731 3.19189e-16
16 44 0.00994731 3.19189e-16
17 44 0.00994731 3.19189e-16
18 44 0.00994731 3.19189e-16
19 44 0.00994731 3.19189e-16
20 44 0.00994731 3.19189e-16

1 45 0.00864419 3.747e-16
2 45 0.00864419 3.747e-16
3 45 0.00864419 3.747e-16
4 45 0.00864419 3.747e-16
5 45 0.00864419 3.747e-16
6 45 0.00864419 3.747e-16
7 45 0.00864419 3.747e-16
8 45 0.00864419 3.747e-16
9 45 0.00864419 3.747e-16
10 45 0.00864419 3.747e-16
11 45 0.00864419 3.747e-16
12 45 0.00864419 3.747e-16
13 45 0.00864419 3.747e-16
14 45 0.00864419 3.747e-16
15 45 0.00864419 3.747e-16
16 45 0.00864419 3.747e-16
17 45 0.00864419 3.747e-16
18 45 0.00864419 3.747e-16
19 45 0.00864419 3.747e-16
20 45 0.00864419 3.747e-16

1 46 0.00726035 5.55112e-17
2 46 0.00726035 5.55112e-17
3 46 0.00726035 5.55112e-17
4 46 0.00726035 5.55112e-17
5 46 0.00726035 5.55112e-17
6 46 0.00726035 5.55112e-17
7 46 0.00726035 5.55112e-17
8 46 0.00726035 5.55112e-17
9 46 0.00726035 5.55112e-17
10 46 0.00726035 5.55112e-17
11 46 0.00726035 5.55112e-17
12 46 0.00726035 5.55112e-17
13 46 0.00726035 5.55112e-17
14 46 0.00726035 5.55112e-17
15 46 0.00726035 5.55112e-17
16 46 0.00726035 5.55112e-17
17 46 0.00726035 5.55112e-17
18 46 0.00726035 5.55112e-17
19 46 0.00726035 5.55112e-17
20 46 0.00726035 5.55112e-17

1 47 0.00579416 9.02056e-17
2 47 0.00579416 9.02056e-17
3 47 0.00579416 9.02056e-17
4 47 0.00579416 9.02056e-17
5 47 0.00579416 9.02056e-17
6 47 0.00579416 9.02056e-17
7 47 0.00579416 9.02056e-17
8 47 0.00579416 9.02056e-17
9 47 0.00579416 9.02056e-17
10 47 0.00579416 9.02056e-17
11 47 0.00579416 9.02056e-17
12 47 0.00579416 9.02056e-17
13 47 0.00579416 9.02056e-17
14 47 0.00579416 9.02056e-17
15 47 0.00579416 9.02056e-17
16 47 0.00579416 9.02056e-17
17 47 0.00579416 9.02056e-17
18 47 0.00579416 9.02056e-17
19 47 0.00579416 9.02056e-17
20 47 0.00579416 9.02056e-17

1 48 0.00424394 -2.04697e-16
2 48 0.00424394 -2.04697e-16
3 48 0.00424394 -2.04697e-16
4 48 0.00424394 -2.04697e-16
5 48 0.00424394 -2.04697e-16
6 48 0.00424394 -2.04697e-16
7 48 0.00424394 -2.04697e-16
8 48 0.00424394 -2.04697e-16
9 48 0.00424394 -2.04697e-16
10 48 0.00424394 -2.04697e-16
11 48 0.00424394 -2.04697e-16
12 48 0.00424394 -2.04697e-16
13 48 0.00424394 -2.04697e-16
14 48 0.00424394 -2.04697e-16
15 48 0.00424394 -2.04697e-16
16 48 0.00424394 -2.04697e-16
17 48 0.00424394 -2.04697e-16
18 48 0.00424394 -2.04697e-16
19 48 0.00424394 -2.04697e-16
20 48 0.00424394 -2.04697e-16

1 49 0.002608 8.32667e-17
2 49 0.002608 8.32667e-17
3 49 0.002608 8.32667e-17
4 49 0.002608 8.32667e-17
5 49 0.002608 8.32667e-17
6 49 0.002608 8.32667e-17
7 49 0.002608 8.32667e-17
8 49 0.002608 8.32667e-17
9 49 0.002608 8.32667e-17
10 49 0.002608 8.32667e-17
11 49 0.002608 8.32667e-17
12 49 0.002608 8.32667e-17
13 49 0.002608 8.32667e-17
14 49 0.002608 8.32667e-17
15 49 0.002608 8.32667e-17
16 49 0.002608 8.32667e-17
17 49 0.002608 8.32667e-17
18 49 0.002608 8.32667e-17
19 49 0.002608 8.32667e-17
20 49 0.002608 8.32667e-17

1 50 0.000884605 -1.07553e-16
2 50 0.000884605 -1.07553e-16
3 50 0.000884605 -1.07553e-16
4 50 0.000884605 -1.07553e-16
5 50 0.000884605 -1.07553e-16
6 50 0.000884605 -1.07553e-16
7 50 0.000884605 -1.07553e-16
8 50 0.000884605 -1.07553e-16
9 50 0.000884605 -1.07553e-16
10 50 0.000884605 -1.07553e-16
11 50 0.000884605 -1.07553e-16
12 50 0.000884605 -1.07553e-16
13 50 0.000884605 -1.07553e-16
14 50 0.000884605 -1.07553e-16
15 50 0.000884605 -1.07553e-16
16 50 0.000884605 -1.07553e-16
17 50 0.000884605 -1.07553e-16
18 50 0.000884605 -1.07553e-16
19 50 0.000884605 -1.07553e-16
20 50 0.000884605 -1.07553e-16

