25 1 0.00301988
25 2 0.0049286
25 3 0.0067489
25 4 0.0084814
25 5 0.0101267
25 6 0.0116855
25 7 0.0131583
25 8 0.0145457
25 9 0.0158484
25 10 0.0170667
25 11 0.0182013
25 12 0.0192527
25 13 0.0202213
25 14 0.0211075
25 15 0.0219118
25 16 0.0226346
25 17 0.0232762
25 18 0.0238369
25 19 0.024317
25 20 0.0247166
25 21 0.0250362
25 22 0.0252756
25 23 0.0254352
25 24 0.025515
25 25 0.025515
25 26 0.0254352
25 27 0.0252756
25 28 0.0250362
25 29 0.0247166
25 30 0.024317
25 31 0.0238369
25 32 0.0232762
25 33 0.0226346
25 34 0.0219118
25 35 0.0211075
25 36 0.0202213
25 37 0.0192527
25 38 0.0182013
25 39 0.0170667
25 40 0.0158484
25 41 0.0145457
25 42 0.0131583
25 43 0.0116855
25 44 0.0101267
25 45 0.0084814
25 46 0.0067489
25 47 0.0049286
25 48 0.00301988
25 49 0.00102208
25 50 -0.000347765

