25 1 0.00128347
25 2 0.00204274
25 3 0.00272577
25 4 0.00333794
25 5 0.00388455
25 6 0.00437073
25 7 0.00480146
25 8 0.00518151
25 9 0.00551543
25 10 0.00580757
25 11 0.00606198
25 12 0.00628249
25 13 0.00647263
25 14 0.00663566
25 15 0.00677456
25 16 0.00689203
25 17 0.00699048
25 18 0.00707203
25 19 0.00713854
25 20 0.00719159
25 21 0.00723247
25 22 0.00726223
25 23 0.00728164
25 24 0.00729121
25 25 0.00729121
25 26 0.00728164
25 27 0.00726223
25 28 0.00723247
25 29 0.00719159
25 30 0.00713854
25 31 0.00707203
25 32 0.00699048
25 33 0.00689203
25 34 0.00677456
25 35 0.00663566
25 36 0.00647263
25 37 0.00628249
25 38 0.00606198
25 39 0.00580757
25 40 0.00551543
25 41 0.00518151
25 42 0.00480146
25 43 0.00437073
25 44 0.00388455
25 45 0.00333794
25 46 0.00272577
25 47 0.00204274
25 48 0.00128347
25 49 0.000442459
25 50 -0.00015453

