25 1 0.00102931
25 2 0.00162121
25 3 0.00213991
25 4 0.00259194
25 5 0.00298363
25 6 0.00332104
25 7 0.00360997
25 8 0.00385587
25 9 0.00406385
25 10 0.00423864
25 11 0.00438457
25 12 0.0045056
25 13 0.00460529
25 14 0.00468681
25 15 0.00475298
25 16 0.00480626
25 17 0.00484876
25 18 0.00488231
25 19 0.00490843
25 20 0.00492838
25 21 0.00494317
25 22 0.0049536
25 23 0.00496024
25 24 0.00496347
25 25 0.00496347
25 26 0.00496024
25 27 0.0049536
25 28 0.00494317
25 29 0.00492838
25 30 0.00490843
25 31 0.00488231
25 32 0.00484876
25 33 0.00480626
25 34 0.00475298
25 35 0.00468681
25 36 0.00460529
25 37 0.0045056
25 38 0.00438457
25 39 0.00423864
25 40 0.00406385
25 41 0.00385587
25 42 0.00360997
25 43 0.00332104
25 44 0.00298363
25 45 0.00259194
25 46 0.00213991
25 47 0.00162121
25 48 0.00102931
25 49 0.000357531
25 50 -0.000126205

