25 1 0.00235221
25 2 0.00381876
25 3 0.00520126
25 4 0.00650207
25 5 0.00772352
25 6 0.00886789
25 7 0.00993743
25 8 0.0109343
25 9 0.0118606
25 10 0.0127184
25 11 0.0135096
25 12 0.0142361
25 13 0.0148996
25 14 0.0155018
25 15 0.0160441
25 16 0.0165281
25 17 0.016955
25 18 0.0173259
25 19 0.0176419
25 20 0.0179039
25 21 0.0181126
25 22 0.0182686
25 23 0.0183723
25 24 0.0184241
25 25 0.0184241
25 26 0.0183723
25 27 0.0182686
25 28 0.0181126
25 29 0.0179039
25 30 0.0176419
25 31 0.0173259
25 32 0.016955
25 33 0.0165281
25 34 0.0160441
25 35 0.0155018
25 36 0.0148996
25 37 0.0142361
25 38 0.0135096
25 39 0.0127184
25 40 0.0118606
25 41 0.0109343
25 42 0.00993743
25 43 0.00886789
25 44 0.00772352
25 45 0.00650207
25 46 0.00520126
25 47 0.00381876
25 48 0.00235221
25 49 0.000799232
25 50 -0.000273474

