25 1 0.00184912
25 2 0.00298251
25 3 0.00403518
25 4 0.00501083
25 5 0.00591306
25 6 0.00674545
25 7 0.00751145
25 8 0.00821445
25 9 0.00885771
25 10 0.00944439
25 11 0.00997748
25 12 0.0104599
25 13 0.0108942
25 14 0.0112831
25 15 0.0116289
25 16 0.0119337
25 17 0.0121995
25 18 0.0124282
25 19 0.0126213
25 20 0.01278
25 21 0.0129057
25 22 0.0129991
25 23 0.013061
25 24 0.0130919
25 25 0.0130919
25 26 0.013061
25 27 0.0129991
25 28 0.0129057
25 29 0.01278
25 30 0.0126213
25 31 0.0124282
25 32 0.0121995
25 33 0.0119337
25 34 0.0116289
25 35 0.0112831
25 36 0.0108942
25 37 0.0104599
25 38 0.00997748
25 39 0.00944439
25 40 0.00885771
25 41 0.00821445
25 42 0.00751145
25 43 0.00674545
25 44 0.00591306
25 45 0.00501083
25 46 0.00403518
25 47 0.00298251
25 48 0.00184912
25 49 0.000631311
25 50 -0.000217494

