25 1 0.00288513
25 2 0.00470461
25 3 0.00643655
25 4 0.00808192
25 5 0.0096417
25 6 0.0111168
25 7 0.0125083
25 8 0.0138169
25 9 0.0150435
25 10 0.0161891
25 11 0.0172544
25 12 0.0182402
25 13 0.0191472
25 14 0.0199761
25 15 0.0207276
25 16 0.0214022
25 17 0.0220004
25 18 0.0225228
25 19 0.0229697
25 20 0.0233416
25 21 0.0236388
25 22 0.0238614
25 23 0.0240097
25 24 0.0240839
25 25 0.0240839
25 26 0.0240097
25 27 0.0238614
25 28 0.0236388
25 29 0.0233416
25 30 0.0229697
25 31 0.0225228
25 32 0.0220004
25 33 0.0214022
25 34 0.0207276
25 35 0.0199761
25 36 0.0191472
25 37 0.0182402
25 38 0.0172544
25 39 0.0161891
25 40 0.0150435
25 41 0.0138169
25 42 0.0125083
25 43 0.0111168
25 44 0.0096417
25 45 0.00808192
25 46 0.00643655
25 47 0.00470461
25 48 0.00288513
25 49 0.000977104
25 50 -0.000332772

