25 1 0.00284115
25 2 0.0046315
25 3 0.0063346
25 4 0.00795154
25 5 0.0094834
25 6 0.0109312
25 7 0.0122961
25 8 0.013579
25 9 0.0147808
25 10 0.0159027
25 11 0.0169454
25 12 0.0179097
25 13 0.0187967
25 14 0.0196069
25 15 0.020341
25 16 0.0209999
25 17 0.021584
25 18 0.0220939
25 19 0.02253
25 20 0.0228928
25 21 0.0231827
25 22 0.0233998
25 23 0.0235445
25 24 0.0236167
25 25 0.0236167
25 26 0.0235445
25 27 0.0233998
25 28 0.0231827
25 29 0.0228928
25 30 0.02253
25 31 0.0220939
25 32 0.021584
25 33 0.0209999
25 34 0.020341
25 35 0.0196069
25 36 0.0187967
25 37 0.0179097
25 38 0.0169454
25 39 0.0159027
25 40 0.0147808
25 41 0.013579
25 42 0.0122961
25 43 0.0109312
25 44 0.0094834
25 45 0.00795154
25 46 0.0063346
25 47 0.0046315
25 48 0.00284115
25 49 0.000962424
25 50 -0.000327878

