25 1 0.002608
25 2 0.00424394
25 3 0.00579416
25 4 0.00726035
25 5 0.00864419
25 6 0.00994731
25 7 0.0111713
25 8 0.0123178
25 9 0.0133883
25 10 0.0143842
25 11 0.015307
25 12 0.0161579
25 13 0.0169383
25 14 0.0176493
25 15 0.018292
25 16 0.0188674
25 17 0.0193766
25 18 0.0198202
25 19 0.020199
25 20 0.0205138
25 21 0.0207649
25 22 0.0209529
25 23 0.021078
25 24 0.0211405
25 25 0.0211405
25 26 0.021078
25 27 0.0209529
25 28 0.0207649
25 29 0.0205138
25 30 0.020199
25 31 0.0198202
25 32 0.0193766
25 33 0.0188674
25 34 0.018292
25 35 0.0176493
25 36 0.0169383
25 37 0.0161579
25 38 0.015307
25 39 0.0143842
25 40 0.0133883
25 41 0.0123178
25 42 0.0111713
25 43 0.00994731
25 44 0.00864419
25 45 0.00726035
25 46 0.00579416
25 47 0.00424394
25 48 0.002608
25 49 0.000884605
25 50 -0.000301935

