25 1 0.00267619
25 2 0.0043573
25 3 0.00595224
25 4 0.00746252
25 5 0.00888965
25 6 0.0102351
25 7 0.0115003
25 8 0.0126867
25 9 0.0137956
25 10 0.0148284
25 11 0.0157862
25 12 0.0166703
25 13 0.0174818
25 14 0.0182219
25 15 0.0188913
25 16 0.0194912
25 17 0.0200222
25 18 0.0204852
25 19 0.0208808
25 20 0.0212096
25 21 0.0214721
25 22 0.0216686
25 23 0.0217994
25 24 0.0218648
25 25 0.0218648
25 26 0.0217994
25 27 0.0216686
25 28 0.0214721
25 29 0.0212096
25 30 0.0208808
25 31 0.0204852
25 32 0.0200222
25 33 0.0194912
25 34 0.0188913
25 35 0.0182219
25 36 0.0174818
25 37 0.0166703
25 38 0.0157862
25 39 0.0148284
25 40 0.0137956
25 41 0.0126867
25 42 0.0115003
25 43 0.0102351
25 44 0.00888965
25 45 0.00746252
25 46 0.00595224
25 47 0.0043573
25 48 0.00267619
25 49 0.000907367
25 50 -0.000309523

