25 1 0.00224645
25 2 0.00364295
25 3 0.0049561
25 4 0.00618853
25 5 0.00734284
25 6 0.00842158
25 7 0.00942725
25 8 0.0103623
25 9 0.011229
25 10 0.0120297
25 11 0.0127665
25 12 0.0134416
25 13 0.0140567
25 14 0.0146139
25 15 0.0151148
25 16 0.015561
25 17 0.0159539
25 18 0.0162948
25 19 0.0165848
25 20 0.016825
25 21 0.0170161
25 22 0.0171589
25 23 0.0172538
25 24 0.0173012
25 25 0.0173012
25 26 0.0172538
25 27 0.0171589
25 28 0.0170161
25 29 0.016825
25 30 0.0165848
25 31 0.0162948
25 32 0.0159539
25 33 0.015561
25 34 0.0151148
25 35 0.0146139
25 36 0.0140567
25 37 0.0134416
25 38 0.0127665
25 39 0.0120297
25 40 0.011229
25 41 0.0103623
25 42 0.00942725
25 43 0.00842158
25 44 0.00734284
25 45 0.00618853
25 46 0.0049561
25 47 0.00364295
25 48 0.00224645
25 49 0.000763931
25 50 -0.000261706

