25 1 0.00212839
25 2 0.00344671
25 3 0.00468245
25 4 0.00583855
25 5 0.00691793
25 6 0.00792342
25 7 0.0088578
25 8 0.0097238
25 9 0.010524
25 10 0.011261
25 11 0.0119372
25 12 0.0125548
25 13 0.0131161
25 14 0.0136232
25 15 0.0140778
25 16 0.0144818
25 17 0.0148368
25 18 0.0151442
25 19 0.0154053
25 20 0.0156212
25 21 0.0157927
25 22 0.0159208
25 23 0.0160058
25 24 0.0160483
25 25 0.0160483
25 26 0.0160058
25 27 0.0159208
25 28 0.0157927
25 29 0.0156212
25 30 0.0154053
25 31 0.0151442
25 32 0.0148368
25 33 0.0144818
25 34 0.0140778
25 35 0.0136232
25 36 0.0131161
25 37 0.0125548
25 38 0.0119372
25 39 0.011261
25 40 0.010524
25 41 0.0097238
25 42 0.0088578
25 43 0.00792342
25 44 0.00691793
25 45 0.00583855
25 46 0.00468245
25 47 0.00344671
25 48 0.00212839
25 49 0.000724526
25 50 -0.00024857

