25 1 0.00199654
25 2 0.00322754
25 3 0.00437684
25 4 0.00544773
25 5 0.00644344
25 6 0.00736715
25 7 0.00822198
25 8 0.00901095
25 9 0.00973698
25 10 0.0104029
25 11 0.0110114
25 12 0.0115651
25 13 0.0120663
25 14 0.0125174
25 15 0.0129205
25 16 0.0132775
25 17 0.0135903
25 18 0.0138604
25 19 0.0140893
25 20 0.0142781
25 21 0.0144279
25 22 0.0145395
25 23 0.0146136
25 24 0.0146505
25 25 0.0146505
25 26 0.0146136
25 27 0.0145395
25 28 0.0144279
25 29 0.0142781
25 30 0.0140893
25 31 0.0138604
25 32 0.0135903
25 33 0.0132775
25 34 0.0129205
25 35 0.0125174
25 36 0.0120663
25 37 0.0115651
25 38 0.0110114
25 39 0.0104029
25 40 0.00973698
25 41 0.00901095
25 42 0.00822198
25 43 0.00736715
25 44 0.00644344
25 45 0.00544773
25 46 0.00437684
25 47 0.00322754
25 48 0.00199654
25 49 0.000680517
25 50 -0.000233898

