25 1 0.00299151
25 2 0.00488145
25 3 0.00668315
25 4 0.00839731
25 5 0.0100246
25 6 0.0115658
25 7 0.0130215
25 8 0.0143923
25 9 0.0156789
25 10 0.016882
25 11 0.018002
25 12 0.0190396
25 13 0.0199952
25 14 0.0208694
25 15 0.0216626
25 16 0.0223752
25 17 0.0230076
25 18 0.0235603
25 19 0.0240334
25 20 0.0244272
25 21 0.024742
25 22 0.0249779
25 23 0.0251352
25 24 0.0252138
25 25 0.0252138
25 26 0.0251352
25 27 0.0249779
25 28 0.024742
25 29 0.0244272
25 30 0.0240334
25 31 0.0235603
25 32 0.0230076
25 33 0.0223752
25 34 0.0216626
25 35 0.0208694
25 36 0.0199952
25 37 0.0190396
25 38 0.018002
25 39 0.016882
25 40 0.0156789
25 41 0.0143923
25 42 0.0130215
25 43 0.0115658
25 44 0.0100246
25 45 0.00839731
25 46 0.00668315
25 47 0.00488145
25 48 0.00299151
25 49 0.00101261
25 50 -0.000344609

