25 1 0.0014973
25 2 0.00239785
25 3 0.00322025
25 4 0.00396917
25 5 0.00464922
25 6 0.00526488
25 7 0.00582052
25 8 0.00632039
25 9 0.00676855
25 10 0.00716891
25 11 0.00752517
25 12 0.00784086
25 13 0.00811926
25 14 0.00836345
25 15 0.00857626
25 16 0.0087603
25 17 0.00891791
25 18 0.00905119
25 19 0.00916199
25 20 0.0092519
25 21 0.00932223
25 22 0.00937405
25 23 0.00940815
25 24 0.00942507
25 25 0.00942507
25 26 0.00940815
25 27 0.00937405
25 28 0.00932223
25 29 0.0092519
25 30 0.00916199
25 31 0.00905119
25 32 0.00891791
25 33 0.0087603
25 34 0.00857626
25 35 0.00836345
25 36 0.00811926
25 37 0.00784086
25 38 0.00752517
25 39 0.00716891
25 40 0.00676855
25 41 0.00632039
25 42 0.00582052
25 43 0.00526488
25 44 0.00464922
25 45 0.00396917
25 46 0.00322025
25 47 0.00239785
25 48 0.0014973
25 49 0.000513864
25 50 -0.000178338

