25 1 0.0006989
25 2 0.00107512
25 3 0.00138483
25 4 0.00163688
25 5 0.00183959
25 6 0.00200063
25 7 0.00212696
25 8 0.00222479
25 9 0.00229955
25 10 0.0023559
25 11 0.00239779
25 12 0.00242849
25 13 0.00245067
25 14 0.00246645
25 15 0.00247751
25 16 0.00248515
25 17 0.00249034
25 18 0.00249381
25 19 0.00249609
25 20 0.00249756
25 21 0.00249849
25 22 0.00249906
25 23 0.00249938
25 24 0.00249952
25 25 0.00249952
25 26 0.00249938
25 27 0.00249906
25 28 0.00249849
25 29 0.00249756
25 30 0.00249609
25 31 0.00249381
25 32 0.00249034
25 33 0.00248515
25 34 0.00247751
25 35 0.00246645
25 36 0.00245067
25 37 0.00242849
25 38 0.00239779
25 39 0.0023559
25 40 0.00229955
25 41 0.00222479
25 42 0.00212696
25 43 0.00200063
25 44 0.00183959
25 45 0.00163688
25 46 0.00138483
25 47 0.00107512
25 48 0.0006989
25 49 0.000246931
25 50 -8.92925e-05

