25 1 0.00295986
25 2 0.00482884
25 3 0.00660978
25 4 0.00830348
25 5 0.0099107
25 6 0.0114322
25 7 0.0128688
25 8 0.0142211
25 9 0.0154899
25 10 0.0166758
25 11 0.0177796
25 12 0.0188017
25 13 0.0197429
25 14 0.0206036
25 15 0.0213844
25 16 0.0220857
25 17 0.022708
25 18 0.0232516
25 19 0.0237169
25 20 0.0241042
25 21 0.0244138
25 22 0.0246458
25 23 0.0248003
25 24 0.0248776
25 25 0.0248776
25 26 0.0248003
25 27 0.0246458
25 28 0.0244138
25 29 0.0241042
25 30 0.0237169
25 31 0.0232516
25 32 0.022708
25 33 0.0220857
25 34 0.0213844
25 35 0.0206036
25 36 0.0197429
25 37 0.0188017
25 38 0.0177796
25 39 0.0166758
25 40 0.0154899
25 41 0.0142211
25 42 0.0128688
25 43 0.0114322
25 44 0.0099107
25 45 0.00830348
25 46 0.00660978
25 47 0.00482884
25 48 0.00295986
25 49 0.00100205
25 50 -0.000341087

