25 1 0.00306808
25 2 0.00500872
25 3 0.00686063
25 4 0.00862429
25 5 0.0103002
25 6 0.0118889
25 7 0.0133908
25 8 0.0148065
25 9 0.0161362
25 10 0.0173806
25 11 0.01854
25 12 0.0196148
25 13 0.0206055
25 14 0.0215122
25 15 0.0223354
25 16 0.0230755
25 17 0.0237325
25 18 0.0243069
25 19 0.0247988
25 20 0.0252085
25 21 0.025536
25 22 0.0257815
25 23 0.0259451
25 24 0.0260269
25 25 0.0260269
25 26 0.0259451
25 27 0.0257815
25 28 0.025536
25 29 0.0252085
25 30 0.0247988
25 31 0.0243069
25 32 0.0237325
25 33 0.0230755
25 34 0.0223354
25 35 0.0215122
25 36 0.0206055
25 37 0.0196148
25 38 0.01854
25 39 0.0173806
25 40 0.0161362
25 41 0.0148065
25 42 0.0133908
25 43 0.0118889
25 44 0.0103002
25 45 0.00862429
25 46 0.00686063
25 47 0.00500872
25 48 0.00306808
25 49 0.00103817
25 50 -0.000353128

25 1 0.00199071
25 2 0.00324367
25 3 0.00443787
25 4 0.00557382
25 5 0.006652
25 6 0.0076729
25 7 0.00863698
25 8 0.00954471
25 9 0.0103965
25 10 0.0111929
25 11 0.0119341
25 12 0.0126207
25 13 0.013253
25 14 0.0138313
25 15 0.014356
25 16 0.0148273
25 17 0.0152456
25 18 0.015611
25 19 0.0159238
25 20 0.0161842
25 21 0.0163923
25 22 0.0165483
25 23 0.0166522
25 24 0.0167042
25 25 0.0167042
25 26 0.0166522
25 27 0.0165483
25 28 0.0163923
25 29 0.0161842
25 30 0.0159238
25 31 0.015611
25 32 0.0152456
25 33 0.0148273
25 34 0.014356
25 35 0.0138313
25 36 0.013253
25 37 0.0126207
25 38 0.0119341
25 39 0.0111929
25 40 0.0103965
25 41 0.00954471
25 42 0.00863698
25 43 0.0076729
25 44 0.006652
25 45 0.00557382
25 46 0.00443787
25 47 0.00324367
25 48 0.00199071
25 49 0.000678487
25 50 -0.000226065

