25 1 0.0030453
25 2 0.00497086
25 3 0.00680782
25 4 0.00855676
25 5 0.0102182
25 6 0.0117928
25 7 0.0132809
25 8 0.0146832
25 9 0.0160002
25 10 0.0172323
25 11 0.01838
25 12 0.0194437
25 13 0.0204239
25 14 0.0213209
25 15 0.0221352
25 16 0.0228671
25 17 0.0235169
25 18 0.0240848
25 19 0.0245711
25 20 0.024976
25 21 0.0252998
25 22 0.0255424
25 23 0.0257041
25 24 0.025785
25 25 0.025785
25 26 0.0257041
25 27 0.0255424
25 28 0.0252998
25 29 0.024976
25 30 0.0245711
25 31 0.0240848
25 32 0.0235169
25 33 0.0228671
25 34 0.0221352
25 35 0.0213209
25 36 0.0204239
25 37 0.0194437
25 38 0.01838
25 39 0.0172323
25 40 0.0160002
25 41 0.0146832
25 42 0.0132809
25 43 0.0117928
25 44 0.0102182
25 45 0.00855676
25 46 0.00680782
25 47 0.00497086
25 48 0.0030453
25 49 0.00103056
25 50 -0.000350594

