25 1 0.0025319
25 2 0.00411745
25 3 0.00561777
25 4 0.00703475
25 5 0.00837028
25 6 0.00962617
25 7 0.0108042
25 8 0.0119062
25 9 0.0129338
25 10 0.0138886
25 11 0.0147722
25 12 0.0155861
25 13 0.0163317
25 14 0.0170104
25 15 0.0176232
25 16 0.0181714
25 17 0.0186561
25 18 0.0190781
25 19 0.0194382
25 20 0.0197373
25 21 0.0199758
25 22 0.0201542
25 23 0.020273
25 24 0.0203323
25 25 0.0203323
25 26 0.020273
25 27 0.0201542
25 28 0.0199758
25 29 0.0197373
25 30 0.0194382
25 31 0.0190781
25 32 0.0186561
25 33 0.0181714
25 34 0.0176232
25 35 0.0170104
25 36 0.0163317
25 37 0.0155861
25 38 0.0147722
25 39 0.0138886
25 40 0.0129338
25 41 0.0119062
25 42 0.0108042
25 43 0.00962617
25 44 0.00837028
25 45 0.00703475
25 46 0.00561777
25 47 0.00411745
25 48 0.0025319
25 49 0.000859206
25 50 -0.000293468

