25 1 0.00168384
25 2 0.0027078
25 3 0.00365221
25 4 0.0045212
25 5 0.00531882
25 6 0.00604906
25 7 0.00671581
25 8 0.00732284
25 9 0.00787382
25 10 0.00837223
25 11 0.00882143
25 12 0.00922459
25 13 0.00958473
25 14 0.00990464
25 15 0.0101869
25 16 0.010434
25 17 0.010648
25 18 0.010831
25 19 0.0109845
25 20 0.0111102
25 21 0.0112093
25 22 0.0112827
25 23 0.0113312
25 24 0.0113553
25 25 0.0113553
25 26 0.0113312
25 27 0.0112827
25 28 0.0112093
25 29 0.0111102
25 30 0.0109845
25 31 0.010831
25 32 0.010648
25 33 0.010434
25 34 0.0101869
25 35 0.00990464
25 36 0.00958473
25 37 0.00922459
25 38 0.00882143
25 39 0.00837223
25 40 0.00787382
25 41 0.00732284
25 42 0.00671581
25 43 0.00604906
25 44 0.00531882
25 45 0.0045212
25 46 0.00365221
25 47 0.0027078
25 48 0.00168384
25 49 0.000576139
25 50 -0.000199101

