25 1 0.00244698
25 2 0.00397629
25 3 0.00542092
25 4 0.006783
25 5 0.00806462
25 6 0.00926781
25 7 0.0103946
25 8 0.0114469
25 9 0.0124266
25 10 0.0133356
25 11 0.0141755
25 12 0.0149481
25 13 0.0156549
25 14 0.0162974
25 15 0.0168769
25 16 0.0173948
25 17 0.0178521
25 18 0.01825
25 19 0.0185893
25 20 0.0188708
25 21 0.0190952
25 22 0.019263
25 23 0.0193747
25 24 0.0194305
25 25 0.0194305
25 26 0.0193747
25 27 0.019263
25 28 0.0190952
25 29 0.0188708
25 30 0.0185893
25 31 0.01825
25 32 0.0178521
25 33 0.0173948
25 34 0.0168769
25 35 0.0162974
25 36 0.0156549
25 37 0.0149481
25 38 0.0141755
25 39 0.0133356
25 40 0.0124266
25 41 0.0114469
25 42 0.0103946
25 43 0.00926781
25 44 0.00806462
25 45 0.006783
25 46 0.00542092
25 47 0.00397629
25 48 0.00244698
25 49 0.000830862
25 50 -0.000284019

