25 1 0.00292454
25 2 0.00477013
25 3 0.00652791
25 4 0.00819877
25 5 0.00978357
25 6 0.0112832
25 7 0.0126984
25 8 0.0140301
25 9 0.0152789
25 10 0.0164458
25 11 0.0175314
25 12 0.0185364
25 13 0.0194614
25 14 0.0203071
25 15 0.021074
25 16 0.0217626
25 17 0.0223736
25 18 0.0229071
25 19 0.0233638
25 20 0.0237438
25 21 0.0240475
25 22 0.0242751
25 23 0.0244267
25 24 0.0245025
25 25 0.0245025
25 26 0.0244267
25 27 0.0242751
25 28 0.0240475
25 29 0.0237438
25 30 0.0233638
25 31 0.0229071
25 32 0.0223736
25 33 0.0217626
25 34 0.021074
25 35 0.0203071
25 36 0.0194614
25 37 0.0185364
25 38 0.0175314
25 39 0.0164458
25 40 0.0152789
25 41 0.0140301
25 42 0.0126984
25 43 0.0112832
25 44 0.00978357
25 45 0.00819877
25 46 0.00652791
25 47 0.00477013
25 48 0.00292454
25 49 0.000990259
25 50 -0.000337157

