25 1 0.0027373
25 2 0.00445889
25 3 0.00609389
25 4 0.00764369
25 5 0.00910962
25 6 0.010493
25 7 0.0117951
25 8 0.0130173
25 9 0.0141606
25 10 0.0152264
25 11 0.0162156
25 12 0.0171295
25 13 0.017969
25 14 0.018735
25 15 0.0194284
25 16 0.0200501
25 17 0.0206008
25 18 0.0210812
25 19 0.0214918
25 20 0.0218332
25 21 0.0221058
25 22 0.02231
25 23 0.0224459
25 24 0.0225138
25 25 0.0225138
25 26 0.0224459
25 27 0.02231
25 28 0.0221058
25 29 0.0218332
25 30 0.0214918
25 31 0.0210812
25 32 0.0206008
25 33 0.0200501
25 34 0.0194284
25 35 0.018735
25 36 0.017969
25 37 0.0171295
25 38 0.0162156
25 39 0.0152264
25 40 0.0141606
25 41 0.0130173
25 42 0.0117951
25 43 0.010493
25 44 0.00910962
25 45 0.00764369
25 46 0.00609389
25 47 0.00445889
25 48 0.0027373
25 49 0.000927764
25 50 -0.000316323

