25 1 0.00279207
25 2 0.00454992
25 3 0.00622084
25 4 0.00780604
25 5 0.00930674
25 6 0.0107241
25 7 0.0120593
25 8 0.0133135
25 9 0.0144877
25 10 0.015583
25 11 0.0166005
25 12 0.017541
25 13 0.0184055
25 14 0.0191948
25 15 0.0199097
25 16 0.020551
25 17 0.0211193
25 18 0.0216153
25 19 0.0220393
25 20 0.022392
25 21 0.0226737
25 22 0.0228847
25 23 0.0230253
25 24 0.0230955
25 25 0.0230955
25 26 0.0230253
25 27 0.0228847
25 28 0.0226737
25 29 0.022392
25 30 0.0220393
25 31 0.0216153
25 32 0.0211193
25 33 0.020551
25 34 0.0199097
25 35 0.0191948
25 36 0.0184055
25 37 0.017541
25 38 0.0166005
25 39 0.015583
25 40 0.0144877
25 41 0.0133135
25 42 0.0120593
25 43 0.0107241
25 44 0.00930674
25 45 0.00780604
25 46 0.00622084
25 47 0.00454992
25 48 0.00279207
25 49 0.000946043
25 50 -0.000322417

